58
110.
130.
151.
237.
133
280
254
278
250
250
1208
250
277
444
411
319
271
381
300
250
239
280
249
241
248
428
240
380
248
368
389
531
518
250
310
319
240
239
260
310
243
429
290
250
281
300
1139
250
381
342
268
258
250
281
242
261
270
320
520
380
268
250
310
273
648
309
258
270
290
238
600
1163
243
260
270
239
270
270
320
250
249
240
250
247
277
310
389
349
260
250
351
569
250
250
250
299
260
290
250
240
240
240
251
280
262
369
300
270
363
330
340
250
291
269
400
351
319
239
239
240
241
290
360
302
339
245
312
1190
268
241
260
281
480
281
342
340
247
245
241
240
249
260
360
509
360
246
270
258
241
242
259
249
401
320
240
239
250
271
251
241
248
361
250
252
329
249
240
302
291
250
370
301
301
1078
250
240
239
279
251
260
249
259
402
330
260
1220
240
390
249
340
351
391
470
267
252
260
240
260
258
257
258
260
412
290
259
240
241
249
242
238
253
280
545
381
320
560
261
250
241
240
240
282
300
291
241
430
290
1470
522
480
510
300
269
391
359
270
271
290
298
261
250
262
240
251
343
472
291
339
261
440
280
350
248
261
270
249
298
350
298
301
353
1152
261
280
400
1041
258
270
260
275
241
240
351
280
238
670
273
420
290
630
280
309
248
240
239
240
251
371
278
641
279
261
251
239
238
240
428
280
330
351
329
241
243
239
271
240
251
321
239
313
269
250
248
261
260
260
248
240
290
280
489
260
382
1399
270
240
531
499
450
331
261
290
250
279
280
262
290
240
252
239
290
330
508
290
281
460
578
324
379
242
261
261
259
250
271
250
290
241
280
250
330
261
340
240
239
260
300
651
250
411
370
249
280
449
280
280
241
249
248
290
239
243
289
340
309
299
320
249
250
250
238
792
249
270
270
281
290
251
239
240
240
261
290
337
299
600
300
1090
321
329
241
269
252
240
251
319
251
253
240
239
277
984
360
300
609
250
240
269
561
256
370
331
470
1100
250
239
350
273
358
332
261
239
240
269
239
761
271
330
238
299
250
270
240
240
240
249
441
279
238
239
308
258
272
260
242
271
239
280
259
400
470
240
350
311
321
499
250
240
280
239
300
252
388
391
316
321
521
240
240
309
254
384
453
290
270
420
301
238
330
242
301
252
312
449
301
239
240
239
410
512
308
312
321
363
279
450
251
246
260
240
290
242
252
240
321
382
268
381
251
389
239
360
437
241
240
300
240
310
256
270
382
261
241
251
300
280
300
410
332
243
280
290
306
290
280
280
268
311
239
248
259
251
240
260
290
241
279
799
240
250
278
279
260
279
240
260
449
282
288
270
249
251
259
290
281
280
270
251
250
259
240
259
249
260
249
311
312
271
330
372
300
259
320
259
280
241
257
239
260
371
401
300
310
238
262
380
651
245
248
252
280
298
290
258
250
290
243
259
269
310
351
243
330
258
462
409
251
282
250
240
1180
351
321
291
240
242
1109
259
278
239
310
238
311
289
302
241
253
238
239
371
758
260
271
371
249
298
240
331
360
281
241
251
241
259
250
309
331
269
240
250
279
250
268
260
350
349
321
240
411
341
270
269
371
388
460
439
250
250
241
269
240
270
249
360
279
239
270
238
280
269
261
259
391
281
430
270
250
1080
309
400
1212
1136
450
320
281
241
1901
260
310
360
310
240
256
252
270
360
372
459
242
300
309
410
299
429
290
271
251
241
249
250
271
279
249
250
260
430
289
249
239
351
270
239
3150
279
241
259
241
248
278
290
300
249
242
240
271
342
520
311
309
243
271
312
351
250
318
241
240
247
240
270
239
240
321
390
428
240
418
251
291
249
259
350
250
250
301
269
301
273
279
249
400
300
359
280
312
492
261
272
480
238
269
241
240
250
238
260
319
271
312
239
242
271
240
261
301
240
290
312
249
310
410
370
452
269
552
271
290
270
240
270
239
241
240
240
241
270
241
260
280
301
240
290
258
340
261
502
278
241
260
241
671
361
300
251
430
309
239
251
240
243
250
250
259
260
239
410
350
350
249
351
290
660
241
319
261
290
761
249
240
263
252
280
286
339
398
428
290
332
239
270
267
288
312
240
790
260
249
240
250
289
239
260
371
260
289
240
350
310
650
250
270
240
240
271
310
350
259
249
240
330
260
262
299
250
271
330
455
248
310
250
311
340
290
249
240
290
1209
260
291
351
240
240
309
299
258
241
240
310
250
250
260
260
250
242
351
329
1210
250
259
310
250
448
241
340
500
739
241
290
272
400
551
270
418
349
560
250
388
509
320
240
313
241
310
350
248
260
264
250
250
260
249
240
238
349
340
349
393
250
270
349
261
330
420
311
408
258
371
270
290
238
330
248
250
311
249
280
432
298
269
280
289
238
270
1151
390
260
470
330
270
330
280
241
239
421
312
322
269
320
260
511
240
289
279
270
251
242
249
249
564
561
260
243
240
240
250
252
249
260
261
269
250
323
249
251
260
310
291
309
249
240
290
309
291
250
240
290
239
258
260
380
350
290
252
238
298
511
262
268
249
274
280
250
379
360
268
550
290
250
361
330
251
250
480
241
260
241
251
321
370
310
699
330
350
250
259
259
389
253
280
259
321
350
250
239
359
290
249
239
339
401
1170
278
309
260
281
418
360
269
262
240
239
250
250
269
350
240
238
300
380
340
310
251
249
260
329
293
249
249
250
241
259
260
510
351
380
240
502
250
493
261
311
250
399
241
259
260
261
240
260
258
280
424
492
419
261
279
391
359
270
300
248
239
1161
460
611
1099
359
1060
300
2170
1201
1240
259
3120
344
401
1090
241
241
238
270
251
470
342
482
239
300
341
370
308
442
271
240
270
260
240
260
250
259
250
241
248
263
428
509
309
240
241
1109
239
240
250
650
320
250
330
269
240
240
240
280
270
242
240
249
290
290
690
238
251
300
352
322
291
268
331
270
262
240
241
243
271
239
291
252
320
251
240
241
341
1161
259
1310
278
320
350
290
240
241
270
271
240
301
371
289
351
279
622
250
260
340
740
241
259
241
250
248
263
260
240
241
239
269
258
278
260
281
309
309
422
471
240
400
268
412
329
280
251
252
279
260
241
261
299
249
370
470
309
260
261
241
611
240
268
270
289
420
512
360
240
240
398
250
240
302
1102
266
321
319
347
520
321
298
261
240
239
270
1097
251
290
242
240
240
242
1122
247
250
260
240
301
270
240
260
310
720
299
260
360
350
330
240
250
260
251
370
313
280
250
240
269
268
381
769
239
271
512
290
621
300
240
261
365
351
280
250
271
238
519
469
350
239
290
270
259
240
288
249
310
270
251
251
242
269
369
262
319
409
650
239
351
331
269
260
260
239
310
248
420
342
339
369
560
352
402
300
261
238
250
239
343
278
292
1200
240
239
239
242
283
269
241
311
500
580
258
428
760
401
920
340
338
341