46
110.
130.
151.
231.
133
350
308
249
360
232
269
630
259
289
351
250
301
278
261
260
249
290
260
369
428
248
352
310
350
261
242
240
260
240
241
411
234
350
549
512
1010
320
290
237
288
238
240
232
249
246
239
239
280
298
320
388
340
252
499
241
351
350
462
237
249
311
248
263
334
345
268
356
361
361
550
272
242
241
261
240
240
252
460
300
288
250
286
265
232
276
303
268
308
269
300
242
242
259
311
251
1149
261
262
244
280
258
234
237
352
241
291
281
249
239
252
251
251
311
379
372
240
234
249
522
570
339
238
250
261
232
246
360
233
250
259
241
342
239
239
390
549
489
240
487
300
312
238
248
238
260
1157
242
341
1049
283
278
234
239
257
233
245
1159
271
250
233
269
249
240
320
374
250
341
340
251
232
349
607
310
247
259
239
271
242
235
238
240
281
252
361
258
261
257
300
370
263
293
332
234
252
261
410
324
360
596
279
256
236
244
239
249
282
236
267
239
249
240
239
394
296
270
298
237
264
316
259
331
261
262
240
239
580
239
290
250
328
47307
256
241
242
235
286
431
350
235
240
251
237
260
300
400
291
259
243
290
331
280
289
281
550
270
240
279
290
432
250
237
239
260
238
249
291
253
240
320
439
308
1050
430
240
330
330
251
270
241
250
430
249
270
261
282
279
351
232
302
280
240
238
261
329
389
280
260
243
240
273
278
260
241
271
302
250
337
308
240
449
771
360
257
243
429
258
248
318
1240
411
310
462
260
237
238
240
258
247
249
579
437
571
1100
320
282
327
310
298
260
309
280
242
240
260
250
300
250
518
242
361
250
291
413
332
261
258
239
309
339
330
240
300
239
251
331
1117
244
239
240
242
249
271
261
281
727
319
432
428
331
240
290
241
270
251
239
258
320
260
289
246
260
1099
280
411
338
250
279
349
1180
270
281
268
272
260
251
247
261
310
407
262
241
251
299
411
280
271
380
329
439
248
240
281
281
280
248
240
240
521
300
310
369
569
360
370
239
251
240
419
331
340
260
281
349
238
250
234
360
298
249
570
360
250
300
242
249
371
260
268
351
270
250
252
260
250
250
608
268
240
281
300
420
280
390
248
502
249
311
421
232
256
360
281
291
310
240
280
269
242
349
322
400
237
244
341
413
239
241
244
238
239
1120
283
259
232
1111
239
450
311
379
339
258
361
261
338
251
240
280
320
250
238
341
429
255
259
269
241
235
237
284
289
248
268
246
330
272
371
344
282
250
247
259
250
341
378
271
240
307
261
331
1159
344
240
259
1420
311
1140
238
238
1087
259
252
258
258
274
243
289
250
239
282
336
242
319
309
358
1226
253
482
246
232
470
456
239
241
240
246
235
236
284
250
238
271
234
272
240
275
232
323
392
260
454
238
232
242
261
242
232
356
236
247
237
271
260
241
242
242
253
250
328
288
240
240
246
264
254
251
233
240
310
387
281
336
285
353
372
388
277
238
326
240
234
241
240
306
259
330
241
237
249
234
240
232
262
233
370
270
236
256
232
297
284
288
309
291
332
269
232
310
308
371
300
252
330
438
272
243
251
300
239
268
274
249
239
238
252
285
292
240
416
322
340
362
268
374
309
311
337
251
250
240
237
301
274
409
435
348
239
274
232
260
232
239
233
270
418
331
321
387
330
249
240
251
239
258
301
312
240
1130
240
239
270
239
271
260
239
260
420
319
271
370
370
242
232
271
234
249
381
310
280
396
321
280
291
241
309
250
271
241
269
241
260
240
291
312
249
340
473
250
364
380
238
252
261
260
238
240
232
239
250
239
239
425
430
270
332
370
520
240
309
290
249
232
280
360
561
249
232
317
401
434
390
279
250
241
259
305
268
271
390
311
251
319
284
599
321
269
260
267
259
248
242
381
319
249
242
330
259
250
288
280
241
260
242
321
270
331
250
260
360
251
311
1081
300
248
250
240
272
851
233
233
271
241
408
1110
290
240
1139
290
251
262
283
238
1421
240
259
251
479
260
251
240
242
279
235
268
402
238
360
238
289
280
280
239
260
235
291
241
239
250
335
518
379
359
341
440
280
420
409
260
353
341
240
389
270
452
350
280
238
1210
279
341
299
241
261
240
290
431
631
268
332
258
360
324
310
310
240
234
259
290
520
271
421
260
272
238
349
243
441
239
660
342
308
249
350
351
259
251
242
270
260
249
339
300
270
410
400
340
400
369
292
238
320
308
351
241
270
239
240
250
451
340
301
428
313
442
237
261
232
252
240
560
334
241
363
239
303
332
321
247
252
270
234
242
241
321
411
320
319
249
399
247
271
270
270
1123
404
290
251
238
321
1110
312
249
330
340
331
257
1145
1133
280
289
331
299
261
411
247
292
321
287
239
1111
264
300
240
259
266
260
240
295
240
402
266
291
291
249
503
237
239
350
249
294
600
309
310
235
248
248
240
246
281
255
268
241
234
438
260
1130
286
251
239
280
273
240
328
379
316
284
269
361
329
242
239
255
232
239
348
236
235
271
290
258
271
239
250
299
270
338
251
238
271
270
378
241
260
263
310
1101
270
359
360
245
1134
253
290
318
430
272
258
321
258
254
239
234
239
241
249
259
430
272
308
310
260
301
351
238
293
275
279
1108
249
245
1110
428
1139
501
328
242
330
365
246
236
269
382
1222
1069
250
308
251
236
262
241
268
232
281
245
280
255
258
361
238
246
255
240
429
232
278
298
304
255
360
232
244
320
260
366
301
241
1141
270
242
370
237
258
232
249
1340
234
259
260
360
266
259
239
270
301
291
371
420
279
319
259
258
238
289
289
249
233
322
300
282
240
238
249
1149
250
300
1208
252
249
322
239
240
310
370
338
300
331
338
568
240
241
238
241
240
232
1079
249
238
238
439
290
310
340
351
238
260
238
423
260
250
247
232
252
291
272
350
240
260
1240
261
351
389
240
271
240
273
373
280
240
240
312
390
522
361
510
260
269
250
560
241
330
239
274
237
450
360
350
270
288
245
240
251
250
243
242
290
270
302
260
233
241
378
240
251
380
322
302
271
250
349
260
370
267
280
360
251
260
260
292
281
291
509
351
310
240
510
329
251
232
270
250
340
330
249
390
339
350
412
430
271
248
250
239
249
240
236
379
309
428
282
263
270
401
330
240
270
379
1090
1070
407
460
431
1070
469
270
320
250
421
250
360
1148
1110
239
1170
280
331
279
240
251
250
310
470
242
259
291
254
379
310
260
240
237
232
280
509
259
310
309
399
240
280
237
249
270
260
290
458
320
1259
351
419
290
262
232
239
239
241
250
239
360
350
291
234
240
489
280
341
287
270
240
280
240
391
303
320
249
260
249
452
589
280
427
340
359
250
412
381
361
650
281
339
350
541
261
320
1671
240
1321