48
101.
110.
120.
171.
112
7247
187
257
202
186
186
175
173
196
209
172
172
183
190
173
178
339
232
339
271
221
310
350
209
273
183
180
199
183
187
180
301
360
1151
220
271
259
183
172
176
179
191
191
198
172
176
247
190
374
218
190
172
251
219
350
310
212
179
180
200
191
215
172
189
181
197
227
211
761
219
201
261
176
251
180
191
179
218
201
331
281
179
176
211
360
242
269
221
172
183
173
280
182
181
172
211
301
380
527
190
176
180
178
180
174
173
221
184
239
212
277
231
212
175
242
189
189
329
197
181
191
205
174
239
188
219
179
210
181
188
230
200
290
369
551
172
200
391
330
199
187
180
1151
226
180
175
173
180
181
175
301
200
189
313
240
172
172
180
182
182
199
183
187
179
201
177
182
526
419
172
209
341
280
181
231
242
191
180
179
180
191
178
210
173
341
200
369
200
290
191
189
190
172
190
173
199
180
180
200
179
352
290
180
200
281
200
251
180
192
231
179
179
221
242
750
610
172
185
238
180
181
204
264
181
172
229
180
229
201
209
178
189
270
229
321
410
278
181
199
240
231
190
250
210
313
231
290
551
228
190
178
271
372
329
227
186
220
248
178
190
211
181
270
240
181
200
190
172
511
242
193
321
330
172
199
211
180
179
200
228
206
200
191
172
180
203
180
242
270
397
291
179
218
179
259
201
281
229
192
249
821
1481
174
240
180
180
240
219
281
220
178
182
209
178
179
202
183
230
172
211
339
312
199
242
270
219
282
178
188
233
207
220
180
201
190
178
211
179
184
199
189
181
178
175
172
179
211
181
291
249
188
185
411
389
329
188
179
211
240
202
180
207
210
199
211
190
249
229
359
341
172
199
267
198
179
183
191
181
220
182
190
343
217
340
190
229
173
190
189
183
199
200
178
180
181
178
261
210
301
280
742
659
179
172
231
1220
300
322
271
301
181
189
188
210
199
312
212
318
174
221
198
182
189
220
181
198
210
199
330
178
180
193
184
181
182
259
270
420
319
192
172
199
240
291
220
172
269
182
239
181
201
202
239
182
182
620
200
187
180
172
201
232
211
260
210
280
271
410
221
199
249
172
250
209
201
182
178
341
271
188