31
109.
130.
150.
241.
132
263
279
300
330
250
250
351
249
410
330
370
250
300
242
250
270
333
269
311
285
260
249
300
280
253
270
269
390
329
261
249
250
410
248
253
300
260
251
469
269
248
269
260
250
250
319
249
420
250
250
281
290
330
420
290
249
511
250
370
270
361
280
252
259
290
269
262
271
250
270
262
260
261
246
281
399
250
255
294
269
289
350
279
270
527
280
339
251
351
250
261
242
289
269
268
260
259
250
250
258
280
264
310
351
289
260
260
480
311
290
1178
303
260
299
339
432
242
281
459
292
422
251
242
252
249
250
479
279
339
320
470
300
310
261
253
249
250
250
330
490
1161
247
300
280
653
259
259
260
318
249
363
251
259
260
300
253
350
248
250
250
270
270
250
260
250
258
249
1093
360
270
281
479
242
258
400
1191
260
251
321
293
278
331
280
270
251
257
270
258
392
249
450
290
360
272
430
282
250
250
308
251
242
260
261
246
321
252
260
251
271
290
260
259
250
262
631
348
300
301
340
439
258
242
248
300
242
300
261
281
269
279
259
283
342
321
280
242
259
280
271
259
328
291
410
360
360
263
270
269
411
250
278
279
261
260
271
300
261
297
381
331
242
260
259
269
340
1071
272
242
251
279
329
520
430
360
318
280
300
290
270
270
281
242
249
279
341
381
260
494
250
246
260
248
258
271
281
250
319
299
329
391
360
300
271
249
250
268
261
259
252
260
370
600
251
270
312
330
280
281
353
290
259
260
321
749
251
273
251
269
291
351
269
261
249
250
247
260
259
243
242
391
290
268
470
360
340
370
331
269
300
261
242
253
269
243
276
349
300
261
290
260
350
298
458
339
243
269
310
251
270
270
430
270
361
327
331
261
248
243
268
281
570
374
574
568
260
290
290
299
439
293
268
280
280
280
499
440
281
250
333
311
248
269
279
261
439
501
313
270
249
291
370
359
270
280
390
509
370
342
329
262
381
281
250
243
320
342
287
390
250
310
251
250
271
249
251
503
261
280
540
260
300
289
362
351
518
390
248
298
273
249
252
261
258
450
290
270
300
269
279
262
252
260
249
250
261
314
270
410
370
252
269
270
319
350
264
319
310
300
278
270
249
255
300
259
270
279
329
249
300
340
331
520
271
269
248
250
351
290
249
290
269
251
393
287
248
291
249
271
289
261
249
279
270
259
271
251
272
1301
279
2166
389
291
249
288
250
268
268
278
351
391
259
361
1239
370
272
449
322
390
319
321
251
310
369
260
260
270
550
559
270
300
281
369
250
250
261
250
279
302
299
252
261
250
283
252
280
301
261
509
340
269
371
300
250
252
260
250
251
389
262
401
320
259
250
261
249
359
242
243
280
299
380
349
408
289
250
393
249
270
251
651
280
250
270
250
250
250
370
301
260
370
273
320
261
320
262
260
259
410
319
252
280
250
260
250
260
250
269
250
271
271
256
249
253
250
249
270
248
249
431
400
399
577
270
1229
270
310
351
409
609
282
280
349
281
247
252
249
259
952
291
272
291
289
260
250
250
258
290
310
542
330
430
300
460
260
321
410
249
1050
281
248
252
262
301
260
242
270
261
281
268
429
252
271
356
601
249
245
249
410
290
340
331
277
245
261
272
269
250
251
291
280
252
280
272
310
451
310
260
245
330
410
502
380
249
282
279
252
250
250
242
258
291
260
421
339
321
450
243
301
270
251
251
250
479
248
250
260
275
250
251
249
369
291
460
277
440
250
249
370
369
250
260
370
349
570
301
249
260
259
279
340
270
252
262
291
249
272
244
294
250
250
249
256
279
300
420
370
249
360
282
278
289
280
341
249
270
280
260
279
248
281
271
269
260
262
251
271
261
279
370
510
249
332
270
252
243
271
269
253
279
289
309
320
261
274
412
271
291
261
251
250
281
249
359
320
508
320
252
243
328
300
269
260
250
362
372
320
268
350
262
271
258
372
491
640
260
260
252
249
289
260
251
242
280
251
310
271
448
311
272
300
258
330
380
390
330
271
262
400
290
252
282
249
429
299
678
289
361
272
330
258
273
280
250
242
250
250
250
251
341
287
401
409
301
248
250
250
259
331
370
548
250
1217
252
281
1100
251
379
252
272
263
338
542
290
360
559
569
270
289
290
350
370
263
511
329
248
262
269
350
290
280
249
290
250
272
330
248
378
310
262
249
251
319
380
390
270
270
247
261
251
260
270
249
290
350
330
400
301
260
260
263
260
253
329
410
319
541
260
360
251
261
280
299
299
258
270
259
310
310
269
261
289
339
271
253
391
370
249
1089
271
680
472
372
313
530
248
319
250
270
300
252
281
260
451
278
600
330
269
252
290
380
350
242
419
1141
261
301
300
410
311
271
439
270
269
250
281
320
360
279
259
261
341
242
359
339
311
252
252
310
270
310
350
439
407
310
262
263
460
260
249
259
262
270
290
410
244
402
289
421
388
250
320
331
410
349
250
249
261
270
269
260
248
419
257
280
270
249
249
243
261
468
350
372
261
271
279
250
250
280
248
271
273
279
250
281
252
261
269
309
250
271
289
329
300
290
339
291
259
312
280
360
242
249
250
470
329
250
259
270
257
269
360
1299
242
283
279
250
270
280
271
320
249
340
253
248
354
289
251
275
449
322
271
310
259
300
279
281
300
249
281
249
280
252
409
410
250
291
271
249
269
350
331
340
260
313
319
250
252
307
610
269
341
279
270
269
300
250
281
250
259
250
420
271
431
330
288
267
250
350
321
260
251
249
269
249
250
281
281
470
290
250
250
290
270
271
251
262
769
269
271
287
250
280
421
283
260
251
269
271
249
332
270
269
271
264
250
1241
258
272
262
247
268
250
281
251
280
361
361
252
278
488
259
280
249
249
279
287
249
251
252
271
242
269
260
488
249
288
272
330
242
247
312
391
250
331
390
330
293
250
250
310
261
251
250
251
259
450
289
270
249
409
311
300
252
250
309
263
250
330
311
253
261
311
350
321
256
251
250
321
419
262
520
280
260
391
342
252
259
270
242
371
380
439
270
271
269
400
259
246
278
260
410
331
361
280
289
242
281
251
360
340
301
268
242
242
292
290
439
266
302
290
259
258
371
490
250
409
288
340
261
312
449
379
481
268
330
259
249
281
381
280
408
270
267
342
330
249
259
260
400
279
270
333
251
270
409
341
248
249
248
260
250
299
312
264
380
330
259
279
310
259
272
259
261
250
258
242
279
308
531
250
290
250
259
310
250
250
249
249
340
320
399
250
289
410
320
391
270
249
262
260
419
349
329
260
270
250
250
271
251
309
321
300
266
290
251
248
260
269
269
259
271
460
290
260
248
329
332
282
429
250
261
244
252
250
759
259
362
268
290
250
381
309
261
281
290
288
280
249
260
272
249
271
356
281
310
289
250
451
247
250
261
340
259
291
451
349
271
280
448
419
289
540
249
286
251
301
290
280
259
250
320
1079
251
243
269
360
350
1100
249
431
400
242
250
250
277
311
402
478
270
269
258
269
280
429
428
260
361
350
320
359
271
250
260
250
250
265
260
249
280
251
242
248
280
250
259
248
290
380
410
290
340
360
268
270
311
260
250
250
260
250
250
270
312
242
260
259
267
262
280
379
340
351
255
282
370
480
300
281
269
272
361
429
260
291
411
268
259
251
272
249
261
289
250
441
359
311
1790
250
280
260
290
261
259
250
328
320
250
291
260
244
251
270
409
350
400
260
300
260
302
261
256
300
280
400
480
290
489
531
252
301
340
330
251
261
252
249
317
259
259
271
299
290
251
312
306
391
321
850
265
380
341
288
260
249
257
251
258
269
290
549
521
470
307
309
648
281
260
298
351
263
281
330
379
370
409
280
268
260
310
308
332
279
260
260
400
302
250
390
259
392
259
270
248
269
340
269
263
260
309
252
280
260
247
331
362
300
261
419
638
381
320
249
250
258
249
251
286
262
248
249
341
367
501
292
270
248
253
304
262
310
300
248
300
280
250
242
269
280
250
250
250
279
300
299
540
250
249
250
269
332
299
300
310
701
249
270
291
259
269
301
251
250
279
299
258
280
250
245
391
1251
289
268
292
279
260
351
382
291
270
252
291
281
269
340
330
254
249
288
381
479
251
258
250
269
250
269
390
321
330
380
322
311
428
269
1261
389
399
540
480
261
370
313
280
270
371
260
301
341
341
243
310
360
340
290
409
258
331
349
320
248
270
331
271
280
311
313
250
281
330
252
580
400
290
290
289
562
249
249
310
321
249
250
329
251
260
249
300
278
522
290
280
390
270
260
301
249
280
340
371
1251
339
249
280
310
350
262
250
290
291
250
271
249
248
291
389
279
312
248
270
320
310
279
261
271
300
300
248
270
262
259
458
321
279
270
341
311
381
249
242
279
271
249
260
290
249
289
450
330
339
319
279
302
559
310
260
280
260
290
371