49
101.
110.
120.
177.5
112
540
250
261
279
231
179
198
220
180
250
268
271
220
190
259
1191
192
219
181
382
197
190
190
181
181
181
361
360
319
179
191
231
188
291
209
329
200
178
200
262
230
269
368
181
200
181
186
208
198
339
782
219
261
221
201
219
281
750
180
189
182
179
182
210
181
198
260
293
399
680
731
219
180
220
270
208
219
180
179
191
181
210
191
313
298
181
190
280
220
329
207
202
259
179
178
180
209
189
230
181
269
430
322
179
181
178
181
191
180
220
230
201
190
181
180
191
181
190
181
260
261
312
199
190
180
180
178
220
261
268
239
180
1201
181
188
193
198
196
190
181
190
179
211
180
190
180
180
190
179
181
181
180
181
199
179
178
190
182
181
180
180
240
370
229
181
228
210
180
210
261
182
291
191
190
211
179
181
181
191
192
181
180
181
180
181
179
179
191
189
178
183
199
191
180
259
241
179
230
334
207
349
320
182
182
179
190
180
189
181
262
181
189
180
180
240
191
190
180
382
390
341
180
181
202
218
191
400
179
180
190
200
180
181
181
187
181
200
178
190
190
181
191
182
190
192
188
261
431
200
180
301
279
240
199
180
200
190
181
181
191
181
180
181
222
219
213
259
241
291
232
199
181
179
191
181
201
180
181
179
322
239
292
308
200
390
351
410
182
190
180
179
210
221
191
210
189
179
1071
180
201
323
182
203
180
202
179
200
321
210
261
190
199
219
200
210
181
191
189
188
179
181
181
209
211
179
193
181
220
270
339
178
1112
179
183
181
180
179
770
359
211
200
220
180
181
201
188
221
219
210
229
200
358
193
200
179
188
189
221
308
351
211
180
180
189
180
190
549
210
311
321
194
181
188
188
191
179
189
194
212
180
202
190
1072
213
217
329
190
178
181
191
178
179
180
261
751
210
363
180
180
190
179
1221
191
180
189
553
178
188
191
254
180
201
200
211
220
290
208
431
191
193
180
211
230
261
189
351
311
181
181
179
191
202
180
179
179
180
210
522
190
179
180
194
191
411
238
199
221
390
213
322
328
180
243
181
220
503
240
191
320
231
179
381
301
199
240
180
191
178
182
193
182
220
209
179
211
360
179
280
311
280
191
361
341
190
197
182
181
417
210
511
193
260
240
180
332
279
259
311
200
180