80.
109.
120.
139.
300.
131
79
79
78
70
70
79
69
79
79
79
79
79
79
79
79
70
79
79
71
302
79
79
79
79
79
79
79
79
79
79
310
79
79
70
79
79
79
79
70
79
79
79
79
79
78
70
79
79
79
71
79
340
79
70
79
79
79
79
79
79
78
79
71
79
79
79
79
79
79
79
79
69
79
79
79
70
79
79
79
79
79
79
79
79
79
79
79
79
79
79
79
79
79
79
79
79
79
79
70
79
78
360
79
79
70
327
79
320
320
320
79
301
79
79
319
79
310
301
309
79
310
310
79
79
79
309
349
79
349
360
371
350
389
360
469
412
380
320
318
320
360
310
349
340
79
330
301
419
319
79
310
320
329
310
301
349
310
309
78
390
302
301
79
307
310
311
309
79
70
321
79
321
79
310
329
359
309
320
349
301
360
301
310
359
320
320
79
379
79
410
309
321
310
330
331
309
311
310
320
309
301
338
301
350
79
309
349
379
338
331
79
302
309
321
309
329
79
360
310
320
321
329
78
330
310
330
339
310
329
79
302
321
330
79
331
301
79
360
301
301
311
380
351
370
319
309
1131
310
329
301
360
369
320
320
379
309
311
339
349
350
320
79
301
340
421
309
329
360
320
310
301
71
330
311
319
320
320
391
341
330
311
301
328
420
301
318
341
371
321
320
350
350
319
329
350
339
311
319
319
310
361
380
309
319
319
319
79
350
320
320
79
330
301
360
341
329
384
390
79
329
319
359
320
319
330
301
339
309
310
310
349
301
310
1172
309
310
310
328
340
310
79
330
330
320
310
301
321
309
319
79
319
329
329
340
370
329
370
320
79
321
339
329
330
361
301
311
330
330
309
330
363
320
339
301
339
320
340
311
319
321
390
340
330
320
329
349
379
608
350
350
350
319
311
350
340
400
480
321
308
370
330
311
369
331
321
341
320
309
301
311
331
339
330
333
320
340
70
309
329
340
321
310
350
309
309
319
79
308
349
340
320
309
310
350
340
308
380
329
449
310
309
321
79
330
330
310
380
319
379
320
320
320
330
321
308
320
502
70
320
330
71
370
330
350
341
329
319
301
318
310
309
304
319
319
341
312
310
339
319
339
309
309
360
309
331
331
341
319
330
309
309
309
79
410
349
320
309
320
330
310
309
310
318
320
309
311
79
330
329
301
340
311
310
341
391
401
380
301
310
320
319
400
320
339
339
70
79
302
309
350
320
390
310
330
361
319
310
308
330
79
330
70
329
319
302
319
340
318
79
321
310
380
340
309
309
79
359
319
339
350
310
320
301
312
79
301
311
370
320
355
320
79
310
360
301
301
321
311
360
329
301
309
340
348
330
340
320
370
339
329
320
310
359
310
350
312
340
329
301
319
321
360
319
79
311
310
310
441
301
309
330
359
360
309
79
309
340
319
370
311
381
321
351
320
381
320
361
307
329
309
390
340
319
500
329
350
340
79
301
311
341
370
319
310
369
320
330
329
328
320
309
310
329
320
310
308
308
350
360
310
330
319
310
309
349
331
311
310
329
320
320
310
320
302
309
310
310
301
310
310
388
316
359
380
339
79
1149
79
320
360
310
329
310
311
350
340
309
310
301
329
301
319
360
341
429
321
319
340
341
301
310
350
479
309
400
318
319
320
351
350
360
309
309
310
314
309
79
309
319
351
479
309
309
331
79
350
329
339
320
309
79
310
310
310
319
352
320
79
310
301
318
70
329
310
1110
331
310
79
79
309
79
419
79
351
79
310
319
79
319
329
310
310
310
330
340
79
370
329
310
318
319
320
340
340
332
350
310
339
310
350
301
79
310
338
320
301
341
371
70
319
319
330
320
310
320
79
310
369
321
320
319
309
320
301
312
330
303
79
320
340
320
340
321
330
330
311
370
301
311
319
310
310
329
320
79
301
329
349
330
329
321
401
341
319
331
321
310
301
309
319
79
301
310
319
351
315
331
309
330
320
411
311
330
311
350
310
321
321
320
79
349
311
320
320
351
310
1179
310
341
380
320
340
301
321
301
320
310
349
308
329
340
320
301
78
301
310
329
319
311
319
320
309
370
362
319
350
301
329
330
312
320
79
310
360
321
309
319
79
301
79
310
320
341
79
79
319
351
380
308
301
331
320
341
79
70
320
348
319
301
301
303
309
319
359
350
321
408
329
309
330
320
310
319
301
79
311
329
379
321
311
330
301
310
321
79
330
309
330
319
319
319
70
351
339
79
350
320
369
319
369
429
308
421
349
71
350
320
328
71
310
310
308
310
310
310
331
1081
310
430
319
340
79
330
79
339
339
340
79
320
320
309
310
359
79
79
320
320
339
79
386
308
319
350
351
309
391
79
321
318
79
79
310
79
330
329
309
310
401
330
351
79
330
310
309
310
310
312
399
330
301
321
319
310
320
347
310
320
301
79
310
79
309
311
330
310
319
320
320
340
310
1140
320
310
351
79
309
321
330
309
79
331
311
320
310
310
349
309
340
309
320
359
79
308
310
461
361
309
341
309
309
348
340
339
319
319
550
330
79
319
301
329
330
79
308
79
369
1270
319
340
79
330
320
310
309
79
79
309
79
79
371
330
79
320
311
71
350
308
79
352
351
350
79
319
320
301
79
348
310
419
330
508
311
310
370
340
309
79
79
338
79
79
310
309
330
320
309
79
1219
79
331
70
79
79
301
79
309
321
301
324
321
322
318
321
311
359
301
330
322
320
301
310
371
79
338
350
329
380
340
309
79
351
310
321
310
349
339
349
79
309
79
71
309
309
310
1145
308
330
79
311
320
79
310
309
311
358
369
309
353
79
321
309
319
307
349
309
321
329
71
330
319
310
330
309
309
79
309
301
319
79
330
340
79
310
79
311
319
79
330
330
339
309
79
330
358
79
319
341
320
320
318
79
349
79
719
312
79
310
79
79
301
79
360
310
307
410
301
341
301
320
310
350
310
320
310
329
321
331
340
370
79
79
310
79
311
330
321
419
1220
69
330
310
311
338
79
310
311
319
318
79
309
350
79
310
320
331
309
318
309
330
329
329
320
310
321
320
319
79
309
430
309
340
310
309
340
309
309
469
319
1289
329
310
390
310
301
310
309
309
301
340
312
329
309
308
319
329
308
325
301
470
310
350
319
439
339
1280
78
399
79
319
330
317
71
79
360
459
399
309
330
350
329
301
310
330
320
308
320
410
329
79
79
301
380
308
328
79
319
320
321
310
339
79
369
359
387
448
79
329
389
311
330
310
369
79
79
339
321
79
320
490
330
79
361
330
1299
319
350
359
79
320
420
310
349
301
390
311
370
1250
317
78
78
315
320
320
79
79
330
79
309
78
310
1129
311
380
374
320
309
379
340
79
328
311
331
310
79
79
320
330
451
309
79
79
341
330
331
79
450
309
79
79
310
79
79
311
309
301
79
70
79
310
320
79
349
339
312
79
349
320
79
79
330
360
330
330
310
79
309
319
79
309
330
409
79
309
330
79
316
79
310
79
78
351
79
301
1210
399
79
79
310
79
340
310
79
79
79
361
329
79
309
1119
320
451
79
310
79
479
79
337
79
311
1410
309
330
79
310
341
310
320
310
302
308
79
79
349
309
330
319
71
79
301
310
79
79
420
79
339
79
309
328
370
360
340
79
340
310
341
1190
309
79
320
339
1100
79
309
79
339
320
318
79
310
79
331
329
309
79
79
340
410
79
79
319
319
79
79
381
79
70
1158
79
79
409
409
330
79
79
79
79
79
1189
79
308
1179
359
419
338
330
311
310
1281
330
79
331
311
1080
79
79
79
331
1279
1110
79
329
79
310
350
309
79
320
310
440
79
79
312
79
79
79
69
79
79
331
340
79
350
71
79
79
79
79
339
79
79
520
79
79
428
79
79
310
70
79
78
308
1129
568
79
329
320
339
370
379
408
436
351
451
409
79
79
79
79
79
330
79
79
79
79
79
330
79
79
79
452
79
340
79
79
79
1141
1110
79
78
421
79
314
79
79
70
70
79
79
79
79
71
79
79
340
79
79
79
79
78
301
1180
79
79
79
449
70
79
79
79
309
521
329
79
309
79
79
350
79
78
312
79
301
79
79
360
79
349
79
329
79
79
79
370
78
349
79
320
70
79
330
79
79
79
330
309
79
320
79
79
79
310
79
79
329
79
471
431
71
78
349
310
69
79
79
308
309
79
322
338
79
398
380
390
360
339
360
309
368
350
79
79
79
319
451
79
79
79
79
79
350
420
79
1201
349
79
301
79
79
79
79
79
359
359
79
79
321
79
332
340
79
79
79
339
79
309
1120
78
79
79
70
311
79
79
79
1169
372
69
329
308
79
420
1150
79
79
339
620
320
331
480
79
79
79
79
319
70
69
79
301
318
1107
79
79
379
78
79
79
79
301
361
79
79
79
79
431
79
79
79
330
330
1297
386
321
389
79
79
79
319
79
79
1120
79
79
301
79
369
79
340
79
79
79
79
79
79
79
79
79
1160
309
360
79
79
79
79
330
79
320
70
1127
79
79
79
331
78
79
79
79
79
1130
79
79
79
79
79
321
79
78
320
79
79
79
79
79
1149
79
441
79
79
79
79
79
79
79
79
319
79
399
379
390
390
341
401
350
371
391
306
311
1150
78
70
79
1110
70
79
79
309
79
79
340
79
71
330
79
370
321
79
79
79
339
79
79
79
79
79
70
70
350
1120
70
431
79
79
1150
79
301
79
79
79
79
79
330
79
79
79
79
79
79
79
70
329
79
79
79
79
79
79
70
79
79
79
79
79
79
79
79
70
79
78
79
79
79
79
79
70
69
79
79
79
79
79
79
79
79
79
79
79
79
79
79
79
79
79
79
79
79
79
70
70
79
79
331
79
79
79
79
79
78
79
79
79
79
79
79
79
79
79
79
79
79
79
79
79
79
79
79
79
79
79
79
79
79
79
69
79
79
71
79
79
79
79
79
79
79
79
79
401
79
79
79
301
79
79
439
339
310
340
320
329
320
78
79
79
79
320
329
310
390
310
309
79
310
329
320
339
79
309
310
308
350
310
309
311
309
79
379
389
310
310
320
431
320
331
370
381
310
479
481
379
328
310
328
320
309
350
310
301
79
320
340
310
331
330
321
340
310
340
449
309
310
79
330
319
340
329
329
311
308
320
310
340
310
320
359
330
310
331
341
361
309
310
321
301
320
309
339
301
319
348
380
310
79
329
311
310
320
350
310
310
310
310
321
339
320
324
331
319
319
341
319
340
351
301
340
340
320
319
310
301
341
1208
319
350
330
331
351
320
350
340
311
301
310
309
310
309
380
320
349
331
349
330
360
340
310
320
309
310
321
311
330
330
330
319
329
301
340
310
310
310
331
390
311
320
79
341
340
331
331
322
319
320
330
330
321
339
316
310
301
350
320
319
329
341
389
316
330
369
79
309
360
360
309
370
311
330
350
341
339
330
309
320
79
320
321
301
308
79
330
320
340
321
301
330
319
78
359
69
303
301
319
340
321
330
70
70
315
328
392
310
340
309
309
310
79
309
360
349
330
340
350
310
311
320
322
321
320
330
360
349
359
371
359
370
348
309
380
361
319
321
380
331
410
330
349
351
380
330
336
329
330
1230
369
393
301
390
371
381
319
360
351
79
419
369
380
369
310
389
311
359
350
319
310
360
339
380
319
319
359
370
330
390
367
350
331
350
379
349
339
400
328
310
340
330
350
389
71
301
368
330
330
350
430
320
320
310
371
350
360
349
351
371
338
338
340
311
341
301
342
369
340
370
340
350
351
320
309
320
310
340
350
1171
310
321
370
320
79
330
310
301
319
310
360
331
340
359
370
343
370
332
340
330
350
340
331
350
349
331
379
362
331
319
429
320
379
350
369
349
429
330
320
339
332
321
339
330
310
330
350
488
322
309
320
359
341
302
310
359
311
330
379
341
399
320
79
328
370
359
330
320
341
380
330
540
350
391
79
301
337
350
361
330
310
319
321
370
339
79
320
339
320
330
329
320
350
79
309
340
317
340
320
310
320
341
310
399
310
311
79
309
349
321
360
320
310
380
339
340
340
350
310
1131
310
320
340
350
340
360
330
319
329
371
309
339
330
329
389
360
351
340
341
339
340
340
350
399
389
359
371
330
319
321
369
301
310
380
320
310
420
400
340
330
338
309
340
330
420
319
339
379
369
358
340
371
320
341
379
360
321
330
331
330
370
320
331
318
319
302
319
319
341
301
341
340
339
79
381
329
320
369
331
378
329
310
320
301
329
330
330
322
339
329
371
328
370
310
330
310
362
332
351
340
320
319
311
380
351
311
320
310
329
321
320
310
350
79
479
321
309
310
301
329
321
330
420
311
327
331
320
330
361
321
331
339
340
310
340
329
340
320
330
310
359
319
349
70
320
331
381
380
319
310
380
319
328
351
369
319
320
369
329
320
310
330
359
390
71
330
329
318
79
309
310
350
321
350
310
321
330
370
350
380
329
329
320
349
340
330
319
320
338
311
320
319
340
79
79
301
310
301
310
79
350
420
310
309
390
320
331
320
309
329
330
309
361
359
340
319
330
340
351
301
340
309
330
301
331
311
310
320
380
340
319
311
378
350
309
341
1160
320
71
302
310
329
330
350
380
359
79
329
310
310
320
360
340
330
311
368
78
301
341
318
318
329
349
309
331
328
320
310
379
331
340
329
359
312
331
340
301
329
378
310
409
330
301
330
341
340
430
340
370
310
310
370
350
311
311
390
330
331
320
390
308
309
320
351
361
368
320
301
320
341
360
320
321
409
349
321
310
329
320
350
340
301
309
310
330
309
360
331
310
340
448
301
79
310
303
361
351
330
79
350
388
320
380
339
350
309
302
330
329
319
330
320
320
369
320
410
321
319
320
319
79
319
341
328
311
320
360
390
399
310
310
311
319
400
309
310
369
450
1079
310
320
330
350
501
331
350
330
79
429
310
329
301
320
331
360
310
340
329
349
341
79
351
321
330
309
311
320
330
350
349
339
380
79
330
311
331
320
340
320
339
329
78
309
320
310
79
310
539
340
390
431
310
330
301
309
310
411
331
310
349
370
329
310
318
79
311
321
310
309
312
339
320
348
79
330
71
308
331
390
311
311
330
330
340
350
1171
331
340
79
380
398
401
331
350
331
380
79
330
340
359
359
339
310
310
311
311
340
312
301
370
330
320
320
309
308
329
310
350
330
321
331
340
360
350
330
340
71
326
360
319
79
359
320
361
350
340
329
310
339
320
310
320
349
319
310
79
310
331
358
320
301
78
311
310
301
319
349
70
1088
329
301
330
360
320
518
319
349
79
320
369
310
321
319
350
351
341
330
320
329
311
378
320
310
329
309
320
301
350
350
321
361
370
340
380
329
79
320
320
340
370
329
360
321
318
309
319
351
329
381
320
320
309
301
312
320
310
360
350
310
339
319
314
320
79
330
79
311
329
310
320
310
341
360
361
310
319
320
331
310
369
320
79
364
310
411
520
330
309
70
321
330
309
309
320
79
320
320
340
353
310
310
359
351
341
320
321
360
350
309
331
330
79
301
340
358
79
339
360
352
310
310
340
321
318
312
301
342
329
320
331
319
330
79
461
339
331
311
330
309
330
360
330
311
329
302
349
351
311
79
329
301
320
350
79
360
310
69
329
319
330
79
79
340
318
340
340
310
320
340
79
370
321
1229
310
301
79
309
301
309
339
310
329
339
319
311
339
79
399
390
321
350
399
308
319
1229
320
320
380
360
360
330
320
79
301
338
321
309
310
331
310
1136
349
349
339
410
329
390
360
329
320
370
330
321
330
79
1161
320
310
311
340
330
329
301
360
331
341
310
341
79
330
301
309
310
370
320
310
79
369
310
361
330
79
330
311
340
319
310
321
320
311
319
301
301
319
311
321
331
329
339
310
321
309
358
349
79
341
431
301
328
319
79
340
330
301
340
310
301
79
79
328
1160
320
311
349
320
309
309
360
78
319
309
78
320
310
351
319
320
336
320
379
311
320
311
79
381
360
320
301
321
451
330
79
331
321
350
309
352
310
310
340
310
320
79
70
380
301
339
301
449
310
311
359
310
310
333
312
350
309
359
410
391
321
370
379
79
380
339
320
301
340
321
471
301
360
459
349
329
310
339
341
320
350
309
311
459
312
442
310
311
483
332
359
319
310
340
341
301
319
308
79
310
371
320
309
429
319
348
361
380
360
320
329
319
79
319
339
320
301
330
320
310
310
71
309
312
79
79
320
310
340
311
310
349
359
330
79
440
309
340
320
340
350
329
321
381
310
320
450
320
330
358
319
310
330
79
410
329
309
379
309
309
330
301
349
79
301
419
79
319
310
320
369
380
319
311
310
311
341
360
330
321
301
329
309
309
79
301
320
350
311
310
78
301
79
351
320
310
318
331
310
71
311
330
310
321
340
320
301
321
311
331
319
320
79
311
330
301
339
323
310
330
309
330
350
330
309
330
330
318
339
79
341
358
310
361
310
339
309
440
308
340
419
563
320
329
320
320
350
309
310
360
301
319
421
370
329
301
381
341
320
1130
79
319
329
468
321
329
380
359
349
387
301
419
390
341
339
79
320
309
320
309
309
321
301
309
319
321
319
1130
309
320
329
340
311
380
79
310
310
311
320
329
321
381
320
1258
360
1251
310
79
399
321
330
78
310
339
308
309
320
369
79
342
319
320
1129
339
79
301
350
301
310
70
319
470
309
302
320
301
310
319
310
310
341
341
320
390
310
322
671
350
310
319
340
79
310
79
329
79
301
370
320
309
79
320
78
309
330
330
301
79
319
310
340
329
320
311
1161
330
342
319
79
318
348
311
319
301
319
309
380
350
380
301
309
340
301
319
310
79
310
330
329
70
302
320
331
369
320
330
310
77
321
320
319
330
331
350
321
340
309
351
309
309
329
411
79
370
309
309
310
309
310
350
369
340
309
309
310
309
429
311
350
321
319
330
321
319
369
399
320
309
379
309
321
319
319
359
339
429
430
330
79
310
301
340
330
320
409
349
429
311
309
360
340
349
301
340
350
310
309
309
312
340
301
321
347
350
310
79
319
321
310
309
301
310
309
391
429
330
309
320
339
349
328
330
310
79
309
310
320
330
350
329
329
320
301
310
308
381
431
312
330
398
370
310
388
319
330
310
350
479
339
330
79
350
340
79
319
330
320
358
309
310
320
309
319
310
70
318
310
319
301
301
309
418
319
79
580
79
340
307
320
310
321
309
310
330
311
340
330
330
361
329
340
310
339
359
310
79
311
329
310
320
301
301
71
330
350
320
351
400
409
70
321
309
309
309
430
310
340
330
311
311
319
346
310
79
405
331
321
371
1161
318
351
301
321
349
370
309
430
321
79
309
309
590
331
340
302
350
310
318
310
309
341
79
326
319
341
310
309
79
327
430
329
429
330
310
309
350
329
340
339
310
302
330
381
329
79
328
309
309
309
309
321
340
79
79
321
339
79
320
309
319
315
321
310
309
340
79
320
1301
79
361
330
301
320
310
301
310
1150
79
311
339
326
328
349
359
308
308
310
79
339
1169
301
1180
310
440
311
320
348
310
310
320
79
320
79
310
319
309
310
311
319
302
320
79
309
329
311
434
310
321
310
309
79
307
1120
361
319
1100
79
312
79
309
79
316
309
79
328
301
330
310
309
310
310
330
321
310
399
309
310
301
329
311
320
1089
320
310
350
309
79
361
342
330
320
350
320
301
465
310
310
79
79
339
349
320
310
78
311
330
479
301
310
79
319
79
70
79
309
79
79
78
329
330
329
310
79
320
452
359
310
329
310
360
79
310
321
350
310
1160
71
370
301
339
322
310
301
311
310
361
311
301
338
330
360
391
430
350
301
321
310
79
358
359
79
79
79
358
330
79
79
79
410
79
345
310
369
1170
370
79
380
311
320
320
1088
301
79
79
350
309
330
79
79
301
310
330
79
330
1170
309
310
359
330
78
311
320
411
301
79
301
79
321
311
310
79
79
321
1188
329
330
1119
310
1091
311
319
308
393
351
79
409
340
340
310
309
340
79
301
310
79
350
79
389
339
79
1091
79
331
309
310
329
403
305
309
310
79
310
79
301
79
1150
79
309
79
79
70
310
330
79
79
320
79
320
319
420
1120
79
1100
420
78
319
331
79
310
310
70
420
310
79
390
70
79
1091
309
310
79
79
340
330
79
378
370
1100
320
1189
79
400
319
340
349
369
361
350
389
380
390
601
320
79
349
330
79
320
79
79
79
380
310
79
79
470
79
341
79
369
79
310
1160
79
79
79
79
1099
79
339
311
79
79
79
319
327
70
79
1220
79
79
79
339
79
79
79
79
1160
79
79
79
320
79
72
71
1119
71
79
79
310
339
310
79
380
309
329
320
79
331
320
79
310
329
309
370
79
301
319
79
79
79
79
79
79
309
301
79
79
79
362
321
350
79
338
79
333
349
310
79
79
79
79
79
310
330
79
71
389
410
379
310
310
330
340
79
79
79
330
79
320
79
309
79
79
79
409
341
79
79
310
79
301
79
79
79
79
79
340
70
312
78
79
1111
330
79
79
79
79
371
79
79
79
79
79
79
1219
79
79
79
79
310
309
70
350
320
79
470
310
79
340
390
79
320
79
351
79
1119
79
79
350
79
349
79
79
310
79
310
330
309
79
1170
1160
79
330
500
392
399
311
349
409
479
308
79
71
79
329
341
79
1149
79
79
329
79
79
310
1121
79
1099
79
1151
79
340
79
79
79
301
329
79
79
79
79
79
79
301
329
79
79
388
71
310
79
79
79
79
79
301
79
310
401
79
310
301
79
79
79
79
321
69
79
79
321
359
301
371
350
350
390
79
71
71
417
79
79
79
79
310
331
79
389
361
79
70
78
70
319
480
79
1140
71
70
79
70
79
339
79
440
79
79
419
390
78
1138
301
79
71
70
79