56
90.
100.
112.
268.
110
290
1080
279
1151
279
269
282
410
420
1170
299
269
280
291
330
610
290
469
319
340
341
450
351
359
270
269
289
1139
270
321
1140
340
271
290
280
270
300
379
270
280
330
1200
271
270
1109
280
289
271
300
269
390
269
330
351
419
290
270
368
1099
501
1081
279
271
270
270
1089
269
1160
288
1070
1159
391
290
271
279
280
269
270
380
269
1080
311
279
310
298
1160
271
270
279
330
300
282
270
1279
1259
289
269
279
290
438
429
269
311
287
1149
291
300
279
279
270
270
280
270
389
381
299
269
271
300
300
1122
280
319
279
439
279
276
279
1091
291
269
311
458
291
330
279
270
369
299
269
280
379
278
310
269
381
280
1219
280
290
289
270
279
270
298
291
310
300
329
1151
280
270
1090
400
270
270
279
319
1129
290
280
320
271
370
290
270
291
269
281
349
270
460
280
278
320
270
1129
289
280
320
279
271
298
290
270
269
329
300
279
280
279
302
300
300
279
321
301
271
271
270
349
289
279
1101
279
279
281
280
291
280
280
291
281
291
269
290
311
299
298
281
280
390
270
300
280
330
309
279
291
290
269
300
300
289
291
320
299
330
320
269
280
290
269
1121
290
280
321
321
317
279
280
269
419
280
300
329
330
320
289
309
299
291
532
320
321
1231
301
1140
302
277
321
269
309
300
299
280
330
300
348
360
327
280
320
339
319
270
1109
281
290
279
1131
280
279
1110
270
280
289
370
310
280
278
1110
310
290
269
292
280
334
330
291
270
310
269
300
279
290
289
272
303
280
399
330
271
269
308
1100
300
289
280
281
330
301
300
279
269
1080
299
439
280
269
279
307
280
309
271
300
279
350
281
309
1140
279
290
269
279
300
271
272
270
481
1120
278
290
299
290
299
309
301
271
309
289
339
280
270
309
300
350
309
279
300
300
1302
542
269
270
279
269
299
269
271
329
280
350
321
390
391
270
271
300
1179
292
321
490
310
299
279
278
1081
289
272
300
309
1168
320
1090
300
280
291
311
310
319
279
301
279
320
270
269
300
280
280
299
301
320
270
311
1131
300
281
280
310
279
271
290
290
289
300
281
279
299
280
509
291
349
291
322
288
300
371
280
318
1090
420
270
269
269
320
289
289
317
290
302
270
280
370
380
309
331
309
281
289
1099
270
279
618
309
280
1150
281
311
300
301
279
269
289
1261
301
271
340
300
270
1119
270
280
310
340
1088
293
270
310
290
300
290
320
319
291
269
281
270
361
320
1318
279
272
1079
319
301
269
280
411
272
279
451
1140
270
360
309
280
269
270
289
289
308
270
299
299
357
280
290
1141
270
280
1121
272
1101
341
290
1110
281
299
318
269
280
300
270
371
280
1130
440
280
279
318
271
281
530
289
270
269
290
301
300
279
299
270
1258
309
410
310
269
269
1250
290
270
309
1101
1100
270
281
270
279
279
270
280
370
1399
311
270
280
290
391
1149
1120
280
1081
370
269
340
308
270
281
270
278
269
299
330
270
1129
290
1240
328
271
280
282
1100
310
271
411
270
301
280
280
310
288
280
270
297
283
330
330
1121
280
280
269
269
300
321
301
289
430
269
480
270
1130
310
301
279
270
271
281
1130
270
290
290
330
280
270
329
277
290
280
290
281
270
279
292
270
310
290
289
289
320
311
281
270
269
280
1130
279
270
270
279
300
292
320
279
270
1100
270
279
271
281
300
379
300
1260
270
270
281
290
308
271
309
300
309
291
1120
299
1080
299
279
280
300
269
280
289
280
290
280
311
310
272
1110
301
300
389
332
339
350
361
271
280
329
331
502
310
300
291
1149
290
290
307
271
310
299
301
289
469
300
270
1088
349
280
280
280
281
280
1148
270
330
291
290
1161
310
420
270
271
291
280
270
280
280
329
280
380
279
281
362
1110
279
289
272
271
270
290
269
361
319
281
271
309
1088
311
281
310
291
340
340
280
370
1090
1109
310
1111
320
300
270
280
279
289
269
301
269
380
292
320
270
310
281
269
310
281
280
282
330
278
280
301
1082
280
290
269
279
279
270
281
290
270
270
280
1089
290
289
270
271
300
279
1060
280
269
300
300
1160
270
1081
289
461
1141
399
270
290
281
280
279
1121
320
1070
269
269
299
279
280
289
280
288
300
349
290
279
269
280
280
279
300
271
281
270
1100
269
279
280
269
279
280
290
320
300
280
308
310
271
271
309
277
279
289
271
300
311
1091
280
270
300
271
289
359
270
278
290
280
309
270
300
310
270
270
301
270
270
270
321
280
300
299
269
311
290
300
272
270
269
270
270
349
280
1111
319
270
271
290
289
325
270
270
289
280
309
399
280
280
281
1110
269
269
1080
320
298
291
271
281
290
301
280
311
280
269
291
300
291
290
271
1140
309
280
269
349
279
289
270
1149
278
318
419
421
290
300
291
299
320
309
301
389
270
270
277
290
270
269
279
280
281
272
280
359
270
280
289
280
290
360
311
309
408
269
310
280
290
330
270
280
279
280
301
271
279
450
270
300
1071
290
311
310
270
280
279
310
270
328
271
269
329
341
270
279
270
310
270
350
269
271
271
270
289
291
269
290
290
280
301
280
279
353
270
279
271
299
278
270
330
299
290
298
279
1130
300
291
290
289
291
272
280
1100
1090
278
270
391
288
299
269
1130
279
290
280
270
279
279
300
271
309
280
309
290
300
270
270
1129
449
270
300
280
290
280
269
410
289
269
289
1110
1160
290
1091
281
360
291
1090
329
271
272
279
1250
290
350
278
278
279
280
280
290
282
280
271
289
1129
270
290
299
270
1070
271
301
269
270
1130
1138
271
280
288
269
1130
1060
269
490
311
269
289
271
270
270
330
270
271
300
279
289
280
270
398
349
269
270
319
309
270
310
270
301
389
269
271
270
389
280
280
269
289
280
269
269
420
281
269
270
270
281
290
290
271
269
300
299
290
300
280
321
339
300
301
301
379
1138
280
1089
281
370
290
280
269
1078
270
1121
270
271
270
300
269
279
270
351
300
280
269
380
289
331
270
269
360
269
270
310
290
270
280
281
1100
288
409
270
279
270
288
278
370
279
360
269
280
279
310
360
272
271
320
295
280
299
289
282
280
350
270
1110
375
1100
1109
301
1129
271
440
269
290
280
281
289
301
299
269
269
300
278
290
270
361
299
361
1101
270
271
269
279
270
269
290
269
338
1129
278
269
280
271
280
279
1109
270
290
310
281
1120
281
269
279
270
290
297
430
351
290
1080
270
269
270
271
269
301
281
280
269
279
290
290
279
271
299
299
269
271
271
280
330
409
310
270
280
290
271
304
280
1119
270
1080
269
269
1108
1090
281
270
309
281
271
300
291
450
279
311
299
439
269
269
1080
280
1119
279
270
270
1102
281
269
271
1130
290
282
279
280
280
279
301
270
269
270
270
280
340
270
301
351
320
280
1150
288
308
291
280
409
289
400
271
279
270
319
1301
270
270
269
1138
279
270
269
269
269
341
270
270
312
279
270
1100
290
278
441
1150
1100
270
271
269
270
1089
280
1200
278
269
289
279
272
278
269
290
299
1189
269
1101
271
1080
281
290
297
1232
439
300
269
279
269
3089
270
279
1078
328
270
270
301
271
309
331
269
279
280
370
271
270
280
461
269
270
270
509
379
280
429
269
1119
269
279
1151
502
270
640
280
281
269
269
279
279
269
279
270
1069
1109
289
270
1081
270
281
309
270
270
310
279
1119
270
350
280
280
299
319
1107
280
270
269
279
405
279
269
271
280
279
270
419
278
269
1100
291
335
270
270
1069
1118
290
379
270
1078
509
469
270
269
281
1130
269
290
1070
279
321
290
300
309
351
381
319
280
319
379
280
350
270
311
361
269
1061
279
279
399
1150
271
1181
270
1100
281
271
269
430
389
300
370
1131
380
280
273
1091
269
280
290
270
269
279
270
360
279
290
270
301
340
270
270
280
1070
369
279
1112
270
1221
270
270
1159
1179
340
409
1100
271
271
291
298
290
278
1080
349
399
270
1156
1109
1119
467
330
280
270
1111
291
1091
281
270
270
310
289
280
329
280
280
301
269
439
379
1171
349
1110
271
350
353
289
299
1120
300
1100
280
1100
280
341
1210
290
388
269
1100
1109
290
410
1079
1090
288
1129
400
340
272
1092
301
1120
368
1099
290
370
428
1110
1100
1151
1279
360
321
271
350
271
271
360
1090
290
288
380
360
369
1080
278
349
301
281
319
1138
281
290
269
1149
419
290
280
350
301
280
1161
1100
1109
399
1090
369
1129
339
1130
360
269
280
351
280
1099
299
289
286
279
320
300
340
382
279
280
1131
279
269
281
269
349
271
419
270
351
270
330
300
459
344
280
279
269
320
1089
270
299
279
1089
270
331
450
1130
1119
470
328
280
330
1158
1089
1106
269
299
319
270
308
319
370
322
530
420
291
279
300
1120
391
301
269
289
1110
1130
288
1179
330
331
269
466
272
290
519
1109
331
279
288
270
280
280
290
400
280
270
277
279
301
281
270
270
269
280
290
859
341
310
1150
1200
280
279
279
308
280
270
269
279
1220
279
280
340
281
300
290
289
330
290
390
401
279
289
281
269
500
303
348
270
288
301
1130
300
271
1091
290
276
270
279
291
291
270
280
301
421
311
390
441
320
339
280
320
1170
300
331
289
311
290
269
279
290
280
269
348
270
1110
290
310
279
319
300
280
270
329
299
299
1101
290
1080
1110
270
310
279
280
301
539
291
280
298
309
340
280
271
279
278
281
291
360
329
290
279
280
280
270
270
269
271
300
1111
269
290
279
281
280
279
1140
280
298
290
311
311
291
309
270
550
290
289
350
270
301
270
280
289
289
290
320
310
339
289
340
270
310
319
440
269
290
269
281
270
270
282
280
269
300
278
270
277
1120
300
270
281
310
300
271
319
271
300
1120
320
450
311
1142
319
300
269
290
320
280
270
290
302
1079
300
280
279
300
270
280
318
280
321
271
270
281
309
300
271
290
300
303
410
279
300
280
310
310
280
321
300
289
332
299
289
299
280
341
410
299
339
286
339
320
271
298
290
371
311
309
1100
270
822
271
300
279
279
310
280
581
320
280
310
290
1069
270
670
278
300
269
1091
320
280
300
1080
351
570
320
289
320
279
300
310
279
300
300
270
280
289
1070
289
320
340
309
270
290
1091
279
279
299
350
270
270
349
281
270
269
368
320
339
280
319
320
280
309
279
309
300
270
299
329
270
1081
299
280
320
319
270
320
301
280
1170
290
1090
269
311
299
269
299
461
310
290
330
321
271
290
282
279
300
310
330
271
289
280
310
302
1120
281
270
350
279
290
292
290
288
309
290
310
320
319
1080
290
290
291
271
300
290
300
388
309
312
550
270
310
319
290
301
339
319
1100
291
280
300
290
340
281
290
291
309
1118
311
1148
271
309
350
269
1221
300
279
300
1140
282
300
310
1128
299
270
419
281
301
271
329
342
320
290
308
362
343
379
339
331
299
280
269
280
340
1149
649
301
290
1080
320
349
290
1100
289
1109
290
271
283
310
289
290
309
410
292
280
1099
269
270
299
362
380
284
301
279
359
301
311
310
279
301
301
311
349
1109
1110
329
330
301
270
271
300
1130
280
291
279
1081
390
300
270
339
310
1120
290
380
270
290
521
281
391
300
271
270
270
270
1240
279
319
1120
440
309
289
281
628
307
280
401
301
282
272
299
281
301
330
1101
280
340
269
280
328
279
271
310
292
270
280
301
289
270
299
280
280
320
310
299
281
301
349
281
350
270
269
280
310
271
289
300
310
320
310
280
350
279
269
308
319
310
300
280
317
289
270
300
1070
290
331
360
270
280
329
330
290
270
283
349
298
271
281
291
300
1130
1281
269
341
1090
271
1109
271
1120
301
270
269
280
1290
1089
290
1110
320
329
276
269
278
310
290
271
270
370
291
291
270
300
300
270
280
1290
359
290
289
269
1101
290
1120
269
270
330
271
299
291
299
280
299
291
291
269
270
310
299
310
281
279
348
339
270
380
320
300
299
270
300
269
288
339
269
300
280
274
321
390
280
1080
301
279
300
289
1204
300
270
271
280
270
310
310
320
270
290
298
320
271
269
289
281
290
1080
270
280
411
280
319
301
270
310
290
290
309
291
299
290
1118
290
270
360
280
271
289
300
271
300
289
270
343
289
292
1100
290
300
418
1100
311
1089
1134
279
271
270
270
1110
270
280
300
390
300
289
309
281
299
1089
289
299
310
269
270
1212
289
322
280
280
269
1079
288
290
279
299
289
280
290
280
310
281
500
271
280
310
270
270
290
271
319
290
609
270
280
271
319
270
279
269
1126
1101
320
350
271
291
310
309
280
300
300
1090
280
310
309
301
289
281
290
280
269
280
369
289
281
289
270
284
1208
299
281
269
280
270
309
269
280
270
1080
271
279
281
269
280
301
291
359
1270
270
279
1070
289
270
310
281
1101
270
290
1130
270
279
470
1110
270
271
270
269
290
480
278
270
280
297
270
310
292
291
280
290
320
280
280
270
291
299
340
330
270
300
309
320
289
280
331
290
290
290
291
270
269
290
1119
290
290
272
271
279
280
280
280
271
1099
270
310
291
269
269
270
300
269
1090
282
320
1091
271
290
301
279
279
270
270
1120
270
270
299
280
290
290
360
311
300
299
280
299
272
300
409
270
1080
330
269
280
270
271
1129
289
389
289
300
279
271
271
1130
289
291
269
281
280
1170
270
300
280
279
270
350
281
280
271
301
301
271
281
290
278
280
309
279
310
449
290
316
280
270
281
390
1149
270
300
279
280
277
390
290
330
270
280
308
320
271
270
399
300
520
290
271
270
279
289
270
281
1141
287
311
271
301
290
291
310
280
280
290
280
281
299
300
469
271
289
290
289
280
288
280
301
280
271
304
280
291
279
290
280
301
289
280
269
279
300
1090
379
289
299
270
280
280
281
291
270
270
269
370
301
280
301
1110
289
270
280
281
361
271
280
270
279
270
280
270
290
300
281
279
270
270
280
271
289
281
358
290
311
271
280
392
281
280
280
280
269
272
280
270
269
269
472
289
281
1140
279
280
391
342
270
278
290
310
270
300
322
1169
321
291
270
290
278
269
270
270
279
1130
270
289
369
271
290
1099
288
291
330
280
1099
270
280
294
289
299
270
269
279
280
291
1060
340
1060
1241
1109
270
281
280
1149
281
280
1069
289
269
269
301
1279
269
280
388
279
281
271
352
289
319
300
290
270
270
279
400
280
350
290
391
269
299
270
269
279
1124
1119
276
280
281
278
270
271
299
269
269
270
270
271
269
269
271
289
1078
1099
270
280
1069
269
279
270
270
271
279
1108
348
360
290
270
331
281
270
280
271
270
270
280
270
290
279
280
311
340
270
279
269
279
712
280
280
270
299
281
289
280
289
280
279
298
291
280
278
290
271
290
270
279
290
288
279
270
269
280
269
280
269
280
520
280
1297
529
269
310
270
1130
291
290
269
292
289
270
340
281
270
279
279
290
351
280
300
280
270
290
310
1080
271
1200
1100
270
270
289
639
290
310
1080
390
299
279
290
299
381
271
280
270
390
270
1168
289
279
371
270
279
269
278
270
339
269
270
270
282
272
1090
333
291
279
377
271
271
270
269
270
1220
270
269
280
280
279
670
377
270
330
280
1220
279
310
310
275
279
310
1127
269
271
271
388
270
269
270
279
271
282
1149
304
269
291
610
278
270
269
1110
279
352
270
269
1107
280
281
1090
289
279
270
350
279
299
280
291
1250
280
291
1111
340
279
329
270
381
700
300
281
271
360
290
319
271
269
279
461
1102
269
560
291
277
289
300
278
349
299
331
269
281
1159
269
359
399
360
270
381
269
280
370
270
269
373
269
371
290
269
280
269
279
269
280
270
271
270
280
1158
300
281
330
269
271
270
270
269
310
290
270
279
320
360
360
281
1081
270
1128
400
1091
270
279
270
280
270
269
280
1127
529
1099
1090
279
340
271
271
300
270
280
369
269
269
313
271
281
310
269
349
319
350
300
339
280
269
1270
300
299
271
482
1090
280
280
270
329
1080
299
269
1130
310
370
370
270
349
300
270
279
430
270
270
269
278
280
280
320
280
299
269
281
280
689
279
360
270
269
279
1110
1111
269
280
400
1148
269
272
270
290
388
270
281
351
281
269
272
279
280
270
269
269
290
275
269
339
286
279
270
269
329
271
280
291
270
310
271
320
270
269
281
289
270
279
269
272
390
1146
289
1091
290
289
270
270
832
270
1219
270
279
371
1211
340
281
422
410
1099
421
302
276
1101
269
269
269
1312
280
280
270
270
359
270
303
280
339
270
292
1119
369
331
301
290
281
1100
290
390
300
269
300
269
360
269
340
280
289
269
1101
492
1121
429
1120
299
269
1190
680
329
1072
419
281
1130
1090
289
269
390
1090
340
1080
270
269
269
1078
278
270
288
279
358
270
1110
309
371
279
270
1108
270
460
379
359
1140
271
1271
290
319
1240
270
320
291
271
1081
380
270
270
279
291
1130
360
269
290
1090
311
280
1070
270
1150
1138
269
279
320
286
270
1102
271
399
280
280
1210
350
380
289
300
359
270
431
277
1109
1089
1109
1090
270
340
281
1139
508
269
360
1069
1149
1140
329
280
290
440
280
270
1099
271
350
1128
270
1080
280
270
299
271
1211
369
310
1131
1169
1170
279
320
340
450
1141
290
1148
279
350
271
270
390
340
271
269
339
270
271
280
269
1160
269
290
1100
1135
409
270
1179
300
299
270
1071
290
290
1129
280
311
1129
290
270
320
1110
1090
1100
309
290
1081
282
300
270
369
271
279
309
348
1095
400
401
349
390
388
1080
271
331
330
449
319
290
400
281
311
289
421
269
280
1191
350
1119
1071
298
1070
270
369
271
269
1180
281
290
329
300
1099
280
280
270
340
280
1120
350
310
279
331
299
290
301
311
320
311
1101
341
330
1089
310
288
330
309
339
1158
289
370
300
1191
309
300
290
301
279
280
298
351
269
270
369
299
1070
269
341
271
1200
1080
270
351
290
1110
279
289
1152
271
288
1109
270
270
309
290
399
461
300
421
270
322
1127
329
1070
271
297
281
270
279
1149
280
298
270
330
1120
319
279
310
404
290
299
269
1091
370
280
301
270
270
280
1138
270
271
279
270
280
370
380
290
299
310
370
282
289
280
380
300
309
270
1070
269
280
271
338
340
281
270
410
290
279
269
339
280
271
280
1170
270
269
270
1119
279
279
270
270
291
279
330
270
270
300
270
271
270
270
319
289
291
290
270
299
281
300
290
279
1150
269
271
300
1229
311
311
290
1088
367
299
309
288
438
270
290
409
310
300
290
1100
272
280
290
301
269
290
271
270
270
270
270
279
280
290
310
269
269
309
280
271
301
281
281
310
280
271
320
270
299
289
281
279
290
270
300
269
1070
289
290
1120
290
279
330
289
279
319
329
280
282
309
279
270
299
290
401
320
270
270
270
269
349
300
280
301
290
300
299
309
278
1060
320
412
1071
369
291
301
282
291
329
299
289
270
301
309
370
320
339
309
288
280
278
1242
300
1080
270
339
290
1079
350
299
440
289
309
340
270
300
280
321
300
301
271
269
280
280
301
270
290
269
299
269
281
429
399
320
301
290
319
340
290
321
305
279
319
311
291
280
1140
1090
270
289
279
431
281
290
289
270
270
310
290
318
280
270
299
270
280
270
289
279
301
301
311
289
380
281
320
270
300
269
379
288
289
279
290
1109
299
340
279
1069
289
320
290
642
301
339
309
299
1117
310
289
280
1106
280
301
1070
309
318
281
279
279
310
310
281
309
291
290
289
270
281
299
289
291
300
1109
271
372
311
299
1350
297
280
301
279
281
290
329
280
300
289
321
270
281
279
271
280
320
270
310
291
290
329
300
350
1120
298
291
282
299
280
278
281
280
1299
320
279
281
360
270
329
272
271
281
321
281
280
1079
338
280
370
310
279
300
282
280
279
359
270
271
300
271
1120
299
272
290
277
271
281
299
339
300
270
319
290
290
280
270
280
270
271
280
279
269
310
279
280
310
298
300
320
281
1199
271
289
311
311
290
290
317
311
290
280
296
290
288
319
270
319
269
550
276
350
310
279
381
269
279
270
290
311
331
300
290
280
289
270
1099
270
297
290
320
288
301
270
347
291
299
1110
299
291
319
290
319
280
523
279
310
290
279
290
290
1080
281
269
298
290
520
445
330
290
280
280
310
290
281
309
319
270
289
270
311
280
279
270
439
330
291
279
330
299
269
1190
329
290
270
270
321
278
341
1110
319
426
280
290
290
290
461
279
339
330
280
279
280
301
269
270
300
279
290
270
300
320
330
310
309
281
290
300
291
280
280
310
341
279
281
271
278
310
271
1070
290
270
300
320
381
280
269
281
361
269
320
270
270
271
309
349
280
301
289
311
290
289
270
301
289
1091
279
271
339
340
279
300
310
311
291
270
349
271
329
1090
319
390
272
340
280
320
290
290
269
290
310
290
1131
270
298
270
270
298
290
400
271
271
280
308
279
279
290
269
280
270
302
329
1130
349
290
300
270
271
290
290
290
279
291
1110
311
269
280
370
291
290
270
340
301
330
290
301
291
280
280
291
311
334
289
280
280
330
270
308
269
300
290
269
271
299
272
269
318
280
311
271
310
470
301
341
330
331
300
269
650
280
300
300
1090
290
280
290
281
330
1139
270
330
1120
280
1150
269
310
301
279
280
359
300
281
320
1130
290
269
290
270
292
269
269
289
1109
309
320
289
319
299
301
269
269
319
279
291
270
280
300
314
280
1139
291
300
299
301
270
299
301
421
272
300
309
271
561
340
290
289
300
271
299
292
311
1280
270
289
290
290
1089
299
298
281
271
320
271
280
300
269
330
310
270
270
280
370
270
270
1158
360
360
300
271
288
299
280
320
361
281
279
300
279
290
311
290
270
280
291
280
278
309
1109
301
280
300
1110
280
291
270
290
298
299
300
300
1130
279
301
271
300
300
290
1281
289
300
631
310
270
281
1166
269
290
299
279
280
271
270
392
290
1089
270
1109
290
280
269
361
279
289
289
331
280
310
270
340
270
269
290
270
289
299
1130
1120
289
269
302
350
280
269
280
930
270
300
279
299
269
310
270
290
310
280
1101
280
270
279
310
280
280
290
289
310
579
1281
273
269
271
289
269
270
280
290
302
280
281
270
1128
300
1120
301
270
270
298
271
269
290
1121
269
270
279
1159
290
320
279
270
300
320
279
280
270
299
269
290
311
290
279
278
309
301
280
271
300
281
309
549
331
270
300
279
320
281
270
300
281
330
279
270
320
300
279
270
290
289
350
279
329
289
400
280
300
299
269
282
309
290
280
1199
271
289
280
301
273
310
1111
279
521
351
279
279
280
1241
270
300
520
290
270
310
298
271
279
269
269
271
279
288
1129
280
270
1090
320
1130
280
300
340
300
308
289
280
270
320
270
1112
299
269
270
270
299
300
290
351
309
328
269
289
289
269
291
1119
269
1080
341
400
410
270
279
288
272
270
279
282
529
269
300
280
291
281
269
281
299
290
280
279
270
1130
1099
309
320
270
301
279
270
280
290
271
400
270
270
360
284
310
318
1080
290
269
281
269
280
270
280
280
280
271
281
280
330
300
290
399
279
280
270
279
280
289
369
329
300
290
299
270
360
280
270
269
291
280
290
270
281
280
270
270
270
310
271
270
280
442
269
299
270
309
281
270
301
290
300
280
272
271
360
279
289
308
380
270
281
290
341
307
269
300
1129
350
270
279
269
269
288
280
271
299
271
309
298
270
319
279
540
278
290
280
270
300
280
319
309
289
1119
280
270
311
301
280
279
280
271
280
270
281
321
270
1090
290
290
300
279
300
270
1141
281
281
269
280
280
276
269
1090
489
298
330
309
270
291
281
309
393
291
277
289
1119
290
270
1121
279
270
330
270
270
270
279
281
270
1079
371
289
290
269
289
270
271
300
280
291
281
290
279
269
289
280
292
280
313
300
290
270
280
277
360
271
269
279
300
289
270
271
270
270
271
1089
311
270
270
270
1111
269
279
281
290
279
269
349
281
310
280
271
331
270
270
280
279
318
290
279
280
279
471
270
370
270
278
398
270
269
280
270
360
399
279
281
1130
280
349
289
269
290
270
279
289
281
279
290
1140
270
401
270
270
281
1310
270
289
270
1100
350
280
1090
279
290
270
309
400
272
1099
269
300
270
309
300
319
280
309
269
270
271
270
271
289
292
308
291
277
279
290
300
300
1079
289
269
280
271
269
302
271
300
1101
281
1060
299
1099
320
1249
291
341
300
269
280
270
271
280
299
320
290
280
280
1109
289
269
381
299
280
270
300
270
271
270
288
281
280
281
269
280
270
279
271
280
290
321
281
269
270
269
280
269
280
280
290
1090
279
271
280
270
1103
271
270
289
270
270
278
281
270
1080
341
300
289
269
271
1120
280
311
279
390
289
299
282
290
1100
269
291
281
1110
279
272
1080
270
300
270
309
270
361
1110
621
1110
279
299
270
270
1110
300
1129
269
1148
269
400
330
280
281
269
319
299
270
289
1120
270
270
300
420
289
1279
270
1209
271
279
379
351
280
269
269
269
360
271
280
279
280
269
1110
278
510
280
300
341
369
350
388
281
1100
288
281
299
279
270
330
302
1099
271
430
270
271
280
1111
270
1120
270
271
320
330
340
290
1090
1099
270
270
271
269
269
270
1099
560
269
289
271
299
1130
269
280
349
269
270
339
391
280
308
1091
290
1098
350
1080
269
279
431
539
302
269
269
509
270
280
270
379
1099
270
279
290
450
1080
269
435
341
269
280
1100
272
271
471
270
270
289
492
270
270
270
343
271
371
270
320
279
1089
1140
300
1139
270
270
280
270
361
270
300
274
300
270
300
270
271
400
289
350
282
389
328
280
290
1120
310
1091
449
311
440
270
517
269
289
390
269
1079
1130
408
270
412
280
399
310
279
291
301
391
400
269
297
270
331
290
378
269
290
371
360
281
272
1228
280
290
1149
320
1080
1088
399
269
270
1116
349
278
1150
280
779
270
1120
349
279
288
270
299
271
352
291
1131
269
1269
269
279
270
270
309
271
360
341
290
361
1090
358
1150
300
279
300
270
280
371
279
500
269
359
270
270
1150
289
269
1089
1143
290
271
269
270
929
1100
1130
359
311
1100
280
1111
290
340
280
359
280
269
349
270
1149
1091
271
271
1181
1070
419
270
290
1080
369
271
410
509
299
1140
408
1100
287
1189
379
269
1197
301
271
1081
270
319
276
289
270
330
1150
269
422
280
1179
269
1150
1073
400
329
1099
1070
280
359
270
301
1090
310
1120
1131
389
329
271
1091
469
330
360
278
420
1130
278
270
280
391
291
389
279
1069
1119
425
279
361
1070
1120
289
340
301
1100
330
270
271
380
301
338
270
431
411
1080
279
300
270
1130
270
281
430
309
300
279
269
269
310
271
269
271
1121
340
279
1109
1121
1129
1081
420
280
1069
300
269
1119
369
300
1259
280
279
480
441
398
274
1069
279
1131
300
280
310
270
361
270
334
344
281
289
308
271
270
280
310
289
270
1090
269
292
270
348
1250
282
280
270
271
270
319
270
270
1320
280
290
279
280
1080
271
320
289
310
270
1060
1108
270
1170
420
310
299
300
279
279
271
270
280
290
281
422
290
319
270
289
310
1081
300
320
269
281
469
271
271
290
299
400
281
300
290
310
281
270
281
271
350
300
269
270
290
311
279
358
279
271
309
1119
300
289
290
270
340
280
270
500
279
270
281
270
269
288
289
269
319
280
279
270
324
290
270
270
382
1099
291
310
270
300
269
269
329
309
278
299
309
269
269
1101
331
281
279
300
272
269
319
269
289
295
290
280
299
359
311
289
300
318
360
270
300
270
291
390
301
289
279
289
280
269
300
319
311
291
357
348
270
330
301
329
276
279
272
310
289
319
269
271
311
280
291
272
281
299
279
1060
289
290
290
629
288
1141
269
272
320
362
290
290
290
281
300
278
290
290
269
309
329
270
329
289
280
280
319
309
299
318
280
280
289
269
330
321
290
270
277
401
280
349
319
321
418
301
292
340
280
299
330
291
341
291
279
309
298
299
341
321
280
309
322
270
271
319
270
270
270
270
279
289
280
359
312
280
299
270
300
301
279
298
299
279
298
340
319
320
1130
308
279
308
290
281
299
1080
340
289
300
291
341
290
279
287
360
280
279
280
280
320
280
289
270
309
301
310
311
330
309
310
300
310
387
360
299
1121
352
300
310
270
369
320
270
1140
336
320
301
300
308
340
340
280
270
330
1119
270
300
1302
316
279
271
310
320
271
330
360
301
280
271
269
341
297
310
290
279
312
330
319
299
340
1261
340
350
410
349
280
327
340
296
300
291
299
270
340
330
269
269
300
429
279
289
291
300
331
291
289
291
271
271
310
289
311
284
311
279
360
300
311
331
309
350
340
320
720
311
280
279
288
279
349
270
272
340
330
319
319
309
301
319
299
338
339
329
290
1129
329
309
331
271
289
320
299
1070
360
331
311
310
290
371
280
341
280
280
319
300
321
341
269
280
279
300
489
290
290
290
340
380
309
319
321
338
290
290
1139
301
1101
308
300
311
360
297
291
280
271
299
280
280
342
291
311
350
330
310
269
329
350
290
270
309
310
280
280
370
281
1060
398
311
281
282
290
282
300
310
310
271
1109
300
309
301
290
290
290
283
319
320
290
289
290
390
440
329
281
290
351
310
299
319
300
380
269
320
279
286
289
308
371
289
269
300
342
270
459
279
270
319
300
269
271
309
299
300
270
358
362
309
290
349
339
300
332
1131
329
309
310
420
319
350
318
350
279
271
321
300
401
310
280
310
290
280
282
441
309
291
290
339
281
271
270
321
331
341
319
270
310
291
279
302
319
271
291
281
290
290
352
353
279
271
319
321
279
351
310
330
301
300
301
269
280
1239
301
300
270
271
311
350
280
299
290
289
349
270
291
298
291
270
309
340
269
300
290
270
300
361
282
281
289
1100
271
280
302
321
280
270
269
320
318
300
270
329
310
731
1139
270
270
280
329
301
290
291
270
310
301
280
329
270
291
280
300
270
281
281
309
320
270
281
330
270
281
289
330
311
299
281
1130
370
300
299
330
291
270
311
301
271
300
281
270
319
269
280
300
331
280
300
271
281
291
291
280
269
279
269
301
274
290
290
280
1110
290
269
389
320
350
269
271
429
279
290
289
300
290
1090
291
290
275
300
289
1151
281
300
290
300
281
310
320
279
311
1280
278
290
270
290
270
281
1141
291
300
300
330
310
290
270
312
289
281
300
271
320
1100
290
271
269
281
279
270
281
270
301
279
269
310
280
391
288
291
289
1089
291
270
277
279
279
299
289
290
279
1080
310
269
300
290
269
270
408
270
299
271
270
269
399
1089
270
275
284
289
270
290
351
301
290
380
310
1120
320
310
270
288
321
1142
300
310
300
321
329
328
270
310
289
291
272
340
300
280
288
270
294
271
309
330
310
309
319
300
280
289
280
317
270
300
291
300
290
300
270
589
310
279
291
379
319
269
1120
300
309
269
291
290
270
319
280
349
300
1090
290
289
399
269
310
290
271
279
269
279
320
269
1110
299
269
300
291
290
270
310
279
319
300
320
329
1091
1099
309
269
289
301
320
311
291
1070
1089
300
279
269
279
320
289
279
290
299
350
290
269
280
271
290
361
1118
281
289
320
280
301
270
269
449
319
280
390
399
280
381
1080
289
280
280
290
850
1130
330
270
309
289
291
299
341
270
1120
362
290
278
319
289
280
310
290
1130
280
280
379
361
1131
329
270
329
341
399
270
269
280
281
509
300
279
280
271
270
280
288
519
299
320
1090
270
301
300
1128
270
299
288
280
270
300
360
354
290
290
320
299
279
301
270
300
311
290
279
300
1160
269
290
1161
308
300
269
381
300
289
419
279
280
270
289
350
290
298
278
270
271
299
291
281
298
275
269
360
299
350
287
292
290
1149
289
310
289
269
269
270
279
273
311
269
310
270
300
279
329
269
289
271
290
269
280
290
279
270
300
270
299
269
300
321
329
1304
280
300
1111
312
299
298
289
270
281
349
289
270
278
269
270
311
299
271
279
291
290
299
270
290
1089
289
280
270
280
290
289
285
290
300
290
301
281
329
290
272
330
271
291
301
1101
3581
270
279
1100
310
310
281
1070
319
270
269
289
300
282
271
341
270
270
400
1082
270
291
380
300
290
270
270
299
351
290
309
271
276
1100
269
278
269
281
280
280
289
271
280
276
269
299
311
291
310
270
270
280
270
341
1109
1111
280
281
270
280
270
271
1160
280
270
271
360
271
299
271
282
1098
270
1063
289
290
270
281
1071
280
290
300
279
289
369
280
291
1080
280
300
281
319
290
280
289
420
330
290
271
270
300
1140
300
1070
270
310
280
280
291
300
281
270
270
321
379
1109
270
512
319
272
320
1129
299
270
270
288
280
290
319
419
290
349
270
330
319
271
279
288
290
269
309
290
270
369
269
300
299
319
310
310
279
271
270
269
271
270
269
281
290
279
1211
269
279
300
291
329
1109
289
329
310
270
271
280
1100
320
269
270
279
270
280
271
291
300
270
311
299
279
1098
281
281
279
300
279
301
269
1129
269
280
290
290
270
279
1109
379
292
310
270
276
348
321
271
270
279
280
270
289
279
270
289
400
270
370
1150
270
350
271
292
270
292
329
269
279
309
310
360
361
295
280
290
270
300
280
270
279
299
290
269
319
290
370
270
269
270
1090
1110
270
310
278
1091
1089
340
269
280
330
281
386
1069
280
290
271
279
290
289
271
280
279
290
270
281
350
281
279
319
1130
269
310
270
280
300
394
269
310
269
269
1128
270
280
330
309
329
368
279
339
290
279
280
1120
269
270
280
270
300
377
1140
269
308
289
281
270
270
1110
271
369
290
270
271
301
300
270
280
270
299
271
271
300
282
269
290
301
311
290
271
281
1110
280
289
269
300
289
269
289
270
328
291
290
299
291
279
319
271
269
269
278
352
329
279
270
270
1270
330
271
280
341
299
400
1240
291
269
270
270
309
289
310
279
280
311
271
271
271
270
273
301
311
269
280
281
330
289
292
280
269
280
1140
270
270
430
289
269
270
300
319
290
270
278
278
269
280
270
1290
360
290
270
290
319
290
289
270
291
360
460
280
280
280
292
269
282
349
270
278
1071
271
280
340
276
291
281
270
270
330
280
281
280
280
310
290
290
291
312
280
288
310
270
281
269
329
270
270
1119
320
272
300
270
289
300
340
271
270
269
292
321
378
1130
270
319
270
299
270
270
270
270
288
279
1140
1089
271
1109
271
280
280
280
280
389
290
271
270
269
290
301
270
281
271
300
288
329
270
270
299
270
320
272
269
281
1095
269
270
290
279
289
290
401
269
269
301
270
280
280
298
270
339
280
280
269
270
270
290
1080
290
1100
1102
269
1111
280
279
270
299
370
281
280
271
290
1061
311
270
270
300
1119
271
270
289
293
1251
280
270
270
280
280
291
300
271
281
289
271
279
1110
280
300
269
369
269
299
309
298
330
1110
289
1141
279
270
309
270
278
289
270
300
269
281
310
350
279
290
321
1121
269
277
290
271
281
270
1081
302
350
449
1088
350
399
290
270
351
270
1129
280
299
280
370
290
279
1130
290
269
311
270
278
279
270
280
271
269
269
281
279
280
280
1150
306
269
290
270
271
269
1080
270
282
281
299
269
280
399
270
348
270
300
291
270
270
290
291
289
299
280
408
1110
269
1090
309
1101
291
280
391
279
289
289
269
269
1090
1070
551
290
480
280
1081
362
270
281
330
1188
270
1061
1149
301
1119
300
390
1080
271
290
280
269
269
290
1111
290
291
313
299
280
289
371
269
309
290
320
270
280
270
270
320
269
270
290
270
552
270
289
1068
281
279
270
359
270
279
269
1089
292
289
270
291
290
270
271
280
291
1100
371
489
311
1120
289
320
270
269
270
289
411
270
271
270
1091
270
271
391
273
303
1121
279
270
269
270
269
431
451
301
271
280
270
269
280
370
271
270
306
372
300
290
270
1080
269
269
279
1129
1080
271
271
269
270
269
1090
272
270
271
310
270
269
290
289
269
270
280
269
269
279
350
1110
290
339
270
270
289
349
270
1129
300
271
279
389
1091
270
281
291
270
1069
299
289
270
280
270
269
329
290
300
350
271
270
270
281
289
290
290
1100
359
278
300
361
290
290
270
280
270
279
300
279
291
280
280
270
282
279
320
276
1090
319
1160
1168
290
290
279
271
300
320
271
280
280
270
300
330
283
1080
280
281
1120
270
321
270
330
270
270
291
280
280
1090
281
302
1160
279
289
299
269
1089
320
1121
290
291
291
270
280
1201
290
1090
391
480
269
279
289
335
280
1139
370
490
1080
270
270
279
289
269
1101
291
299
350
270
279
269
271
269
270
280
371
311
269
320
311
339
290
1100
1090
269
1091
330
1100
341
1120
330
1141
270
270
340
1101
279
1090
1170
290
269
339
1177
301
301
299
270
1098
390
269
290
359
311
270
360
1081
1120
1100
1129
330
480
282
1129
289
270
1120
321
1091
293
391
290
301
289
349
319
379
291
310
269
360
380
330
310
282
289
279
290
410
1119
390
439
1089
330
329
270
1099
341
351
330
270
293
421
1090
271
309
280
350
1140
360
310
1089
290
290
270
270
371
270
309
280
1121
269
271
361
430
428
1090
1150
310
349
361
1240
269
1150
1179
290
269
381
308
1190
290
1119
291
290
298
290
394
270
271
1089
390
339
291
302
270
271
299
269
289
279
1150
1119
269
1143
350
329
272
370
278
279