110.
141.
161.
188.
280.
167
343
109
109
100
101
100
100
109
109
100
89
90
100
109
311
101
108
91
100
100
100
100
351
288
99
90
98
309
109
101
100
109
90
101
450
350
328
89
100
311
90
100
99
100
101
100
100
108
100
100
109
109
100
310
100
90
99
109
100
102
101
101
100
109
99
90
100
109
91
100
109
311
109
90
101
281
99
100
101
109
360
320
98
109
109
90
99
100
108
101
109
100
100
109
99
109
109
100
109
109
100
100
109
109
101
109
100
99
109
100
104
100
100
91
100
100
90
101
300
109
109
100
109
99
101
100
342
100
109
99
109
100
109
99
301
109
100
100
99
100
331
101
99
109
339
299
90
101
101
100
90
99
109
498
109
101
100
100
99
100
101
99
101
109
109
101
100
109
100
109
99
99
109
100
109
100
90
300
109
100
109
109
100
109
101
109
301
109
330
100
291
99
100
100
100
99
100
340
101
109
89
109
90
109
100
102
109
101
100
109
109
109
100
100
100
321
109
109
109
101
109
98
100
100
100
281
109
91
100
100
281
100
100
109
99
99
100
100
101
91
100
99
101
99
109
100
109
321
311
109
100
109
301
330
301
100
101
90
99
90
100
100
100
90
99
109
100
450
109
291
101
299
109
100
311
109
350
109
100
349
400
371
470
360
99
320
290
100
109
321
389
109
100
309
330
310
289
346
330
299
310
300
300
290
329
109
90
300
101
109
311
378
310
340
299
291
298
299
330
371
100
330
339
430
100
299
100
310
289
320
90
331
109
290
289
308
290
290
101
289
350
350
109
100
400
100
360
90
100
109
420
290
339
310
299
99
109
100
340
309
340
309
300
289
410
390
289
540
109
109
479
290
369
109
309
399
490
321
321
109
371
109
290
286
299
291
349
99
109
359
109
360
99
320
299
109
109
450
370
291
100
470
300
109
101
351
109
109
109
310
292
296
329
359
281
390
410
287
281
300
359
290
100
99
328
109
300
109
109
320
321
311
310
100
290
109
409
100
309
359
310
289
109
109
99
102
100
109
100
300
291
101
100
451
333
100
301
341
310
339
99
330
99
430
100
350
340
288
301
300
109
288
100
300
310
101
320
101
101
320
320
431
310
100
101
310
109
100
299
291
100
300
339
299
380
109
288
312
290
321
310
300
340
351
350
351
109
109
389
100
311
330
109
320
109
109
109
281
99
359
99
300
360
109
100
109
321
340
91
458
299
290
310
109
339
100
100
340
299
321
379
281
290
289
329
320
331
370
329
331
421
338
109
287
309
310
109
109
440
99
331
319
109
109
429
100
330
99
109
109
109
100
102
301
100
301
289
99
341
100
311
359
100
109
89
109
321
101
100
291
100
99
281
109
320
101
109
320
410
321
319
99
349
318
109
100
108
109
109
109
100
290
100
291
109
339
350
101
109
289
310
100
97
420
100
359
299
100
290
289
291
290
351
300
99
109
291
281
282
100
309
310
90
100
109
421
309
311
319
91
290
359
298
291
101
311
299
290
348
101
109
309
100
329
298
310
89
100
300
101
109
99
281
308
320
297
290
109
322
308
339
100
289
340
281
310
331
300
288
360
409
100
90
319
109
389
328
109
109
539
320
340
109
360
340
109
320
391
99
439
320
311
109
281
339
330
100
109
400
101
380
319
281
291
109
100
109
309
109
299
291
301
350
290
357
310
389
350
299
109
99
100
101
300
482
109
100
109
287
299
98
100
101
109
100
289
109
109
101
300
318
109
300
103
100
300
329
301
100
100
329
340
310
109
331
369
109
100
100
109
293
288
100
100
380
320
101
320
311
359
100
100
100
109
330
310
109
108
320
371
301
400
382
100
281
371
310
310
371
101
411
350
347
300
329
109
109
89
100
109
320
290
359
109
100
410
100
300
420
321
350
290
100
320
109
100
281
109
109
450
91
281
290
109
301
109
101
300
100
298
99
100
99
109
381
100
290
300
289
109
320
341
281
309
281
100
370
291
109
301
290
291
321
480
289
109
101
100
330
109
329
99
309
380
109
291
390
299
89
101
100
109
289
108
320
100
290
109
100
109
109
300
100
109
101
290
441
291
109
100
100
359
100
109
281
106
101
109
399
350
100
290
100
380
109
310
100
299
99
99
370
109
109
320
300
90
431
341
109
101
101
100
109
281
361
100
290
101
320
109
100
390
109
361
348
292
340
299
310
109
100
341
109
329
109
109
370
100
99
371
301
100
291
109
99
100
100
290
299
109
301
100
101
282
109
298
100
301
390
281
109
99
108
281
101
291
299
439
361
430
109
401
109
99
440
350
90
99
380
109
109
100
100
100
320
300
370
420
100
330
338
311
281
289
101
330
400
109
99
310
298
100
100
100
108
101
109
99
109
109
300
100
290
100
310
421
288
339
340
403
320
430
101
405
320
320
357
100
102
100
410
109
289
341
360
379
350
309
299
109
101
299
100
109
291
339
100
309
300
330
381
99
291
290
350
360
109
321
109
109
281
301
289
330
291
289
337
109
100
359
289
291
100
100
301
109
109
310
100
101
90
319
109
340
100
100
109
100
319
291
360
100
109
109
340
311
310
290
291
101
300
322
329
299
350
311
289
109
109
100
361
281
109
108
379
109
341
101
299
101
101
101
320
109
109
109
388
401
421
109
300
102
299
109
371
389
310
281
399
440
321
109
109
329
91
109
311
351
341
310
341
392
311
300
320
301
400
100
109
310
100
100
301
109
100
109
338
440
328
331
290
109
109
300
109
361
109
310
311
320
300
290
350
291
362
100
329
320
91
101
109
380
330
341
109
109
319
101
109
101
100
100
290
309
109
380
100
329
100
290
109
340
109
109
301
289
290
288
101
290
290
99
102
109
109
290
109
550
610
301
379
109
100
109
291
100
100
109
100
109
401
100
361
98
100
109
109
310
310
308
371
311
100
101
109
308
100
340
100
101
282
101
100
109
410
109
391
300
311
290
291
351
360
310
351
300
381
359
347
108
461
281
380
350
360
301
309
292
329
109
338
340
290
350
102
99
109
360
281
109
109
99
298
281
291
109
291
99
99
331
331
321
451
329
109
101
411
301
109
290
101
299
319
301
300
289
300
329
330
340
100
352
410
360
350
95
350
108
439
100
331
101
402
310
109
109
109
289
109
340
429
389
100
109
100
319
109
299
100
100
109
334
109
109
369
319
322
288
101
340
300
330
290
300
300
100
310
109
281
109
459
300
340
360
351
311
99
419
329
100
108
360
290
288
99
410
411
401
349
109
100
296
291
319
100
500
291
101
310
289
100
290
109
499
400
101
399
381
320
109
109
360
91
350
100
300
350
288
309
109
101
340
290
332
470
341
109
420
291
350
310
311
320
99
289
320
351
109
290
329
281
290
492
349
350
109
301
311
301
320
641
741
319
281
101
290
100
301
350
341
290
109
281
290
320
390
431
356
370
330
330
320
281
109
411
289
511
371
289
309
351
360
390
478
100
310
380
109
420
330
99
289
320
397
290
320
290
398
379
109
101
109
109
401
330
300
289
109
109
309
285
311
350
349
100
300
430
389
289
300
338
310
318
401
109
109
370
109
109
99
299
109
299
299
330
310
281
290
1110
339
340
290
360
108
441
400
109
370
360
379
390
109
100
300
109
341
291
389
283
360
311
310
350
281
299
330
301
350
470
300
289
360
390
109
510
100
460
289
369
301
101
289
330
281
109
324
301
100
310
300
370
100
369
340
351
339
309
108
339
100
90
321
310
286
109
420
109
401
330
109
300
100
470
340
360
318
310
311
109
310
390
100
100
470
102
290
109
319
330
290
100
290
289
289
340
349
302
409
390
309
320
320
282
109
109
480
360
290
340
320
410
371
320
291
281
291
359
109
379
100
99
329
291
281
319
109
100
310
299
370
290
311
321
310
309
101
289
99
310
401
350
330
380
309
329
100
301
288
341
410
301
319
299
329
320
281
109
300
380
320
109
310
309
301
299
300
301
350
460
109
289
109
310
100
309
320
328
320
101
312
300
301
109
343
361
300
481
301
109
100
302
109
100
388
309
340
332
301
371
320
109
101
349
101
419
290
109
420
109
100
101
381
101
340
318
288
109
306
302
108
349
109
100
99
291
100
109
100
330
100
109
100
109
100
100
301
331
288
99
109
100
290
282
289
358
101
451
290
281
459
432
409
300
100
350
100
349
421
388
281
371
109
99
342
101
109
330
281
100
340
100
290
328
299
91
340
289
399
310
370
100
109
100
281
101
100
319
109
312
349
290
109
430
282
290
281
108
109
100
109
99
330
300
290
109
309
109
109
282
100
281
100
290
310
101
381
309
310
109
340
107
380
106
290
101
290
289
298
100
109
299
330
320
100
359
99
90
459
321
351
301
308
320
331
329
311
309
310
321
291
290
291
389
109
351
301
289
301
100
309
109
398
309
310
290
319
389
100
431
109
340
108
109
100
300
281
109
100
100
300
329
340
299
289
99
101
90
320
92
540
310
300
100
100
399
330
308
109
100
108
101
109
349
311
99
300
310
331
291
108
293
301
100
291
284
380
290
320
329
281
300
460
109
301
109
290
101
99
481
400
109
101
99
100
371
109
439
440
420
320
340
411
100
381
409
281
109
310
331
318
100
100
291
310
299
290
109
319
109
330
300
109
329
100
360
100
300
400
339
312
330
291
109
101
421
109
99
91
320
281
339
101
290
291
299
291
319
100
321
292
341
100
401
319
360
307
329
320
321
300
109
324
359
109
109
100
300
321
90
331
310
109
100
289
307
101
450
330
296
289
109
361
291
90
360
109
89
299
300
342
109
370
320
109
421
310
281
99
100
291
109
100
390
320
290
102
101
102
109
100
359
329
312
289
100
340
100
102
320
460
290
329
109
297
103
420
101
101
109
109
340
370
301
290
292
331
101
99
100
101
330
109
310
100
299
320
100
100
100
290
290
100
101
100
100
339
109
109
420
109
109
100
109
300
310
300
109
109
99
500
339
309
289
339
109
99
419
109
299
310
99
320
109
109
100
109
290
109
109
360
330
109
288
459
290
319
281
109
109
99
300
371
371
300
328
109
311
300
99
389
330
320
290
109
290
109
340
339
109
101
100
99
370
341
109
301
310
321
100
101
99
341
281
109
337
100
320
359
309
101
299
350
340
409
291
329
103
109
109
109
410
302
320
350
290
109
109
289
100
101
308
109
281
308
320
295
349
449
331
308
99
101
99
291
310
320
300
293
470
330
370
320
100
100
341
368
319
109
411
109
109
371
109
100
100
350
349
320
100
109
109
101
318
289
291
100
100
109
360
340
301
340
100
101
99
100
330
101
109
341
321
330
340
500
109
109
109
101
101
281
309
281
109
320
109
109
380
109
388
101
109
381
301
311
331
109
379
109
100
99
109
99
380
371
391
350
361
100
450
100
319
281
301
360
300
109
100
339
301
291
400
391
350
312
339
341
380
99
439
331
389
109
100
399
477
368
290
289
470
322
100
300
341
290
330
292
399
359
101
471
310
399
330
109
281
301
380
109
350
109
300
281
100
409
99
310
340
310
301
100
100
109
302
109
470
319
330
310
361
100
108
100
339
341
308
299
109
109
290
109
499
290
370
361
339
320
100
109
348
320
300
560
400
290
380
109
109
321
109
380
310
330
321
369
100
329
300
380
109
381
360
100
341
300
571
409
368
451
549
481
650
592
406
401
483
291
370
320
419
391
299
980
359
399
99
109
361
101
102
109
319
310
340
340
349
100
471
360
109
91
350
329
348
109
451
351
319
109
360
109
310
100
320
299
319
100
282
371
101
308
89
109
109
109
100
109
100
290
310
320
299
292
680
109
400
100
290
339
311
320
100
101
320
430
100
380
312
100
350
99
330
282
349
291
100
320
109
100
289
330
361
100
100
109
399
300
290
291
321
100
300
520
292
291
310
100
359
323
300
100
100
360
302
90
291
300
339
109
340
100
109
380
310
339
109
431
430
109
338
349
380
109
109
99
348
100
310
321
289
291
400
109
339
99
381
391
389
311
308
90
101
109
281
311
321
410
311
290
100
330
309
100
101
300
109
470
101
109
291
289
359
98
329
100
299
299
469
391
310
100
301
312
109
320
346
360
370
109
302
311
290
290
301
389
100
289
109
330
371
320
461
109
290
329
100
281
320
360
300
360
450
390
340
109
289
419
299
302
291
320
410
331
109
320
419
289
319
310
301
489
360
400
300
290
301
290
340
99
351
101
359
349
109
301
429
102
389
101
109
100
499
320
499
289
510
299
100
431
381
319
330
109
311
309
522
349
101
100
291
371
99
300
109
311
281
105
440
101
109
343
311
339
109
319
450
289
281
401
311
340
380
101
319
329
301
311
101
509
299
360
290
290
331
369
109
329
300
390
358
461
290
370
370
291
300
290
430
410
100
100
306
411
319
380
360
282
541
301
101
320
290
291
340
410
379
361
109
109
408
342
301
340
343
289
289
100
440
360
100
300
479
109
100
328
511
389
101
309
469
430
281
100
100
109
287
348
381
290
290
490
101
341
101
410
321
439
361
109
109
450
341
310
311
297
381
100
89
489
438
360
100
440
300
109
481
320
290
392
330
99
99
100
430
290
100
330
101
369
319
99
331
310
389
340
400
100
290
289
109
109
100
341
360
471
301
100
109
109
292
289
382
282
430
290
431
289
100
471
102
109
361
100
340
320
310
300
329
339
301
299
100
109
100
289
301
330
310
329
320
370
291
109
550
339
298
358
289
441
349
351
360
319
339
350
350
109
450
409
390
461
418
340
328
319
101
100
360
109
388
320
341
379
310
429
332
300
300
301
359
99
331
109
288
290
402
400
298
361
381
360
371
399
383
361
311
370
330
301
439
90
470
395
281
301
310
430
109
380
360
290
450
281
380
310
397
109
309
109
101
360
340
380
108
340
491
340
311
300
310
281
370
300
400
109
380
291
109
349
370
319
89
100
100
109
430
359
361
390
290
109
309
310
339
360
109
330
310
319
100
99
100
109
100
109
109
351
101
109
109
348
101
100
311
311
99
108
108
380
99
100
101
101
340
281
291
289
99
291
360
300
99
339
109
300
109
329
281
310
100
299
101
299
101
351
109
90
330
290
291
101
101
90
379
109
450
101
99
99
101
109
101
99
331
99
300
320
100
109
340
310
100
101
312
100
100
100
109
109
288
352
349
109
330
310
320
100
351
281
90
100
499
99
101
341
321
108
340
100
99
100
281
320
299
100
101
91
109
109
101
99
101
321
300
290
109
330
100
100
109
109
99
330
301
289
90
319
350
370
100
109
100
100
99
101
109
101
100
100
301
310
300
109
100
109
321
330
319
100
100
350
290
290
359
391
461
290
109
430
109
109
100
100
100
310
109
300
109
309
99
99
109
94
322
109
100
90
100
100
100
299
100
100
340
109
99
99
291
311
109
290
109
109
100
382
100
309
330
109
99
100
108
291
99
99
100
109
90
89
352
290
340
100
290
321
290
109
109
311
359
301
99
290
109
281
340
361
109
109
109
351
300
108
90
309
342
330
389
101
341
290
109
99
398
301
101
101
368
109
389
109
100
102
109
102
100
100
109
100
109
109
109
109
101
100
101
109
99
99
91
100
109
89
100
99
100
289
100
340
109
100
109
291
101
109
101
90
100
109
101
109
340
109
100
100
109
100
99
340
101
99
109
100
100
90
100
331
360
100
100
100
301
90
109
109
109
100
100
109
109
101
101
109
99
90
101
100
100
100
101
109
109
100
283
109
309
100
101
100
100
300
100
109
100
109
109
109
291
310
101
90
300
310
101
109
100
286
109
99
109
109
109
90
89
101
109
101
109
98
100
360
109
109
100
100
100
317
313
100
101
109
100
109
101
99
100
89
370
99
100
100
108
101
109
410
300
291
100
291
660
100
109
109
330
109
99
109
109
310
99
100
89
100
101
281
101
299
108
109
100
109
101
100
100
101
100
100
100
109
100
89
98
109
418
90
90
319
102
100
309
99
100
330
1188
309
319
309
108
100
109
100
100
330
100
100
109
401
101
101
99
99
100
99
99
481
100
99
100
101
100
90
109
100
100
109
99
109
100
109
102
100
109
99
302
101
109
101
101
90
109
101
90
99
101
109
329
101
100
99
89
100
100
100
390
109
290
100
89
100
290
100
109
109
109
101
109
109
99
100
90
101
350
99
100
100
100
290
102
290
100
300
320
101
109
99
100
109
109
109
100
109
109
99
350
109
350
108
301
289
109
109
100
99
100
108
100
100
109
370
100
109
100
100
99
105
99
109
99
109
100
281
101
339
330
101
101
100
109
100
109
99
100
410
100
109
100
100
100
101
100
100
109
300
109
100
100
108
101
100
100
100
109
109
99
101
100
100
100
99
290
99
501
391
310
291
109
300
108
101
90
109
101
100
100
109
350
299
99
109
109
109
109
109
360
109
98
300
90
99
410
109
109
109
364
109
100
101
109
102
289
109
100
99
100
109
100
90
109
100
91
100
109
99
101
101
90
369
109
100
109
101
109
109
101
320
109
89
100
108
109
310
289
100
90
349
101
90
91
109
109
91
100
90
90
101
109
99
109
330
290
100
389
100
100
109
108
89
109
321
290
109
109
101
100
321
90
109
109
109
109
351
281
100
100
300
391
100
100
290
90
99
89
109
320
109
91
100
100
291
109
319
301
101
289
90
100
99
100
99
109
109
109
100
109
109
109
109
100
101
109
90
100
100
289
100
351
109
109
309
109
99
109
100
100
109
290
109
109
101
100
100
100
300
109
90
290
100
100
101
109
100
100
101
101
330
100
109
101
109
109
339
109
101
100
90
101
90
100
99
99
370
109
90
89
100
100
109
109
360
101
100
100
102
100
100
109
109
109
290
311
101
100
99
101
99
109
291
90
91
100
109
101
109
100
101
311
291
90
100
310
109
109
300
100
101
100
99
101
100
100
99
109
349
109
109
100
99
101
100
100
99
109
99
100
371
109
290
100
109
100
101
101
370
109
370
109
290
99
100
100
100
340
100
99
100
309
90
109
100
100
100
100
299
109
100
101
100
291
109
109
99
340
339
109
109
300
100
100
281
319
99
99
109
100
100
410
320
98
300
340
331
350
290
341
349
370
420
291
99
340
109
389
370
331
109
309
549
369
340
101
340
319
100
410
320
291
100
323
109
327
291
290
320
100
290
391
330
299
101
470
309
99
349
99
290
100
321
339
310
310
108
361
389
324
290
281
420
109
106
101
331
109
109
289
310
292
307
339
299
109
338
301
308
349
350
291
430
290
90
100
109
100
430
381
379
340
310
100
359
100
410
401
300
359
291
290
100
109
350
370
100
101
301
281
109
99
370
309
101
291
330
109
399
310
109
100
100
100
330
310
281
290
340
349
330
291
340
330
310
400
109
459
330
100
100
291
289
109
281
381
301
109
281
99
320
100
310
481
109
370
289
330
99
281
99
100
420
299
309
101
402
100
109
99
109
109
290
294
100
330
100
100
302
350
99
360
109
281
282
108
309
109
109
490
101
350
308
281
409
109
351
501
320
291
109
281
329
109
100
352
299
349
289
290
319
310
340
99
90
109
100
101
109
109
370
300
101
300
281
101
99
100
312
100
359
282
99
340
300
101
289
330
100
100
289
310
101
281
390
302
331
360
340
100
300
340
289
370
109
100
109
100
290
109
371
301
311
99
418
309
320
290
330
109
310
109
340
99
100
109
300
281
290
341
460
101
310
340
99
331
100
328
301
310
361
100
282
308
321
109
470
99
329
310
370
89
451
350
100
341
350
309
341
302
109
288
289
310
109
109
320
380
310
341
290
340
331
288
350
109
109
109
389
100
98
341
300
300
100
289
291
310
100
283
308
289
340
100
99
300
108
281
300
399
100
101
369
309
349
109
109
319
109
100
340
359
290
290
109
100
400
530
350
341
300
289
399
281
101
300
109
299
350
290
320
289
90
281
299
320
289
109
100
100
109
108
109
99
102
100
320
330
100
301
101
350
290
109
330
99
291
420
109
297
311
299
101
429
320
318
290
321
320
109
100
409
410
290
300
331
291
320
330
300
330
339
499
421
340
360
340
100
99
109
351
108
109
100
400
341
331
340
289
340
289
299
331
341
320
290
100
109
360
301
421
319
309
289
410
420
321
109
302
289
104
399
109
100
100
99
109
108
329
101
99
350
100
98
101
310
320
339
330
100
90
319
330
109
281
320
290
292
109
330
311
100
100
310
100
100
330
331
319
289
319
99
439
361
300
358
320
310
289
109
290
109
281
100
360
299
289
101
290
109
288
349
109
342
338
311
109
109
100
329
109
109
410
299
309
108
101
109
299
109
109
400
109
100
109
99
109
310
331
282
102
320
350
291
301
301
100
330
283
300
360
99
109
298
300
309
290
349
550
109
330
101
391
360
301
102
288
109
99
100
330
109
100
299
100
311
99
331
109
109
109
283
291
330
300
100
380
419
109
301
310
109
400
449
100
301
290
100
101
297
101
109
101
460
109
320
323
329
109
340
109
109
101
350
430
290
309
289
290
99
109
339
109
350
109
352
289
291
320
109
100
309
290
289
108
100
100
329
100
401
340
370
100
100
381
100
290
310
321
370
89
109
100
109
99
382
300
321
300
109
319
100
90
109
282
340
324
310
290
109
100
330
291
109
109
90
109
284
290
100
309
310
91
390
290
290
290
299
300
331
101
310
109
411
109
109
361
100
430
330
100
101
351
109
100
290
288
99
320
311
100
310
100
289
99
99
330
330
340
281
109
340
299
370
402
339
321
301
299
402
289
109
109
309
309
357
289
400
282
100
100
388
290
296
310
320
401
109
109
329
282
109
338
109
109
99
320
99
470
291
289
290
311
100
330
340
100
350
109
299
109
100
109
109
101
311
360
98
109
409
101
431
90
420
350
281
109
100
381
109
99
109
109
100
301
100
299
109
100
290
101
349
109
99
109
99
283
300
101
100
289
319
310
109
289
320
310
281
330
330
100
109
109
109
369
109
310
99
320
320
300
90
340
399
319
290
100
291
289
330
301
300
320
420
480
100
351
100
100
99
291
308
352
100
329
301
330
109
109
359
109
350
340
99
109
319
100
450
349
358
291
101
101
381
109
89
109
99
100
331
108
288
281
300
320
309
109
101
360
109
361
109
107
311
109
100
291
289
100
91
301
309
100
410
289
330
290
287
290
109
100
100
320
99
420
100
330
359
300
301
109
320
299
419
100
109
100
670
720
100
339
109
109
339
298
109
101
109
289
109
101
109
100
370
349
409
291
300
450
109
410
291
100
109
369
101
281
109
109
311
290
290
109
301
289
101
430
410
350
341
109
291
309
392
410
350
330
340
330
100
299
281
298
400
288
370
371
389
328
300
319
300
109
330
309
109
310
291
100
100
101
330
109
109
109
109
351
282
109
290
307
301
100
101
109
109
400
430
99
341
109
101
391
310
109
299
320
329
331
99
307
380
290
291
510
380
100
461
108
281
454
109
350
109
290
310
100
99
330
310
300
310
109
109
350
339
361
291
99
321
109
290
109
282
101
360
109
440
99
331
109
350
298
101
100
330
109
337
301
341
109
359
109
331
109
100
309
288
109
100
299
310
371
290
109
330
300
290
100
341
109
349
109
109
421
100
109
109
290
109
370
109
340
319
90
299
312
323
99
480
330
420
100
340
370
289
431
100
109
419
310
109
109
309
109
100
359
330
100
319
290
319
321
341
290
372
300
109
451
290
350
330
99
109
320
401
360
609
359
319
301
330
318
109
311
100
390
108
700
671
290
290
99
109
301
380
351
289
319
299
311
349
359
360
350
392
319
390
109
370
309
470
99
109
100
330
321
321
300
300
480
609
290
311
290
400
108
319
109
300
321
299
361
109
310
108
300
360
450
311
309
109
301
101
100
300
370
99
331
300
351
320
351
290
289
331
281
310
299
101
100
439
300
282
100
389
281
350
390
420
331
301
290
360
300
370
109
109
100
320
291
410
339
351
330
319
440
310
100
340
311
311
109
420
282
109
373
481
339
321
358
501
109
109
291
300
310
390
400
312
100
100
392
109
409
312
391
470
340
300
331
109
109
309
101
109
301
340
310
321
320
100
100
109
389
281
330
390
411
100
301
300
101
290
341
100
419
109
101
330
329
340
297
100
109
100
109
109
309
380
100
289
340
101
309
321
99
330
291
290
290
100
100
369
109
319
300
109
108
99
341
380
300
330
100
380
99
90
360
430
319
100
301
389
390
100
341
320
90
330
309
350
331
329
100
312
349
351
391
310
310
309
298
100
381
100
390
310
340
319
330
291
329
99
108
290
281
289
291
389
349
321
289
281
100
290
301
313
288
318
311
109
109
100
350
337
379
299
370
339
349
311
281
101
290
99
100
410
109
491
281
108
109
290
90
340
109
109
461
310
299
321
420
329
401
100
310
100
310
290
291
310
319
471
410
91
300
330
299
310
321
109
109
360
300
100
99
340
109
380
101
389
311
291
109
331
333
109
281
330
321
300
109
360
370
370
109
99
291
109
109
320
311
290
100
100
101
109
392
431
100
320
299
109
359
341
410
360
91
101
101
350
329
310
310
309
109
290
310
310
310
300
100
109
100
410
99
109
99
109
109
330
340
109
291
109
310
101
281
290
371
281
100
109
300
100
371
310
99
305
341
331
100
100
300
309
321
281
109
109
100
109
369
292
299
100
109
99
290
329
100
109
401
359
331
341
100
100
321
299
341
319
101
100
521
339
102
341
291
109
331
300
311
302
360
100
339
300
291
330
101
99
291
369
350
100
291
100
381
310
100
100
109
109
290
351
310
300
321
370
310
289
102
109
100
310
301
109
410
339
101
320
109
109
109
459
300
311
100
290
100
109
380
101
101
319
431
289
289
301
109
109
100
288
100
109
109
391
109
281
300
99
109
101
289
291
282
109
300
99
101
281
290
109
320
469
341
109
100
109
100
370
109
519
311
100
101
330
459
291
470
330
109
301
360
99
289
109
390
381
360
340
109
340
99
314
100
330
290
109
300
330
290
349
300
349
109
469
100
108
291
289
338
290
281
101
90
108
100
100
109
100
360
365
359
281
421
299
89
290
100
100
100
490
109
290
109
350
289
301
320
290
340
369
320
109
109
100
329
382
319
330
339
319
101
340
390
289
380
101
299
101
390
101
299
300
301
289
381
410
109
321
300
281
288
281
380
91
91
320
341
330
290
108
109
329
100
431
319
320
109
281
102
319
109
380
109
100
350
321
310
349
360
109
109
101
99
290
108
109
99
329
311
361
101
100
109
100
99
419
360
282
109
100
109
300
109
100
100
300
99
341
289
290
109
100
100
109
310
89
100
101
109
439
109
317
100
311
100
100
301
291
100
319
289
101
101
290
361
108
380
281
100
290
101
300
109
90
470
99
339
100
109
300
100
99
109
99
449
289
290
109
302
101
109
91
108
290
300
399
109
297
109
109
109
109
291
359
100
299
101
100
500
310
310
109
101
341
109
109
329
101
307
101
370
300
340
300
328
329
109
381
341
101
289
292
109
101
100
440
100
329
355
101
109
109
411
100
109
289
109
299
301
289
290
291
350
100
309
360
100
109
318
109
359
281
290
411
389
292
109
309
301
339
109
100
417
109
100
320
102
288
291
100
90
371
350
299
320
310
100
299
109
341
109
101
109
390
290
299
109
100
290
331
319
289
109
359
109
100
391
400
109
411
417
100
109
330
109
289
290
320
310
293
109
330
320
291
359
381
340
400
101
290
290
109
388
320
319
100
101
100
350
100
109
450
341
321
341
311
350
370
108
100
441
298
109
320
360
306
290
109
339
329
299
380
430
89
300
290
321
370
109
630
330
499
451
290
320
290
281
301
482
321
281
369
329
109
289
309
300
380
300
109
109
391
379
310
329
340
350
100
379
328
340
301
101
330
109
351
310
291
102
310
281
349
300
99
281
109
361
471
350
335
298
331
310
109
109
109
109
300
361
309
290
520
91
300
379
287
370
389
100
100
429
470
293
539
290
379
421
300
290
360
289
300
109
109
100
378
300
349
359
301
359
100
101
414
290
290
690
319
489
321
299
358
440
309
459
410
551
309
281
290
339
350
298
319
379
659
300
850
339
90
99
101
311
330
319
331
109
300
320
360
300
290
369
311
310
300
333
292
289
99
101
289
101
441
349
351
311
310
379
100
361
101
100
109
309
321
109
289
339
100
100
109
302
100
340
339
302
290
101
528
419
381
336
320
380
338
99
320
290
368
300
100
299
99
341
470
109
330
291
310
380
380
349
319
351
101
290
290
318
370
100
449
330
100
109
109
290
321
340
100
371
100
319
326
411
100
390
311
300
320
480
370
320
340
399
290
341
359
301
109
410
450
101
340
389
321
391
410
371
299
290
290
311
100
481
320
290
350
330
307
450
349
420
310
101
310
310
100
291
109
311
301
441
300
309
100
320
540
109
301
300
301
109
291
290
288
300
379
109
100
401
109
311
289
350
389
101
459
359
109
309
291
448
109
109
101
99
109
372
351
310
100
340
109
109
299
100
109
350
100
300
380
310
100
109
100
299
400
99
381
301
100
371
312
290
301
109
320
289
369
321
100
109
109
99
291
470
300
350
109
481
360
310
98
100
369
350
342
350
100
399
109
100
100
441
109
370
109
500
99
360
511
100
350
392
430
100
339
300
300
540
360
307
301
290
321
300
419
100
380
349
360
109
350
441
100
500
340
359
329
330
109
510
109
300
406
330
101
370
351
319
98
379
300
309
350
451
289
329
360
340
431
400
108
109
300
109
290
99
369
99
292
320
309
369
109
419
109
290
329
100
341
310
401
321
289
299
311
310
101
100
300
287
389
100
300
100
379
320
319
109
300
330
99
100
109
462
429
531
370
360
101
290
90
310
300
441
290
109
390
301
299
300
289
100
109
311
100
291
321
290
100
398
351
99
341
320
321
328
329
460
310
310
310
371
290
109
459
321
481
100
311
390
100
109
380
109
391
410
410
100
109
291
300
291
340
391
100
101
109
330
311
430
99
101
379
99
320
390
99
402
311
310
281
300
441
311
411
331
479
390
300
359
339
360
319
329
338
281
109
310
348
100
350
292
281
300
372
311
109
371
310
109
321
350
460
101
420
372
350
392
370
300
290
380
309
360
329
381
351
420
380
99
350
100
100
102
379
530
320
291
309
290
479
281
431
300
339
291
330
291
290
319
390
430
349
360
289
360
371
321
330
350
411
299
351
299
389
320
509
301
310
340
289
350
301
300
390
293
320
330
108
109
101
420
380
311
370
109
400
309
100
311
290
290
290
429
100
335
360
310
398
380
310
400
369
301
291
351
360
381
109
109
90
391
299
380
289
339
561
109
98
100
1180
411
99
408
299
290
290
109
101
100
109
350
361
339
379
340
300
310
100
319
382
310
100
311
109
90
100
330
330
101
300
300
321
590
339
89
329
369
360
309
100
320
290
460
101
300
370
308
99
109
109
100
99
370
292
309
359
330
291
340
470
109
101
360
290
320
309
290
390
339
100
360
300
459
1160
350
329
350
289
340
281
299
310
300
299
281
361
90
301
349
319
340
291
490
321
101
109
359
291
291
320
290
342
320
390
298
299
309
299
299
99
90
369
289
311
101
301
310
351
400
370
330
480
361
101
331
349
301
310
108
109
291
109
419
320
310
301
369
99
320
310
109
310
301
100
108
94
100
360
310
281
109
379
290
99
299
320
369
90
99
89
312
101
109
100
109
379
291
318
109
109
290
360
290
109
299
109
372
99
330
100
99
282
290
339
281
101
370
109
109
429
100
281
339
101
319
99
109
331
109
109
421
289
289
99
101
290
391
98
339
301
101
109
109
300
100
100
290
309
298
101
109
100
109
90
311
98
100
100
300
100
294
101
109
1130
100
99
100
100
101
290
101
109
99
100
109
109
301
109
109
109
99
100
109
100
410
109
101
99
105
98
299
100
109
109
99
101
109
109
101
100
100
91
91
101
109
100
109
101
99
301
90
109
98
91
109
109
100
319
99
281
340
109
282
109
101
109
109
109
99
99
99
108
100
100
101
109
100
100
100
100
109
369
290
101
109
320
281
99
109
99
99
440
109
100
101
390
300
350
100
319
109
289
362
109
109
290
300
309
100
101
109
100
109
91
109
100
99
100
90
109
320
312
99
289
101
100
109
349
100
100
389
302
320
100
90
100
100
370
101
100
100
101
100
109
100
109
412
99
100
101
109
109
109
109
451
341
109
100
99
109
100
109
100
109
300
99
100
100
100
109
310
109
91
302
99
100
100
109
109
100
100
108
100
101
100
100
330
101
99
109
100
99
90
100
100
300
101
100
99
291
290
100
109
109
101
100
101
99
99
100
350
101
109
390
99
100
99
321
109
109
289
100
109
109
109
101
100
101
90
301
108
411
99
100
340
109
89
100
109
100
100
108
370
109
100
101
109
101
100
100
99
109
291
109
99
109
109
290
100
109
319
100
109
330
100
100
109
100
99
101
327
101
109
99
109
99
101
100
109
101
99
109
109
101
100
91
100
99
101
100
109
109
109
100
99
109
341
101
100
481
310
349
109
108
109
101
109
109
109
109
91
100
109
109
109
100
290
290
99
362
109
90
100
100
100
100
101
291
360
109
99
100
295
99
99
108
100
100
100
109
100
90
100
100
109
109
385
100
108
109
339
100
100
109
100
109
99
321
342
99
101
109
101
100
99
101
331
89
99
101
99
109
281
100
100
309
100
101
109
100
109
101
109
99
101
109
359
109
90
109
109
100
100
100
109
89
340
351
109
100
109
290
310
100
106
109
100
109
101
101
91
101
109
89
100
320
107
290
349
100
100
108
109
101
89
100
109
369
109
287
109
310
100
109
100
311
100
109
98
109
100
101
100
100
101
420
99
99
310
101
341
109
100
109
301
109
100
100
101
100
100
100
109
100
100
100
100
100
300
101
109
100
109
109
109
109
99
109
90
108
100
100
100
100
381
101
100
109
100
100
101
99
311
100
109
101
90
300
99
100
92
109
101
109
101
100
109
109
109
109
101
109
290
99
109
99
99
349
109
100
109
101
90
101
99
101
109
99
91
100
361
100
109
109
99
109
108
350
100
99
101
100
109
109
109
109
311
100
109
99
109
109
90
90
350
109
101
100
109
101
370
310
99
99
100
101
100
100
100
99
100
100
101
109
90
320
100
109
109
340
109
109
108
109
90
100
109
109
100
100
91
100
109
380
101
100
100
99
109
109
298
100
100
109
101
100
100
109
109
101
100
109
100
100
109
100
109
91
100
100
349
100
109
100
109
306
98
89
99
99
100
100
109
90
99
349
109
109
99
100
109
101
109
330
100
101
100
100
100
100
109
90
101
109
109
450
109
109
109
109
321
300
109
109
341
101
109
109
100
100
101
109
100
100
89
100
100
100
109
101
401
101
101
109
290
99
100
99
109
109
100
109
301
101
99
331
101
91
94
300
290
100
100
90
100
109
100
380
101
101
90
330
300
330
109
331
100
101
309
379
451
100
109
369
329
299
311
309
310
109
480
290
330
104
311
330
109
309
290
300
108
109
290
320
360
109
299
109
301
282
310
310
109
319
359
100
100
311
90
291
304
310
309
409
109
100
109
290
360
108
290
108
330
300
300
401
291
101
109
359
100
340
328
100
311
289
109
281
281
350
340
100
351
411
291
100
319
350
109
430
423
341
330
291
312
329
340
359
322
330
361
100
289
350
109
318
331
108
99
420
101
351
109
390
100
109
301
109
301
390
310
340
330
310
300
100
449
281
322
101
109
390
300
100
291
289
89
290
290
349
100
281
309
299
101
369
100
100
101
100
340
100
109
109
109
101
309
350
109
310
310
282
309
109
352
299
281
309
331
359
311
351
470
281
289
302
109
100
350
341
301
101
349
360
297
109
511
109
309
290
101
109
99
291
320
101
281
289
360
100
372
109
100
400
300
351
350
100
99
101
100
100
109
301
109
358
362
100
381
300
100
100
380
109
109
299
310
348
300
358
109
340
100
108
340
309
300
319
289
320
100
109
370
109
281
100
290
300
300
300
300
361
109
301
370
320
109
281
109
109
290
92
319
300
290
99
420
300
300
330
318
109
519
106
301
108
100
341
109
109
319
358
101
379
291
300
300
291
99
100
109
109
290
321
311
309
320
102
360
100
109
309
338
109
299
340
300
330
281
351
308
109
90
100
324
109
301
100
400
109
381
99
100
109
108
109
360
109
100
361
300
289
291
300
100
391
109
489
104
319
301
311
109
99
350
330
281
369
109
330
100
301
109
281
302
340
100
101
109
109
109
320
108
100
109
109
289
100
321
101
350
300
109
100
320
100
310
290
390
290
290
330
299
100
109
100
409
308
341
310
290
360
340
109
99
100
109
331
100
291
284
101
309
109
100
390
331
319
480
331
290
301
291
330
349
109
379
350
109
109
109
109
109
370
320
109
391
451
109
281
288
300
310
382
300
310
308
290
100
281
100
352
299
291
109
99
109
109
369
100
101
100
499
100
329
311
109
100
99
109
109
340
349
290
299
329
100
300
109
100
109
109
109
291
310
330
281
109
299
330
296
300
381
400
331
320
351
300
109
100
370
310
330
309
109
109
360
101
433
440
100
101
320
300
311
290
100
101
100
450
309
109
310
300
100
100
101
311
94
287
301
399
109
300
291
299
100
100
100
400
281
291
320
109
293
109
100
350
99
100
300
99
109
320
108
99
102
340
101
100
380
349
109
330
108
549
109
300
322
291
330
101
390
349
109
420
109
99
329
99
109
100
109
109
100
300
109
109
99
100
100
109
109
321
100
109
109
99
109
100
291
320
101
109
109
339
109
420
100
341
100
300
470
109
289
109
391
109
100
101
109
290
109
391
109
289
281
108
361
109
109
109
100
100
101
100
100
99
291
331
281
290
289
290
311
311
320
109
321
399
290
329
290
109
342
109
101
109
109
281
331
291
109
100
101
322
109
389
346
101
320
109
330
101
312
109
300
109
299
100
109
100
101
290
301
300
109
91
100
300
100
109
108
320
109
101
99
100
100
321
300
109
109
399
100
100
392
109
320
109
400
340
109
300
109
100
351
310
411
109
99
350
331
340
109
109
98
100
369
101
109
320
389
490
301
391
300
109
100
109
281
109
109
310
90
101
420
281
309
100
109
109
290
99
299
101
109
109
102
460
299
100
309
291
101
350
109
100
319
100
301
360
109
329
281
109
399
291
319
311
109
109
291
291
109
100
300
100
299
411
100
109
100
332
310
354
109
348
109
101
320
99
340
102
339
100
321
109
101
390
99
99
461
380
109
108
109
289
109
109
290
99
90
109
309
338
109
299
109
350
360
330
100
90
320
342
360
289
109
100
109
300
319
109
300
321
109
291
300
109
109
100
311
90
101
109
99
285
107
99
109
390
400
99
102
320
109
290
289
290
100
298
291
109
308
327
290
319
300
400
370
320
290
109
100
332
290
101
109
309
291
100
340
300
339
399
290
289
100
321
109
101
100
390
368
109
380
109
320
109
478
329
391
99
432
330
339
99
310
300
291
109
320
109
99
301
360
109
341
109
101
101
109
101
300
108
299
100
330
99
100
100
109
101
100
340
320
300
100
321
109
109
101
310
301
290
301
299
109
109
289
299
109
101
531
601
480
109
439
109
109
109
99
289
100
99
109
370
389
101
109
109
451
101
100
400
109
109
108
101
281
100
100
99
101
100
109
90
100
450
108
281
109
109
109
371
109
301
372
109
448
362
369
340
291
330
93
306
313
320
109
299
308
109
439
109
389
320
311
360
301
301
380
328
291
361
292
100
341
329
321
109
309
300
314
109
290
99
100
100
109
108
330
329
290
101
449
340
311
319
300
300
109
300
310
290
304
359
321
530
421
361
109
98
99
100
100
109
108
109
109
370
309
290
294
290
100
291
361
289
101
109
99
101
109
400
329
109
108
109
281
100
309
332
337
100
330
281
339
332
100
300
108
331
108
379
288
310
319
361
320
302
381
109
317
100
310
290
480
100
91
449
351
321
340
331
301
299
301
100
369
360
100
391
109
301
350
109
370
99
439
331
310
290
109
100
300
330
99
310
98
433
381
90
100
100
480
289
101
390
300
429
300
109
101
319
310
109
289
100
109
288
428
620
359
361
431
100
321
659
731
100
320
330
399
321
282
319
101
310
311
109
100
319
300
351
320
430
331
370
109
366
369
429
309
299
109
320
400
419
359
100
401
100
100
370
109
310
290
380
301
100
100
107
109
100
99
460
109
290
312
310
350
290
291
319
291
310
100
109
368
440
301
341
320
445
101
101
100
109
289
309
311
299
350
109
350
321
109
380
100
99
309
109
362
109
99
421
361
350
340
100
300
350
101
330
290
380
400
329
331
360
351
312
339
399
329
410
290
310
300
321
300
510
109
422
330
352
361
100
99
310
107
370
290
281
289
321
320
389
370
309
290
330
281
99
99
281
109
430
309
109
99
370
109
108
321
347
460
109
301
339
301
450
283
331
320
351
109
339
109
109
300
426
109
350
308
300
285
358
311
320
109
300
91
301
399
331
100
299
289
100
360
100
281
109
290
101
281
340
109
109
109
370
340
380
100
329
101
100
99
289
109
301
101
320
299
360
330
329
290
321
109
109
290
329
109
299
309
109
310
391
289
281
101
330
281
330
109
290
310
319
360
281
300
290
330
330
100
300
100
99
100
89
99
321
310
288
311
291
290
320
370
100
109
390
101
289
301
290
281
109
348
289
290
109
100
313
109
109
99
331
98
312
109
300
350
300
291
501
109
290
400
290
392
109
310
350
109
309
109
331
331
101
281
308
330
500
89
351
109
300
320
307
109
291
309
341
302
109
109
109
340
109
281
109
109
379
109
320
340
333
351
89
289
359
309
100
340
440
319
109
381
420
289
311
411
380
362
290
99
109
380
349
109
290
99
299
101
360
300
328
350
540
109
109
290
331
99
109
109
299
90
100
297
100
109
300
302
281
300
100
100
109
379
300
318
300
109
107
100
310
109
100
101
318
287
360
341
310
300
100
109
101
360
318
320
290
300
109
107
100
100
341
348
109
330
371
100
360
300
369
329
330
293
101
320
331
109
109
340
109
299
100
100
320
301
290
311
289
100
359
361
299
309
109
300
99
320
300
99
329
100
336
99
341
109
320
109
311
109
290
310
109
100
330
107
101
109
100
99
299
290
99
530
301
109
100
101
281
100
100
109
510
99
330
101
282
100
310
91
281
371
309
108
320
108
310
109
109
100
320
109
300
289
108
109
431
101
99
319
99
101
109
103
109
471
100
378
100
331
370
420
392
291
109
109
100
109
323
109
342
391
100
109
99
99
100
281
310
100
360
109
100
290
291
108
310
309
308
101
101
301
101
99
320
310
290
109
108
301
109
108
100
109
430
459
329
109
360
101
289
300
298
320
440
109
390
100
101
101
100
310
370
301
309
301
109
339
339
101
108
109
311
301
331
339
300
349
109
109
100
100
100
469
109
411
290
301
100
100
90
101
341
100
412
289
311
291
359
109
347
99
310
320
100
300
330
290
291
109
310
321
99
301
99
321
109
301
341
100
369
100
380
109
360
100
291
109
109
459
99
109
109
100
91
419
299
99
100
109
281
410
320
300
309
109
99
100
480
100
100
293
101
109
109
101
281
300
101
100
98
431
290
311
290
109
109
320
450
289
350
109
109
321
99
310
339
291
290
320
100
321
299
109
100
290
109
379
327
291
109
109
481
308
109
300
340
109
281
109
99
109
100
399
330
320
109
109
300
101
380
294
100
421
289
300
291
364
351
310
281
350
291
340
298
109
290
109
330
109
100
281
109
450
301
300
320
282
290
99
351
109
100
100
309
299
109
321
299
299
291
309
328
440
109
314
101
109
300
380
358
339
100
109
281
108
371
109
349
100
281
108
311
290
329
339
340
341
101
109
430
99
311
109
100
320
290
100
340
282
109
101
330
100
100
109
109
339
350
310
100
101
340
430
341
289
581
291
100
301
290
320
109
340
440
331
340
281
109
401
329
101
361
330
360
100
440
430
109
372
109
350
300
109
331
319
99
421
109
99
109
109
291
109
89
109
400
371
101
398
290
320
99
329
291
379
100
310
299
109
321
380
361
109
649
419
399
400
109
310
390
321
371
320
101
440
310
350
301
291
100
289
301
289
282
381
310
362
351
339
281
290
101
329
99
100
320
379
319
329
109
100
419
320
109
109
321
109
109
109
101
360
290
300
290
330
109
100
411
291
358
108
100
321
100
381
291
339
100
101
391
100
108
289
360
419
319
109
324
489
420
310
291
101
302
290
109
339
99
330
101
319
101
371
100
109
100
370
101
370
511
470
300
311
359
282
410
330
301
349
429
350
330
390
523
360
371
328
860
320
291
100
370
350
310
310
109
100
109
109
450
340
320
332
299
109
310
435
99
391
339
291
109
100
349
330
100
308
301
109
100
99
309
101
109
291
319
109
100
291
299
290
320
290
420
690
340
109
351
350
329
109
382
361
360
289
380
340
341
409
360
109
470
370
340
320
109
430
281
321
329
290
109
370
100
340
422
318
379
306
109
308
319
309
282
380
300
431
109
100
331
390
300
109
350
99
312
300
380
109
420
321
291
109
330
330
479
349
510
310
328
310
109
360
290
490
300
328
319
326
109
420
310
100
100
100
109
340
300
359
288
289
109
351
109
331
109
309
99
310
412
416
290
109
360
291
109
108
109
469
108
109
340
361
339
100
290
420
100
109
109
100
371
109
290
400
290
321
109
480
109
109
391
290
350
380
109
100
340
309
319
401
289
329
91
371
411
320
101
461
350
100
289
100
289
380
401
340
301
459
400
101
360
309
350
539
319
290
308
411
388
320
330
300
320
109
108
380
310
291
109
281
109
109
431
109
340
300
100
361
458
490
310
370
289
339
299
491
310
440
301
299
350
100
399
100
360
309
321
310
308
461
350
360
299
421
380
378
330
302
106
291
309
100
540
109
108
109
288
319
340
381
300
100
359
340
320
330
100
100
310
98
100
341
480
281
410
299
312
290
281
449
109
109
100
100
90
440
449
100
109
561
372
331
310
101
99
451
310
308
362
361
101
100
100
499
459
421
310
300
331
317
344
310
100
109
109
457
300
352
289
310
384
319
370
370
317
360
109
108
108
332
99
100
289
109
288
376
99
370
351
360
329
380
290
109
109
351
360
391
100
370
339
109
109
368
330
361
100
420
108
420
351
340
309
309
321
310
339
451
390
301
300
355
350
371
429
329
340
310
100
108
100
100
109
499
309
319
290
329
370
380
100
399
291
310
447
349
109
330
450
430
439
290
371
101
350
108
320
500
109
339
329
281
320
330
420
472
311
300
359
289
320
369
109
369
101
290
291
400
410
100
319
319
351
321
300
281
361
109
309
290
350
620
103
430
349
310
289
390
311
321
430
290
340
282
320
289
390
299
290
100
99
109
309
390
100
311
291
341
341
341
380
109
390
359
329
361
109
319
101
281
348
361
290
311
360
109
109
299
310
99
291
610
281
431
361
332
320
302
101
401
310
321
102
99
108
109
341
301
290
281
341
290
309
109
109
341
109
109
321
320
109
309
330
109
320
286
401
370
311
440
109
331
290
320
100
109
101
290
451
109
109
291
301
341
332
291
399
309
101
100
281
109
109
100
350
330
380
320
329
379
109
329
351
301
281
100
330
100
300
330
341
321
100
108
401
369
90
301
316
90
100
109
109
309
331
289
370
290
100
359
402
100
321
400
390
300
350
109
109
329
109
100
100
421
99
109
309
100
331
109
351
299
370
290
471
499
390
109
331
109
298
109
321
100
360
100
309
326
100
311
310
100
100
109
311
100
311
299
101
379
350
99
100
430
311
301
290
100
100
368
330
310
299
284
290
109
109
300
290
370
100
100
89
321
98
109
100
290
291
290
321
100
99
321
109
99
330
109
109
100
339
99
391
100
410
102
101
100
99
99
109
109
289
300
329
109
109
100
89
109
101
109
99
109
310
101
89
109
90
109
109
290
109
99
101
100
100
312
101
99
100
109
109
100
101
109
108
291
109
90
101
100
100
109
301
100
109
100
88
109
90
100
109
109
109
309
109
100
292
99
99
108
109
101
109
100
109
100
109
100
100
90
102
100
109
100
109
300
100
101
101
109
100
100
109
109
90
99
99
99
281
318
101
99
100
109
291
109
109
101
99
311
109
109
91
108
109
109
100
101
100
101
288
109
289
100
100
92
90
109
109
109
109
100
109
109
100
109
380
99
109
109
90
100
101
100
401
309
100
109
291
301
109
101
352
100
100
109
101