60.
101.
120.
139.
631.
137
1159
59
59
59
59
58
59
59
59
59
59
50
59
59
51
59
50
59
59
59
59
59
59
59
51
59
59
49
59
59
1350
59
59
59
59
59
50
59
50
59
51
59
59
55
59
1121
59
59
59
58
59
1540
50
59
59
1979
1919
1221
59
1107
59
59
2461
59
1659
1590
59
59
2481
1490
1610
1360
1480
1119
1121
1221
1071
59
1600
1489
1492
1150
59
2551
1009
1769
1490
1489
1501
59
1110
1101
2012
1190
1823
1459
1491
1490
1848
1863
59
1610
59
1110
59
59
59
1210
3149
840
59
59
1142
1141
52
1562
1181
918
1242
810
1149
59
59
1130
879
820
1411
1491
1690
1481
1810
59
56
649
1870
1490
1459
59
59
59
1618
1512
1481
59
59
59
1101
59
1470
1501
1590
791
1198
59
1659
59
59
1548
1949
59
1129
1430
1790
1500
2608
679
59
59
780
1519
820
808
1080
57
59
59
59
649
59
1880
1539
1490
1499
802
1469
1520
59
1528
1500
59
59
1570
59
1121
59
651
59
1630
1490
59
1519
1510
1539
59
59
1629
1480
1511
1260
59
59
1399
1521
1469
51
1540
1520
1610
1490
59
59
59
50
59
59
59
59
1640
1490
899
1450
59
1550
810
1619
1559
869
671
1558
59
59
59
59
2199
2360
741
59
1940
59
59
50
1090
1879
59
1082
1330
59
1619
1502
1311
1479
1491
1490
1500
1469
990
59
59
59
1640
59
1571
1479
1149
59
1150
1552
1180
1110
1838
1668
2089
1492
1510
1171
1120
1050
59
1340
690
714
790
3520
831
1471
1490
1480
1500
1500
1462
1490
1489
1571
1279
873
1090
59
59
1122
59
1073
1123
59
2289
1789
1510
1481
1371
1011
1071
1962
1491
1479
1490
1490
1110
1180
59
1249
59
59
1170
1130
1009
1102
59
1549
1479
1490
1491
1510
59
1631
1589
1110
51
1178
59
1161
59
1091
1380
1111
1311
721
1072
1651
1152
1140
1329
59
1143
673
781
1160
1559
1129
1098
1108
1200
1507
1861
2411
1732
49
59
1209
1540
2613
1638
721
1251
59
710
851
868
50
1080
59
1179
1160
1122
1180
639
2150
1120
1070
1120
1109
3121
1150
59
1079
59
2227
841
2161
3471
1488
1161
1109
2100
803
59
1360
1119
1111
1560
660
3889
1677
1251
1131
1111
2259
1521
1059
1529
1093
1112
1128
632
1098
2711
1760
3431
3500
841
1119
1102
2001
1498
2569
1331
829
1400
59
59
59
1150
2349
1741
2239
59
1102
2241
1110
1131
1968
4111
59
1181
1061
729
1418
1120
59
2211
2290
59
1720
1280
1081
1139
1122
1101
1150
1110
1519
1010
1119
1822
1100
1111
962
1109
58
51
1271
2359
1101
1231
700
1133
59
1121
869
1559
1001
1572
1150
1700
712
1120
1099
59
671
731
1421
2038
1480
1491
1961
1150
1090
2150
1491
1481
1501
1470
1199
1232
1491
1509
1251
720
1171
59
971
1141
59
641
1100
952
1701
1120
1089
5461
1560
1281
1018
1299
1229
1069
1251
1231
3442
1338
1510
1491
1489
1209
59
1129
1177
2560
1229
1084
1368
731
1100
1151
1623
2060
1110
911
1507
1440
1790
1332
1143
59
1173
1159
1102
1150
1940
1792
800
1269
1651
2320
1150
1191
1091
1130
1693
943
1700
1251
1001
2099
771
1111
1030
1359
1641
59
1113
1122
1083
1121
750
639
882
690
1410
1181
1172
1001
59
1103
2451
1480
1490
1480
1120
1010
1509
1111
1350
1489
710
1109
1080
59
1129
1300
1170
59
1149
1889
1440
1140
50
1139
1338
1311
1141
1169
1150
1362
2109
822
1121
2120
2440
1499
1178
1182
2141
1788
1091
870
1169
1101
1161
1070
1140
1149
59
1191
1360
1459
1522
1892
1120
1109
1200
1151
1170
1861
1903
660
1228
829
981
1671
59
59
1610
1172
1390
1482
1489
1491
1511
1490
59
1130
1150
1090
752
1099
1711
999
1469
991
928
1110
59
59
59
1261
1203
1532
1121
59
59
1150
59
1080
1291
1402
1460
1478
1190
1129
1121
50
1138
59
59
59
51
1200
1163
1139
670
59
1121
1172
59
59
1033
1099
59
59
1281
1509
1480
1150
791
1070
59
1120
1082
1269
1641
1131
1280
1480
1509
1159
649
58
869
2009
59
58
1131
59
59
1100
1129
1130
1670
3381
1500
1491
710
1573
2128
1159
59
913
1229
1478
650
1159
1113
1070
1160
1341
1198
1149
1830
1170
1360
1370
1792
1091
1140
2231
648
1212
1170
1139
2100
1119
1159
1532
59
1089
59
1200
1071
1011
1952
1480
1331
59
59
1600
1270
59
59
1132
1420
1489
1480
1480
1512
1212
1602
1380
1130
1751
1242
1109
1120
2099
1313
1142
670
1650
1170
1251
1490
1510
1492
1450
1490
1490
1279
3971
1500
1210
1271
59
1130
1509
1489
1111
1130
1110
688
1931
773
1188
2181
750
1102
1510
1760
1130
1133
59
1197
59
1121
1190
1139
1160
1770
781
1110
59
661
1119
1111
1149
1710
1239
670
1192
1102
1171
1141
1389
910
1121
1110
1160
1110
1120
59
1119
1091
59
1120
59
59
1650
1909
2610
1480
1480
1157
59
2240
59
1185
1941
1549
59
1060
50
59
59
1218
1181
1849
1030
59
51
59
791
1149
59
59
1291
1491
1000
1881
1500
1500
59
59
59
59
668
1079
59
1082
1109
1160
1471
59
1090
59
1139
1160
50
59
2273
1490
1479
1499
1019
59
2198
1231
1831
59
2001
59
59
1880
660
59
1130
3050
1101
1176
2049
59
1192
1120
1140
2241
1479
1590
4170
899
1531
59
59
59
51
59
1540
1101
922
1350
2131
1489
1291
640
1151
1092
1131
1172
1960
1241
1110
1136
1478
1368
1340
1141
1168
1509
1072
1092
50
1111
2189
1501
1479
1523
1120
59
643
788
1140
59
1158
59
59
1510
1551
1090
59
1641
1142
1591
1509
59
1230
1118
1119
1100
1141
1111
59
2144
59
1429
1669
737
1311
59
59
1168
1120
1182
1167
59
1119
1871
1510
779
1831
1008
59
1134
59
59
1100
59
57
1198
1180
1130
1099
58
1161
1889
2459
1891
1261
59
1130
1132
2491
1632
1781
1490
1739
1130
1092
1138
1891
1112
660
1150
59
1081
1199
930
1339
50
2441
1780
5130
59
56
771
1929
1780
1511
59
1139
1548
4181
1120
59
59
1301
1589
59
59
1499
3580
1088
59
59
1104
2458
1082
3240
1079
1570
2340
1129
51
59
1340
1589
859
1411
2011
1071
59
2549
1520
1011
1429
1131
1079
51
1111
1139
1089
1611
59
59
1842
1511
1519
1110
59
1120
650
1183
659
59
1080
1893
1569
1521
1800
2220
1491
1479
1491
1159
59
59
59
1880
1538
1532
1448
1490
1049
1139
1060
59
1204
1177
59
1571
59
59
1149
1819
1442
1481
638
1638
59
59
59
1550
59
659
1360
1140
59
1149
1571
59
50
59
1390
59
50
1109
59
1438
1540
993
1149
1349
1500
1482
59
59
1489
1109
1900
1480
1490
59
1140
1179
1130
709
1290
1860
1101
1621
59
1109
1849
1789
2120
1792
1119
1253
700
59
1120
1081
1849
1450
1491
1480
1550
1441
1514
1461
1491
1478
1480
1062
59
1091
1138
2161
1468
1789
1490
1500
822
59
3133
59
1769
59
1661
59
1660
59
59
57
59
59
1638
1790
1269
59
1692
1581
778
59
1090
2250
732
50
59
1100
59
1601
1109
1141
1562
1159
59
1639
971
1140
1540
1311
989
1039
1080
1101
1081
1638
1450
59
1089
1087
50
1081
59
1229
971
59
59
1160
1651
668
1188
50
650
59
50
888
2022
59
50
50
59
1119
1470
1470
1490
1491
1090
59
59
59
1131
669
2181
1490
1510
2749
1281
1401
1489
819
59
59
59
59
740
1151
58
1680
1139
1640
1180
59
1599
1679
1849
1021
59
1102
59
1141
59
1569
59
59
59
1091
679
59
1522
1801
1499
2252
1479
1190
59
1161
1152
1689
1482
1452
1490
1480
1500
1480
1550
1421
1480
1490
1029
50
59
1438
1480
658
1290
661
1340
1680
1177
1551
1489
1512
59
59
59
59
2640
59
1572
59
58
1089
1329
1490
1489
1481
58
59
1490
59
59
1812
1120
1167
1132
59
1140
1641
1010
1150
51
59
59
1589
1478
1491
1490
59
651
1150
59
59
760
1168
1421
59
1381
1430
59
1540
1490
1791
1491
1038
59
50
59
830
51
59
1371
1469
1491
1480
1510
59
1420
59
59
50
59
59
59
1190
1560
1489
1820
1780
50
59
59
59
59
59
1570
1490
1481
1510
1539
59
642
1150
1120
1400
1620
1660
669
1592
1488
1490
1490
691
59
59
707
1311
1100
59
59
1578
1301
59
1100
1031
1981
1509
59
59
1201
689
59
59
59
59
1260
1109
59
59
59
909
1121
59
1599
1139
59
1241
1352
1121
59
59
1069
2190
1568
1520
59
59
59
4212
59
1118
2040
1501
1090
59
1142
1103
1171
59
59
908
59
59
59
1300
1218
51
1604
1370
1301
59
1659
1111
1761
1490
50
1168
1140
59
1140
59
1159
1610
1488
1491
59
2205
700
1637
59
1970
1299
1148
1560
869
1700
1769
1177
59
1900
1679
59
50
1169
59
1270
1170
1120
59
1161
59
1111
59
1041
2860
2608
2420
59
59
1588
1970
1139
59
59
1949
3600
1637
1500
59
1540
681
830
1140
1131
909
931
59
1349
981
1291
51
1320
4900
1110
1108
1320
1099
1159
1187
59
59
59
1411
1472
1480
1501
1550
59
59
1440
1478
1110
59
59
59
1510
1800
1481
1480
1259
50
770
1611
1479
1501
1480
59
59
1220
1381
1527
59
689
1238
1570
990
59
1121
1121
1133
59
1600
1490
1791
1230
1480
59
58
1017
1618
1490
1492
1498
1550
59
1719
1760
59
50
1081
1157
59
1179
1048
1600
1589
1500
1490
59
1129
1600
2228
1020
59
1530
1069
1567
1111
59
59
50
1859
1221
2481
59
59
59
1369
1490
1481
1399
59
1620
59
1489
1491
1117
1448
59
1650
59
59
1540
1489
1512
659
59
59
59
59
1141
56
1081
59
59
1629
59
1360
1490
1481
1490
1101
59
59
1140
1500
1490
808
1282
1619
1268
55
59
1669
59
1099
1101
1140
49
1167
59
979
919
949
1571
59
51
1730
1458
59
2641
1730
59
1099
1230
59
1312
1352
1399
59
2600
59
2130
1101
50
1501
1510
1480
59
1150
1193
59
1640
1292
1470
1492
1480
1511
1861
59
739
1630
1479
1491
1511
1869
59
1091
1148
1070
59
1393
59
1099
59
59
59
1831
1481
1499
1498
59
1142
650
999
1219
1128
59
59
1660
1500
50
2049
59
59
660
59
1180
2428
1481
1789
1110
1070
49
59
1714
59
59
1070
1890
1917
2270
59
56
59
2190
1580
1790
1500
1790
1639
1560
59
889
1929
981
1118
1660
59
59
59
1093
1529
1490
1490
1481
751
1611
1490
1490
1511
59
768
648
1549
2214
2540
1500
1550
1420
1491
1480
1491
1522
1461
1491
1480
1490
1500
1490
59
59
59
59
59
1189
59
56
59
59
50
1100
1401
59
59
59
1669
1470
1491
921
59
1299
699
1148
1121
59
1579
1490
1169
1142
1659
59
2880
59
1188
58
1449
59
59
59
1609
1490
1481
1510
1802
1149
59
1449
1488
1519
1482
1310
1798
59
1150
58
59
1100
1429
1490
1500
1500
1149
51
1190
51
58
1111
59
59
1910
1490
1500
59
59
1791
1492
1501
1489
1049
1641
59
1982
1561
830
1570
1520
59
59
2593
1090
1140
59
1172
59
50
59
1512
59
50
2431
1521
59
59
59
59
1551
59
1558
59
1310
1128
59
1539
1490
1489
1129
59
639
1580
59
59
877
59
1088
679
1350
1081
59
1639
1481
1811
59
59
799
1131
59
59
59
872
59
1560
1821
59
678
59
1139
1640
1481
1490
59
1122
59
59
59
59
1150
59
1672
638
59
2209
1539
1161
59
1110
830
1090
1539
1038
59
1130
1200
1640
1491
1480
1500
1527
1579
1490
1560
59
59
59
59
1589
1480
1490
1601
1509
1470
59
1449
1979
1791
1510
1528
941
59
1079
1088
59
1961
1500
1432
1489
1491
1160
1108
1070
59
59
1541
1169
1069
2470
1141
59
1110
59
1152
859
1139
3991
1479
1129
1161
1602
1269
1111
1141
1089
59
59
1569
59
1260
1120
779
1448
1118
51
1112
59
1111
59
640
59
59
1131
1300
59
59
1799
1218
59
1549
841
1609
1089
1939
1498
710
59
57
1172
59
1171
1090
59
59
59
49
1401
1489
1512
59
1131
59
1618
1800
1459
1489
1480
1491
1511
1827
1642
1790
1790
1490
1029
59
59
59
59
59
1172
1181
738
59
59
59
59
1630
1499
871
59
59
1170
1120
1871
1648
1189
59
2369
1233
59
2359
59
1531
960
1102
1130
1119
59
1150
59
1429
1480
679
1110
1090
821
1559
1469
1181
59
1130
1140
59
1588
1490
1501
1140
59
1160
1140
1518
1830
1141
51
59
1600
59
1540
1500
1480
829
59
1388
59
59
1571
1481
1521
50
1620
1500
768
1831
1340
1100
1918
1490
1492
1500
1492
59
59
59
59
1361
59
1151
1029
1570
1500
1469
1601
51
59
1112
1630
1480
1490
1500
59
1630
1510
1781
59
1580
2731
4589
1100
6111
1130
1500
1480
1100
59
1571
1479
1490
1491
59
1781
1563
1449
59
1429
57
59
1132
1202
1161
998
1188
59
51
59
59
1137
59
1242
1420
668
1499
1130
1268
59
1109
1890
1510
1490
1480
1491
1511
59
1571
59
59
1621
1491
1489
1138
59
1111
59
59
1520
1138
59
59
52
59
59
59
59
1139
58
59
1641
1490
1602
59
59
1039
59
1559
1020
50
1180
1209
1599
1550
1432
1080
1581
1978
1189
59
1108
1171
640
59
2041
1482
1479
1129
969
1081
1601
1630
1448
1200
1549
1049
59
1169
59
59
940
710
59
49
1099
59
59
1640
59
1170
59
59
780
1162
1448
882
1031
1131
727
1579
2100
1420
1311
1179
1621
760
59
1550
1489
1482
1290
2652
1499
1091
1220
1148
1101
1521
1599
59
1819
1492
1479
1801
1050
59
1153
59
1159
1141
59
59
1557
1140
1119
1640
1330
1129
640
671
1489
1491
729
1790
721
1081
1709
1371
49
1960
960
691
59
1549
59
2160
1470
1491
1490
1500
1540
1422
1490
2510
1480
1490
59
59
1141
1771
1098
3891
1090
1141
690
1388
1492
899
1081
59
59
1261
1909
59
1149
2559
1490
1480
1501
1500
1497
50
1860
1898
1491
1480
1511
851
1131
59
1551
1481
59
1090
59
1131
58
842
1121
1130
1459
59
1471
1101
2330
59
1102
1580
1160
1160
1120
2311
2666
1102
1141
1109
56
1172
1350
848
1232
59
1719
1499
1501
749
1121
1141
1089
649
59
1600
1480
1512
1539
689
59
1092
1132
1161
1181
1610
1050
1620
1601
1509
1939
1490
1491
1511
1370
1009
1909
2640
1029
59
1089
59
1549
1490
1500
59
1130
1532
671
939
1618
1489
1500
59
59
59
771
2611
1480
1490
1490
1079
59
1138
1579
1501
59
59
1848
1491
1480
1491
1500
988
1109
50
1580
59
670
1290
1480
1489
1480
1512
1480
59
59
59
59
59
1150
50
1119
59
1231
51
1181
59
59
1610
1527
49
59
1141
59
59
3630
59
59
1029
989
689
59
2262
1091
59
869
59
59
1112
1121
919
3342
1479
1190
1229
1251
1139
961
1200
59
1149
2261
1467
1521
59
2280
1830