81.
110.
130.
150.
210.
133
250
80
80
80
70
80
80
80
80
79
70
80
80
80
238
261
80
79
80
80
80
80
80
80
80
80
80
80
80
80
80
211
80
80
248
220
70
80
72
80
80
80
80
219
80
80
80
80
80
80
80
220
70
80
80
80
80
80
80
80
80
80
80
70
70
80
80
331
80
70
80
80
79
80
80
80
80
80
380
80
70
269
80
80
80
80
71
80
80
239
80
79
261
239
80
80
80
241
80
80
79
80
79
80
80
80
80
70
80
70
221
230
80
79
80
80
80
80
80
80
80
80
80
80
80
80
80
70
80
80
80
80
80
80
80
80
261
80
79
80
219
80
80
80
80
80
80
80
80
80
80
80
80
80
80
78
279
80
80
80
79
80
80
80
80
80
220
270
80
80
80
80
261
79
80
229
80
80
80
80
80
80
80
80
80
79
80
80
79
240
80
80
80
80
80
80
80
80
80
80
80
80
211
80
80
70
80
80
80
80
78
281
79
80
80
80
240
80
220
300
80
80
80
80
251
80
80
211
80
80
80
239
80
80
429
80
80
220
80
80
80
80
80
80
260
219
80
80
80
259
271
279
279
268
79
80
80
79
80
80
220
291
80
80
79
80
80
80
80
80
80
286
266
80
70
80
80
80
80
80
260
80
80
79
80
80
240
79
240
270
80
239
79
79
270
250
79
79
80
80
80
80
79
80
80
80
80
80
80
1170
80
80
80
80
79
70
80
460
79
219
80
80
70
80
218
80
80
80
270
80
80
80
80
80
80
79
80
80
280
390
80
80
80
80
80
80
80
80
80
280
80
310
79
80
80
80
80
80
80
80
80
79
80
321
80
80
80
80
80
80
79
250
80
349
79
80
219
228
80
80
80
80
80
79
80
221
230
80
80
280
80
80
80
79
211
80
80
261
79
220
239
80
270
309
80
80
219
230
318
80
211
80
80
240
249
211
240
230
217
79
322
80
80
80
401
80
318
220
270
226
270
250
319
80
241
80
270
80
320
430
211
300
230
220
290
239
259
260
211
260
240
221
218
217
420
481
220
211
218
80
80
80
398
241
220
80
80
300
211
80
217
80
80
219
259
80
80
219
79
80
219
232
240
390
80
80
248
238
80
80
292
80
388
221
79
311
80
80
80
80
80
211
80
228
230
80
80
79
78
349
70
80
80
221
80
271
80
80
230
79
80
250
71
79
80
249
80
79
231
79
220
230
80
80
79
260
270
80
79
80
80
80
80
80
220
360
80
80
240
80
219
219
80
79
229
230
380
79
229
316
218
80
79
80
80
80
230
221
80
260
270
80
80
80
79
219
80
248
80
250
80
80
80
390
80
219
80
220
349
80
340
79
211
311
80
220
269
79
211
79
80
79
379
80
80
80
80
231
329
80
228
230
80
79
80
80
229
219
279
80
80
229
80
370
80
279
80
221
229
328
258
79
248
390
80
79
79
80
219
230
80
80
79
80
80
381
80
71
368
80
220
79
218
79
219
80
80
80
340
229
230
218
220
261
71
211
80
80
80
80
80
79
80
80
260
79
219
219
78
229
80
80
229
79
216
80
240
80
79
80
80
80
80
311
211
79
80
219
80
80
79
80
80
230
79
80
80
70
230
80
470
226
80
219
229
220
80
80
80
80
80
80
70
80
219
241
80
79
218
230
80
80
80
400
80
79
211
79
361
80
80
79
80
79
80
389
79
80
290
80
80
80
80
79
259
80
240
79
211
80
80
79
399
79
229
300
80
80
228
70
80
80
80
239
80
80
270
230
80
79
80
80
79
241
308
369
79
80
269
79
216
239
259
80
80
79
240
260
79
230
80
211
250
79
80
230
229
270
79
79
80
79
220
79
80
218
221
80
80
80
211
221
261
80
228
218
79
320
219
219
277
80
80
80
80
238
218
220
80
80
291
80
79
258
80
80
79
229
290
80
219
219
228
258
240
80
80
440
80
80
220
80
80
80
80
80
80
229
229
237
80
739
80
261
78
80
80
249
220
220
280
80
80
80
80
80
70
80
240
219
80
80
80
248
360
218
80
79
79
80
80
80
79
220
80
230
219
211
360
80
229
80
79
80
299
80
80
80
229
80
80
80
80
281
219
80
79
301
220
216
220
80
80
80
220
80
219
79
80
80
217
79
260
230
79
80
80
211
230
79
80
80
80
79
80
229
248
211
80
80
282
80
80
80
80
80
231
79
79
80
270
317
217
79
80
80
79
80
219
220
80
80
80
309
230
79
220
420
80
80
80
220
219
80
80
80
80
248
80
80
80
69
80
80
368
80
229
80
79
229
310
79
78
80
218
80
269
227
80
80
80
80
290
80
80
80
80
80
221
80
79
80
79
80
220
80
240
338
80
80
79
301
79
236
220
79
381
80
218
301
80
80
247
80
80
79
79
268
211
350
79
80
79
79
80
229
80
220
80
79
229
219
80
281
300
80
230
239
230
221
221
300
79
80
80
240
79
240
79
719
80
218
230
220
80
211
80
80
239
80
80
80
80
227
241
281
238
219
80
80
80
230
217
219
80
80
80
79
80
80
71
80
80
80
221
290
80
248
220
80
80
219
80
220
250
80
239
70
77
79
80
230
79
220
252
79
211
80
229
269
80
79
80
80
319
250
250
79
80
80
80
221
80
80
79
220
79
219
80
80
298
80
80
79
219
369
250
80
80
80
220
459
231
211
309
80
80
80
80
78
80
240
230
419
80
79
79
218
80
80
80
79
228
80
79
71
79
229
249
80
80
80
80
211
80
219
220
80
219
229
80
80
228
80
80
429
269
219
80
70
80
80
80
211
80
79
80
331
80
79
80
240
229
80
218
239
71
229
239
80
79
80
260
260
69
80
270
80
80
79
239
79
250
80
70
80
239
80
80
79
80
230
80
330
80
228
220
80
80
80
230
80
80
79
389
78
79
259
79
241
79
279
80
79
230
342
80
217
350
80
80
221
227
80
79
80
80
80
225
280
79
80
80
230
79
80
80
80
259
80
80
69
80
79
80
80
238
80
80
80
219
80
80
80
80
71
380
79
230
80
80
80
219
80
310
79
79
79
80
361
223
79
80
79
80
80
80
80
80
80
80
79
248
79
80
80
219
310
80
79
80
79
220
80
80
281
80
240
211
78
339
239
79
249
79
80
71
219
250
220
80
80
211
80
80
79
79
80
230
80
80
70
71
1040
80
80
259
218
80
230
80
219
269
71
281
241
80
261
71
80
80
80
230
300
79
211
80
220
1240
79
80
80
79
79
218
79
289
259
80
80
79
349
230
80
80
80
80
80
368
80
80
220
80
219
79
80
80
221
80
80
79
240
259
80
80
80
79
80
80
79
80
79
249
79
79
69
79
79
80
261
219
220
79
220
280
79
78
230
80
80
80
80
80
239
270
79
80
79
230
231
80
219
79
80
80
80
79
219
299
80
80
80
220
259
80
79
79
79
221
79
219
220
80
79
79
291
300
80
80
80
80
269
80
220
80
79
80
290
79
80
80
220
221
80
80
251
220
79
80
79
80
80
231
221
230
80
80
79
70
79
80
70
80
80
80
79
239
229
80
80
79
80
79
80
80
79
80
79
80
80
79
280
80
80
80
79
80
80
79
80
269
548
80
78
228
80
80
269
211
79
80
80
310
80
80
80
221
216
80
79
219
80
80
219
80
80
350
79
80
229
239
80
220
79
80
79
80
239
80
219
79
80
410
80
80
80
80
291
80
228
221
79
211
80
80
80
370
80
219
80
80
80
251
309
80
79
80
220
259
80
80
80
70
79
320
80
80
80
79
80
260
229
80
80
80
80
79
291
271
230
80
231
80
240
259
80
80
80
79
221
220
80
80
289
70
80
78
80
79
258
79
217
211
80
688
80
80
240
70
79
220
80
228
80
79
259
80
79
240
80
79
219
320
80
430
80
80
80
80
219
80
80
80
80
79
400
79
80
230
80
80
80
239
217
219
231
80
80
71
218
80
80
80
80
80
80
332
270
80
80
229
310
80
218
80
80
80
250
79
80
240
220
212
79
221
80
80
79
79
80
240
80
80
229
80
79
79
80
231
300
79
588
71
80
230
399
80
227
80
80
80
80
361
70
259
80
80
269
282
79
219
221
230
79
79
79
79
330
79
80
219
80
80
241
80
80
220
80
80
80
80
80
220
229
259
80
80
241
260
80
216
80
80
80
80
80
238
80
80
240
80
80
219
220
80
80
80
80
228
79
80
281
261
79
80
80
79
211
79
280
80
79
80
80
250
80
259
242
80
289
79
240
238
79
80
80
310
80
80
80
80
80
80
220
79
229
80
220
79
70
80
219
80
80
220
239
80
80
80
80
80
79
80
248
299
80
80
79
79
229
79
220
80
80
229
80
229
80
349
78
211
80
79
211
220
80
80
371
80
79
80
279
80
79
331
80
71
80
80
80
270
439
80
80
80
70
79
219
79
80
217
231
211
80
219
80
218
227
231
80
80
219
79
219
221
229
80
70
80
80
80
230
79
218
287
230
239
80
80
79
79
80
80
80
290
220
80
80
79
80
279
80
71
80
80
80
80
229
218
359
241
80
299
80
80
80
351
80
261
79
80
80
240
220
230
218
290
241
80
221
80
310
240
70
219
80
270
79
229
227
307
80
79
79
330
80
80
80
70
79
378
230
79
80
79
80
79
80
80
80
80
79
80
459
229
79
79
80
80
319
80
212
79
80
278
79
79
79
80
79
80
230
228
241
80
80
80
248
231
80
79
80
219
70
80
340
80
80
80
80
80
79
270
211
240
71
80
80
79
381
79
79
229
79
80
229
79
229
80
80
80
80
80
80
80
289
80
219
79
80
259
72
238
80
79
79
230
221
80
211
351
80
240
79
219
309
80
80
79
80
80
219
370
80
80
80
79
260
80
239
80
488
276
240
70
80
80
80
220
80
80
80
80
289
80
80
80
80
79
239
79
219
219
80
78
241
80
230
79
80
80
80
80
219
79
240
80
220
218
219
80
80
219
230
80
80
79
80
80
300
70
80
240
290
211
260
80
250
79
230
211
80
80
80
79
219
230
230
79
220
80
80
80
80
80
80
80
80
80
219
80
80
80
80
220
79
80
80
228
230
80
80
398
260
80
79
79
79
240
80
80
80
80
80
79
79
79
218
281
232
80
270
80
290
311
80
80
379
230
410
226
428
228
230
80
219
260
268
80
230
220
217
219
250
250
299
219
80
222
229
230
80
79
71
80
71
80
79
301
239
80
80
79
80
80
79
299
230
220
79
80
80
80
80
80
211
79
80
79
239
239
80
240
80
359
80
221
80
229
240
80
80
80
230
80
217
240
220
488
80
80
80
80
79
79
279
80
80
79
80
79
80
220
212
80
80
80
220
79
221
79
79
80
80
340
261
80
80
80
80
80
80
211
80
80
78
80
80
72
80
220
80
80
240
80
80
80
80
79
80
240
80
80
80
79
80
79
220
259
219
80
79
80
79
78
80
80
341
80
230
80
80
350
228
229
80
445
80
420
241
80
80
80
79
220
220
238
212
79
80
80
80
220
219
80
80
79
219
80
260
261
229
80
80
80
80
79
420
80
220
80
79
80
80
79
80
79
229
80
319
80
229
399
79
80
80
396
80
312
79
79
80
80
268
220
239
217
80
80
80
79
80
211
301
219
260
68
240
79
80
221
79
220
80
80
79
80
80
80
79
239
80
80
240
80
228
240
80
80
350
80
240
80
310
211
320
219
79
80
80
249
80
80
219
80
220
231
310
238
80
80
79
79
259
79
281
79
80
80
80
80
220
80
80
80
221
79
221
80
80
331
80
79
79
218
79
240
80
231
80
80
79
240
80
330
80
80
80
80
221
71
80
78
270
80
80
219
338
70
80
227
79
80
79
80
80
219
70
80
220
80
80
80
80
79
240
231
80
80
80
80
279
80
78
70
230
80
80
80
79
268
80
80
231
80
79
80
80
80
240
80
219
80
211
240
80
269
217
79
251
80
71
80
79
80
78
80
79
80
69
250
80
220
79
80
349
220
80
230
80
79
80
80
361
79
280
248
80
80
80
79
80
80
253
80
80
80
80
220
250
79
80
80
399
80
219
80
79
70
80
80
259
80
80
80
219
380
80
80
80
80
79
271
70
220
281
80
80
80
250
80
80
80
211
80
79
218
80
230
229
230
78
218
227
80
69
251
80
80
79
80
261
260
219
80
230
217
270
80
80
80
80
271
80
279
229
230
70
80
79
79
79
71
269
80
249
211
80
78
360
380
80
79
371
230
79
80
239
239
80
410
80
80
80
80
80
381
219
80
79
80
79
238
627
219
80
478
80
311
79
80
80
79
70
80
211
229
80
80
80
79
80
80
219
80
213
230
220
310
80
211
80
79
80
250
329
79
80
80
80
218
228
79
80
80
80
80
70
80
80
240
230
80
80
79
292
220
211
228
80
219
80
221
218
80
239
229
80
219
80
219
270
80
80
80
80
228
79
79
80
271
218
80
79
70
409
260
489
230
79
80
80
260
211
80
230
219
80
80
80
80
80
79
220
80
80
80
80
241
80
80
80
301
79
228
232
80
80
421
80
80
71
80
79
290
230
80
80
80
80
80
80
250
361
80
80
396
80
216
70
80
80
70
211
240
79
79
80
80
80
79
79
221
219
80
292
80
80
80
80
280
80
80
80
80
220
219
80
80
80
248
80
80
80
220
260
218
258
80
79
220
220
221
80
71
80
70
80
79
221
80
221
250
218
79
80
219
260
80
80
408
271
80
79
229
80
80
80
79
260
80
80
80
369
220
80
228
80
80
79
268
80
71
79
230
80
220
80
220
219
319
80
291
80
229
79
80
80
230
80
451
79
451
80
79
379
80
80
231
231
230
240
80
269
80
80
79
80
80
211
79
250
69
80
80
79
240
239
261
80
80
80
231
80
80
80
80
258
80
80
369
80
80
79
281
280
220
79
240
80
211
239
70
79
460
80
80
249
80
80
211
310
79
80
230
229
80
80
298
238
249
80
79
80
229
240
80
230
320
220
80
80
80
80
229
240
80
271
80
219
239
79
221
80
80
221
79
80
80
390
80
80
80
80
228
250
80
80
255
240
230
80
240
211
80
80
248
79
80
80
231
229
80
80
217
80
80
80
80
229
80
71
80
270
80
80
79
80
80
79
80
80
280
718
78
240
231
230
80
80
80
389
79
79
80
80
80
79
220
240
250
80
80
220
80
240
341
220
211
80
241
79
79
80
80
79
70
220
220
230
79
219
79
80
80
80
80
220
260
230
80
79
80
79
241
258
80
80
283
269
80
79
80
79
252
80
220
80
79
222
250
79
80
79
370
300
80
80
80
80
358
290
220
239
80
229
79
80
280
220
230
80
211
289
218
80
80
229
80
80
79
239
212
71
218
80
229
79
80
80
219
80
79
79
230
310
80
80
230
79
241
220
80
80
80
80
80
79
218
359
80
80
271
80
79
70
220
80
79
339
231
79
219
80
220
260
268
270
80
220
79
230
220
359
80
219
80
80
80
80
230
270
80
80
211
80
80
79
80
310
216
80
80
80
79
211
80
70
80
80
211
80
80
220
217
79
227
80
80
79
80
239
79
79
249
79
360
221
80
80
219
69
80
79
239
211
80
271
289
80
79
80
79
329
79
80
80
69
339
80
80
79
80
79
70
80
249
80
228
79
79
218
249
80
80
79
80
300
348
219
80
80
80
80
289
80
80
80
79
80
80
218
211
409
239
230
79
240
230
220
80
80
80
280
219
80
240
221
248
80
80
80
79
80
80
80
79
80
80
229
240
80
217
80
220
79
221
80
80
80
80
79
80
80
219
229
249
221
80
80
79
80
80
219
368
211
80
220
80
220
219
80
80
211
79
80
240
79
79
289
80
80
229
79
211
260
281
248
79
219
300
290
80
80
211
80
220
219
220
239
229
211
349
80
220
80
221
80
719
240
79
80
79
220
80
80
80
79
80
80
218
79
80
80
279
79
79
228
299
321
80
80
229
80
218
80
370
229
80
289
80
229
240
80
420
80
80
80
218
79
80
80
80
80
320
250
80
219
80
80
79
229
80
79
80
270
220
80
218
80
80
230
241
80
79
218
80
79
80
79
80
231
233
238
219
80
319
80
80
80
80
80
220
268
80
219
80
80
79
80
228
80
80
241
80
230
80
80
79
80
80
220
251
477
80
80
78
80
80
80
410
80
80
80
240
243
79
79
211
219
399
229
80
250
80
80
238
80
280
80
239
211
80
80
218
411
519
80
80
80
80
79
80
400
271
80
79
80
270
80
230
76
80
339
227
211
80
80
228
219
80
230
79
71
80
230
270
259
220
80
468
350
220
80
80
80
80
79
211
360
79
289
70
80
219
348
259
80
79
218
360
260
80
79
410
80
211
229
71
80
230
80
79
251
250
239
80
291
248
79
351
211
80
220
311
79
80
240
230
240
80
408
79
300
262
80
249
211
70
250
79
79
79
230
280
80
80
330
220
80
80
80
370
80
269
80
79
70
80
219
240
249
320
80
80
80
80
80
79
80
79
80
79
80
80
350
80
290
218
80
272
80
80
240
220
80
80
239
80
292
770
80
80
80
80
80
279
80
80
219
80
80
80
80
240
239
230
249
80
80
80
219
79
211
80
219
80
80
80
80
219
80
80
218
80
247
218
80
80
80
271
80
80
229
80
79
80
270
231
80
229
80
260
222
79
80
80
80
229
79
219
80
79
80
80
362
80
289
79
239
80
79
80
80
80
80
391
80
80
80
219
240
80
80
80
79
320
80
211
211
80
309
330
300
80
270
80
80
80
260
230
350
239
289
240
80
229
80
240
80
71
80
221
290
359
80
220
251
219
78
220
340
278
240
211
229
261
260
80
80
279
320
79
280
220
228
270
79
261
260
80
240
240
213
221
80
229
80
80
80
217
219
309
271
249
219
370
220
221
220
80
239
80
80
410
80
229
80
220
80
245
79
221
211
80
80
240
80
270
80
331
80
80
220
80
211
240
350
219
79
80
79
229
80
351
80
79
80
79
80
80
80
79
339
80
279
300
219
80
261
241
230
233
241
80
80
291
260
80
219
80
260
231
331
278
80
240
79
80
80
80
218
238
250
229
80
80
80
80
220
280
228
211
80
309
232
80
340
249
211
219
79
80
260
80
79
80
80
219
260
80
80
80
80
80
80
239
211
518
349
219
220
80
80
79
80
80
231
230
80
69
270
219
230
230
240
331
390
220
79
280
80
80
80
79
80
229
70
220
241
240
80
80
70
79
80
80
80
80
80
80
80
79
230
70
80
80
80
80
80
79
80
80
230
80
80
80
70
260
80
80
230
79
80
280
79
80
80
80
80
80
80
80
80
80
80
80
400
80
80
240
80
80
420
219
290
80
80
80
80
80
80
80
79
80
70
269
80
79
80
80
80
79
79
80
80
70
80
80
80
79
70
221
80
80
80
70
80
80
80
80
80
80
80
79
80
80
80
228
80
69
80
80
80
240
80
229
279
219
80
80
80
80
79
80
80
231
271
229
80
79
70
80
80
80
79
79
80
80
80
80
80
290
80
80
279
80
80
80
80
79
80
80
80
80
80
70
230
221
80
80
80
76
80
80
220
229
79
349
250
80
350
80
80
80
281
221
79
80
69
79
270
259
79
79
79
229
80
80
251
80
80
80
259
240
80
80
80
80
80
248
80
80
270
80
242
79
79
80
80
221
261
261
80
80
240
220
80
80
79
80
80
239
250
80
80
79
80
80
80
79
80
499
219
80
80
80
80
79
80
220
79
219
80
80
80
239
80
250
79
290
211
80
339
79
80
281
80
80
80
80
250
230
228
80
80
80
80
80
79
79
80
219
211
80
300
80
79
300
230
80
269
80
230
80
79
80
270
231
79
80
80
270
279
317
229
220
269
230
219
228
291
220
220
229
238
220
390
221
219
79
218
429
231
228
211
211
230
219
220
231
239
240
80
290
232
350
290
80
360
289
259
80
80
240
250
239
220
219
348
239
80
369
519
219
80
229
80
258
219
80
230
230
310
219
251
230
241
229
230
247
80
79
80
80
289
80
221
70
80
219
219
360
229
211
80
80
80
249
80
230
80
219
229
230
239
80
360
239
211
79
229
80
228
227
230
79
240
398
80
260
79
80
80
240
221
219
241
240
80
79
289
79
321
80
80
260
79
218
80
259
80
80
229
80
230
260
220
219
220
299
219
229
241
218
230
220
390
80
220
219
231
230
240
400
221
331
221
80
279
80
79
219
228
220
79
241
80
229
80
80
79
260
79
80
252
80
220
79
80
248
399
217
219
80
79
211
80
381
80
229
319
220
320
80
271
240
216
262
217
80
219
288
229
79
239
80
219
240
292
79
80
290
230
80
80
80
80
80
230
219
80
219
240
222
211
80
238
228
80
288
329
80
260
80
249
250
215
80
360
330
80
217
239
230
80
219
236
219
80
220
224
219
228
80
217
80
259
229
80
229
220
80
270
211
80
80
220
217
339
80
220
229
460
211
80
227
80
281
221
219
281
261
80
79
80
80
229
419
80
220
80
230
329
80
219
239
80
410
80
79
240
220
229
300
827
79
240
80
230
220
80
270
80
79
220
239
80
270
80
280
220
260
369
219
80
80
228
220
80
220
271
278
80
79
221
220
229
80
80
220
219
250
80
239
221
249
220
220
240
214
214
219
79
79
79
79
80
229
738
211
270
80
80
369
80
80
80
79
80
80
220
79
280
240
80
220
80
220
299
80
239
269
240
80
80
80
79
390
211
79
220
219
260
219
80
240
79
240
80
238
259
79
80
80
80
249
219
80
80
80
219
80
240
220
79
218
230
80
79
229
80
269
239
80
80
270
80
80
79
218
219
80
220
217
258
80
280
80
80
80
80
279
80
80
220
80
80
232
239
219
260
219
80
80
239
230
80
220
79
229
80
79
248
80
80
220
80
330
80
80
219
410
216
79
239
80
309
260
80
211
231
220
211
240
80
230
80
80
79
395
290
220
220
80
250
80
450
211
220
80
80
270
291
80
219
80
79
250
249
80
79
227
230
80
259
220
270
219
219
219
79
229
276
381
226
250
211
80
220
260
80
270
79
80
80
290
80
220
219
260
79
80
259
280
349
220
79
80
80
290
350
80
220
220
239
301
80
260
80
220
220
217
228
220
80
230
231
218
211
218
239
301
250
80
218
270
247
211
80
218
240
240
321
220
80
220
80
302
229
218
218
230
281
79
79
220
80
270
80
360
219
227
239
211
211
231
228
80
79
240
261
217
420
80
258
278
70
80
229
219
80
80
217
220
79
289
239
219
220
80
219
220
349
410
80
80
80
221
80
263
370
217
229
239
80
220
79
211
80
80
251
219
220
71
230
80
80
229
219
271
231
242
289
219
80
219
70
269
220
80
220
258
80
79
279
300
211
218
417
219
679
269
239
249
211
220
230
80
80
79
228
70
240
240
290
698
80
220
80
219
218
239
79
79
80
431
80
295
220
80
211
80
80
80
249
300
80
218
80
211
289
241
230
215
79
80
229
319
221
79
309
230
370
80
80
80
80
80
80
238
219
211
211
220
80
229
80
260
230
80
230
80
239
227
220
79
439
80
79
269
291
79
80
250
319
219
339
216
80
228
293
80
211
270
243
280
219
228
229
239
250
80
79
80
80
280
300
80
217
79
230
230
221
249
221
219
80
279
219
219
219
79
80
219
80
220
219
211
79
80
231
399
220
80
80
80
330
80
229
230
211
79
239
219
320
80
80
80
228
261
220
260
220
79
219
293
220
80
260
80
79
80
261
231
269
211
80
79
80
218
80
80
228
217
79
260
80
219
80
80
69
80
79
301
80
279
70
219
219
230
80
230
80
79
80
80
269
279
80
401
80
211
79
231
240
250
310
80
230
80
80
250
80
468
219
228
79
221
220
79
211
80
79
289
230
80
79
79
292
229
220
239
221
80
79
260
80
268
70
217
341
260
219
80
258
79
211
79
219
80
211
80
80
211
79
218
79
80
79
230
218
80
80
80
299
220
408
80
80
79
267
220
80
80
80
250
239
79
219
299
80
80
80
350
80
79
80
79
230
80
259
79
240
80
249
80
80
379
80
80
211
231
230
211
215
80
221
240
219
242
230
79
227
259
240
219
289
218
80
240
80
301
80
239
80
310
270
280
80
80
80
228
80
80
218
320
211
80
80
252
267
80
80
79
80
357
80
468
260
79
79
229
219
249
240
80
249
218
218
219
80
80
230
219
301
230
219
259
218
218
320
219
219
219
79
309
269
250
221
227
80
238
79
80
241
260
230
300
79
80
380
80
229
211
80
219
220
80
80
249
238
211
80
80
80
80
211
219
211
228
80
238
249
220
80
219
240
219
80
79
311
80
219
229
230
80
80
211
80
219
80
270
248
229
1009
229
261
220
251
219
80
221
237
80
240
261
220
230
80
211
221
240
221
79
257
211
80
211
80
218
228
80
220
230
80
281
219
228
240
230
219
301
260
80
80
80
80
260
269
240
211
220
231
80
251
80
230
290
80
246
80
240
220
271
240
220
219
219
80
80
80
231
80
80
278
80
231
79
239
79
219
211
230
238
80
319
80
220
221
218
260
211
241
239
80
230
229
219
79
280
218
80
230
80
219
79
79
260
229
230
211
211
230
390
220
219
80
230
80
290
260
218
80
220
211
80
411
229
247
80
218
290
80
220
211
79
80
219
80
218
259
80
238
310
79
219
249
80
80
221
220
239
211
79
349
80
219
228
238
80
229
80
409
219
219
221
80
80
451
250
381
79
80
238
80
80
220
270
219
80
80
251
219
79
80
271
238
80
80
229
80
241
289
79
231
211
221
220
214
80
80
220
219
220
280
229
220
80
79
80
79
221
80
229
230
241
80
259
229
217
220
241
288
79
229
80
80
80
80
249
219
230
220
220
311
229
221
219
80
218
220
219
80
249
211
80
80
211
383
240
216
341
228
80
216
270
80
220
230
80
230
220
340
251
80
80
80
70
80
80
80
310
251
215
218
80
399
80
80
250
260
220
80
225
219
80
257
80
230
218
328
80
220
80
218
79
400
219
280
79
230
80
212
220
348
220
80
79
238
230
80
217
80
220
211
219
281
80
79
272
270
220
211
219
221
80
80
80
270
80
268
219
299
220
226
229
79
80
300
218
230
80
311
80
79
259
80
320
79
237
220
218
80
239
232
79
249
80
229
569
231
229
250
238
229
220
219
79
211
219
211
220
80
80
229
79
80
80
220
219
372
80
230
250
70
80
80
212
250
260
268
219
80
339
230
229
218
261
221
79
439
80
80
79
218
229
239
80
527
80
80
80
517
80
70
80
230
211
211
231
79
79
219
229
271
248
220
449
211
80
80
79
211
240
211
229
79
230
330
80
249
250
240
230
80
80
220
240
279
230
80
269
220
218
250
77
211
239
221
219
219
80
350
269
240
80
270
238
80
230
260
80
220
80
80
220
370
211
219
220
220
220
231
219
80
214
79
271
211
250
80
219
260
218
250
80
80
80
220
80
80
220
230
228
79
341
259
80
80
258
241
229
222
80
217
80
239
79
80
229
241
80
221
211
220
228
220
239
211
211
259
79
80
71
219
221
220
232
230
80
80
239
80
80
80
219
80
80
259
80
80
80
80
79
249
248
669
80
330
211
219
289
220
80
219
219
310
79
217
218
80
249
247
211
79
80
320
220
319
219
219
79
211
281
211
227
70
218
220
228
80
239
219
80
239
360
220
80
219
218
377
80
289
220
80
229
80
239
241
340
219
219
80
80
80
79
312
80
219
80
228
80
379
219
240
220
218
80
219
220
80
229
249
230
220
80
79
211
79
79
79
250
230
80
80
80
220
80
80
229
80
80
229
289
231
250
211
341
80
329
229
80
260
328
450
80
239
80
79
227
219
220
80
320
260
80
246
221
231
219
230
80
220
80
219
79
220
236
80
498
220
80
248
79
260
80
79
80
80
80
80
80
240
80
80
80
219
80
221
218
227
219
80
230
80
220
79
260
218
79
228
249
219
380
227
80
80
280
241
79
79
219
229
80
80
80
271
80
80
79
239
261
219
80
79
80
230
80
230
227
232
220
230
80
80
221
220
219
80
340
227
69
360
80
279
80
219
80
230
80
71
80
79
79
281
80
238
80
217
79
240
80
80
80
211
249
240
80
80
229
80
240
220
310
211
80
80
229
80
329
211
80
221
220
80
290
80
70
221
230
232
239
80
260
80
330
211
80
80
80
280
214
211
221
260
211
80
221
231
278
351
79
80
228
240
80
80
211
80
391
80
228
269
220
219
220
239
80
260
220
360
230
230
222
249
79
220
80
260
211
80
360
321
217
80
219
80
80
221
229
249
309
219
219
261
220
248
219
311
309
79
228
211
339
231
216
79
220
270
240
228
213
216
80
79
250
80
217
80
79
219
220
351
219
80
219
229
220
80
220
80
79
80
219
80
80
219
219
260
250
228
80
247
80
219
79
79
230
220
219
80
80
410
220
80
251
80
272
79
79
220
80
228
221
211
217
218
79
217
80
290
218
241
219
80
220
230
228
391
218
80
369
79
80
301
79
80
240
300
80
79
80
80
309
211
70
230
240
79
80
300
219
80
229
218
70
290
80
80
80
216
80
79
230
238
220
217
220
80
217
219
77
80
225
80
220
319
79
80
80
211
80
299
80
220
219
80
218
260
269
288
211
79
80
80
80
80
80
649
80
301
310
211
79
280
251
79
79
400
280
229
278
249
280
220
229
218
80
80
259
219
80
80
211
80
80
229
218
80
80
300
71
219
80
79
490
218
80
310
79
80
220
80
229
340
238
238
230
227
299
79
219
219
80
80
219
229
220
239
80
239
79
79
220
79
80
80
80
80
219
630
80
248
80
80
250
229
80
255
80
231
245
260
300
271
79
240
80
230
219
80
260
390
211
79
80
79
242
79
221
269
218
70
80
80
79
211
350
80
251
79
79
80
218
221
219
80
279
80
212
79
80
211
260
239
247
250
80
231
240
220
220
80
70
280
220
229
80
219
251
211
229
219
80
80
211
239
229
80
79
279
219
239
220
79
80
240
220
79
220
320
80
80
251
270
230
80
352
80
298
221
230
80
238
229
219
239
266
212
238
80
231
220
79
79
229
281
80
218
240
228
217
80
80
230
231
240
80
237
80
79
229
79
79
218
240
225
221
240
220
258
220
80
79
239
230
390
80
80
219
226
80
339
80
241
80
80
220
230
80
79
219
320
79
80
80
80
237
80
211
242
228
80
79
220
459
230
80
80
78
230
80
80
229
448
80
220
80
80
231
269
79
280
80
219
229
80
290
231
268
80
220
279
80
221
239
80
359
229
220
219
269
79
80
79
229
80
211
218
229
80
270
229
230
80
220
211
218
220
80
80
79
80
248
390
80
211
219
80
79
221
80
79
220
79
80
220
79
80
80
80
211
80
220
220
80
250
219
219
218
239
228
219
331
80
290
212
220
230
269
80
217
219
80
80
80
250
228
228
69
220
260
79
80
221
218
80
220
80
80
80
80
220
80
80
71
359
79
80
220
269
230
270
80
79
220
80
229
219
80
220
250
220
80
80
219
271
219
309
261
80
79
220
80
80
80
330
220
80
218
248
219
239
79
241
260
220
230
80
280
218
230
80
230
80
260
219
230
219
80
80
321
219
80
80
211
219
79
80
229
229
229
250
241
219
220
216
217
219
250
80
80
80
270
280
80
79
72
80
79
215
80
259
80
80
80
80
219
240
289
351
220
78
309
229
79
218
79
226
220
400
230
241
250
308
239
229
360
80
80
80
79
80
290
240
220
214
230
80
278
80
80
80
249
80
228
79
211
261
79
80
70
251
220
80
80
79
80
80
80
229
228
80
418
80
219
260
220
80
218
218
280
80
80
80
579
80
80
80
80
79
310
246
397
220
229
79
280
80
80
80
211
80
240
488
79
80
239
80
80
79
219
80
79
80
261
211
80
389
79
388
80
80
211
80
218
80
373
219
80
79
80
220
80
240
80
80
228
220
80
239
80
70
79
80
219
79
79
272
219
230
260
211
80
219
291
219
239
220
217
80
79
220
240
219
80
220
229
80
79
230
291
220
79
387
220
218
79
211
370
261
319
240
219
80
80
79
222
80
80
288
217
219
211
80
341
229
80
220
80
239
80
249
220
340
80
239
227
290
230
239
80
291
280
253
79
240
211
221
220
219
219
80
220
270
80
80
229
240
220
260
218
80
250
211
80
80
251
80
80
80
211
80
219
80
269
80
80
221
80
80
80
251
79
270
78
219
219
80
80
80
80
79
309
230
214
398
230
80
220
79
80
80
80
281
221
261
80
212
80
79
80
80
250
80
79
221
80
79
211
80
80
80
269
79
239
219
80
80
219
79
79
350
80
80
239
281
211
228
79
80
212
80
268
220
80
230
219
79
231
268
231
220
230
211
240
80
220
80
299
280
279
80
270
261
80
310
80
239
311
228
239
80
80
301
241
228
260
248
230
259
280
79
360
80
79
221
299
80
260
311
231
259
239
220
220
80
79
80
80
300
218
352
80
220
218
80
80
80
80
388
79
80
211
300
230
80
230
80
263
221
219
250
299
80
80
80
220
79
319
228
80
250
258
80
80
214
80
230
239
80
80
79
229
379
220
80
80
219
80
234
239
251
309
80
80
211
262
260
260
271
80
218
80
250
330
239
280
248
241
220
80
240
230
239
240
79
297
219
220
80
80
229
231
219
79
80
240
221
429
230
80
80
390
79
80
79
80
79
260
260
312
219
231
219
220
369
80
239
251
258
228
219
80
289
280
259
321
230
218
230
288
288
220
79
239
79
229
268
80
80
79
219
240
279
80
219
290
80
260
230
218
80
239