69.
89.
100.
119.
259.
108
60
60
60
60
272
61
361
59
61
60
68
60
60
61
60
59
68
311
59
60
60
60
60
289
61
61
61
59
61
59
60
61
261
59
60
60
60
391
60
320
59
60
60
61
60
61
61
60
61
60
59
68
60
372
60
61
60
60
61
60
60
59
279
60
59
60
59
60
61
60
59
59
61
60
61
59
61
59
59
300
60
68
60
61
59
61
60
60
60
60
60
67
61
59
68
59
61
59
61
68
61
60
330
61
60
60
68
60
60
60
270
59
61
59
59
61
61
60
61
61
60
60
61
59
282
59
59
281
60
60
59
60
60
61
68
60
59
61
61
60
61
61
61
60
59
60
60
61
60
61
61
68
60
60
59
60
62
60
60
60
60
59
290
60
57
61
61
59
60
60
280
60
400
279
60
260
301
59
61
321
290
260
301
61
281
261
60
61
280
61
262
260
59
59
60
261
61
68
59
361
270
60
61
260
68
279
269
61
270
279
1208
61
289
260
281
279
260
60
269
59
59
269
370
261
419
341
68
260
68
300
260
61
60
60
61
61
271
261
280
260
60
59
60
60
60
270
269
68
60
61
280
60
61
60
260
301
269
283
260
60
260
260
261
321
270
60
260
60
270
61
299
281
68
60
320
1221
279
260
400
68
269
61
260
262
319
60
270
442
260
59
261
60
260
271
61
270
261
278
261
269
68
60
260
271
60
61
270
331
61
281
59
270
60
311
261
60
60
261
260
281
260
381
270
265
308
59
320
289
280
280
310
60
270
300
299
60
271
295
68
289
309
260
1130
59
61
320
1119
289
261
60
260
260
269
299
329
59
61
61
60
60
300
281
261
278
61
271
299
349
290
289
60
289
269
60
311
279
60
279
60
270
661
261
280
58
268
271
260
270
308
279
61
300
261
271
61
290
285
339
348
261
300
280
280
280
266
338
309
289
272
329
319
278
260
60
320
269
279
60
271
268
280
1252
270
62
68
273
260
290
362
368
370
430
282
270
60
369
60
298
260
340
59
68
269
269
68
277
271
290
540
281
308
300
291
339
311
260
281
270
260
320
60
301
311
268
290
261
59
61
310
329
280
300
270
298
68
68
278
270
286
60
299
61
316
330
60
279
68
318
342
60
309
289
270
261
290
261
262
260
60
60
260
59
270
290
68
289
290
311
269
300
61
260
309
281
261
315
61
268
271
60
290
261
260
281
289
280
279
260
60
68
59
269
300
280
297
310
330
60
260
61
320
62
260
360
61
269
68
271
270
271
278
60
318
60
261
260
280
260
59
60
60
260
281
59
309
291
270
260
270
260
391
280
64
281
60
280
60
60
360
261
60
347
262
261
61
281
59
280
260
330
299
60
271
349
310
60
299
360
267
320
280
61
300
62
306
270
290
60
290
271
68
271
269
411
261
309
61
391
301
279
289
271
261
300
270
68
300
269
290
261
299
291
282
60
61
60
61
270
281
260
261
271
270
60
61
290
60
269
261
361
260
260
272
260
60
260
59
59
260
60
279
270
361
279
61
60
289
63
261
60
310
289
271
60
260
310
390
261
260
331
269
290
310
530
68
288
469
280
271
61
1229
281
280
269
270
309
270
269
340
60
370
291
291
281
279
260
59
60
271
60
300
270
271
60
260
299
260
279
269
260
60
60
610
270
271
280
60
266
290
60
301
279
61
321
290
68
59
270
390
300
60
370
310
60
261
300
380
270
279
270
261
270
270
270
279
263
291
288
350
60
271
261
280
291
329
59
320
60
309
60
260
60
61
271
301
59
260
60
311
289
279
342
260
310
285
280
60
60
60
60
59
310
284
280
60
560
61
61
260
312
60
61
68
289
301
290
260
260
270
60
290
260
287
261
340
289
310
272
270
68
260
60
290
280
60
60
289
293
280
59
60
279
283
290
61
60
59
60
261
260
279
400
301
60
290
269
391
279
260
60
60
330
280
61
60
270
261
321
260
349
290
269
60
260
279
291
320
270
279
270
268
61
270
260
270
59
289
261
269
329
289
290
300
267
260
260
270
60
60
280
269
59
270
272
270
260
269
310
271
271
260
260
300
68
261
260
289
310
261
270
260
60
260
68
61
60
270
311
260
280
265
331
262
282
299
279
289
308
360
281
260
300
261
61
260
60
265
291
61
301
289
301
297
269
60
268
390
291
60
260
280
60
61
282
62
261
270
282
280
61
279
332
279
320
61
60
260
60
299
279
281
301
260
260
280
300
288
269
261
260
61
290
291
260
289
68
60
311
60
270
68
270
300
60
271
268
290
282
279
60
61
270
280
260
60
289
311
60
59
260
281
270
310
60
280
289
309
68
60
270
260
323
60
260
60
60
63
62
60
291
290
309
291
331
270
1131
61
310
281
270
310
299
60
280
271
311
60
280
1111
329
297
280
260
260
68
260
280
59
289
290
310
61
269
309
280
260
260
500
61
290
270
68
61
297
309
272
270
290
61
339
60
60
330
68
280
307
61
438
272
61
288
270
60
283
60
60
61
59
60
291
273
269
60
260
327
267
281
260
260
280
261
318
60
279
60
68
61
59
60
279
68
282
270
59
61
280
269
61
262
260
320
60
301
269
59
261
261
271
59
260
271
300
261
279
270
61
269
61
290
260
60
270
60
59
301
260
260
270
61
260
270
319
68
279
260
260
60
279
59
260
60
290
270
270
61
281
289
268
320
61
268
320
61
330
60
260
60
320
279
60
322
61
310
60
68
268
270
282
288
316
60
60
320
303
260
60
270
292
299
270
279
60
63
300
270
269
291
271
1121
269
280
293
269
60
261
261
291
299
280
68
290
270
68
270
309
260
279
60
261
60
296
290
60
1139
260
1069
309
290
289
60
270
269
599
280
290
68
281
61
300
60
60
269
320
260
281
61
59
260
289
260
280
58
291
269
280
272
291
292
280
281
60
60
260
281
290
320
270
341
261
279
68
271
60
300
290
297
270
60
261
1111
59
280
60
270
291
292
68
60
281
280
270
300
324
269
260
360
280
270
260
269
60
61
269
279
280
261
290
301
260
290
59
260
311
260
290
260
308
299
260
63
62
61
268
261
270
260
61
61
260
1120
271
260
315
260
269
60
280
60
61
270
61
328
300
59
60
62
269
260
320
60
270
278
260
269
60
61
310
60
300
269
270
60
60
260
321
68
260
68
300
260
270
261
280
264
280
290
289
260
289
310
289
360
311
61
68
269
68
269
61
59
319
321
279
310
290
300
68
449
260
60
281
340
269
60
68
60
298
270
260
270
260
280
279
269
310
359
290
270
312
310
260
300
60
1089
331
269
270
61
310
59
290
269
60
61
291
339
281
260
60
270
68
280
270
61
260
289
60
260
348
280
260
271
269
61
310
59
260
68
302
62
60
289
299
60
60
320
60
269
270
60
291
299
61
60
270
60
330
60
260
292
299
60
59
281
299
280
280
269
360
60
60
261
261
60
369
260
60
348
328
61
60
271
270
260
278
68
300
280
301
260
60
61
260
1160
279
280
62
269
60
260
68
351
261
290
60
269
290
260
271
60
260
273
260
47
60
270
270
280
261
61
60
60
290
61
261
59
270
62
61
260
269
60
1070
260
360
62
358
60
320
68
59
369
1149
266
308
270
1099
260
61
60
59
329
60
60
290
68
269
270
272
59
318
280
1099
270
260
320
59
321
60
260
60
261
269
278
281
269
260
61
60
271
290
300
68
59
269
271
260
60
61
401
269
61
60
270
1149
289
260
60
60
260
260
269
270
261
63
60
270
61
60
59
61
61
261
279
60
68
60
351
60
280
260
61
291
300
280
61
281
261
290
420
60
289
339
1089
68
308
279
1050
270
59
269
260
68
260
280
61
280
59
320
270
60
269
60
68
271
291
260
269
269
61
261
68
60
61
299
270
430
62
271
311
290
260
61
61
60
268
280
260
270
61
260
340
480
269
60
260
261
63
285
278
269
271
269
289
280
288
260
59
1188
68
270
60
289
61
270
270
61
277
60
279
269
273
260
279
60
260
260
60
260
280
280
61
360
60
271
59
288
68
1170
269
68
261
282
61
280
61
60
280
278
290
320
270
289
270
302
60
299
260
260
260
61
60
261
321
261
280
270
359
301
309
263
300
60
60
280
280
260
62
60
269
260
59
68
60
60
260
60
295
260
310
60
59
271
409
60
61
289
290
268
260
60
280
361
60
68
60
261
272
290
271
68
60
60
270
260
360
260
61
68
60
260
270
359
270
268
260
322
450
260
268
280
295
331
60
68
61
260
298
59
68
268
290
61
269
68
60
68
61
60
1169
68
62
1098
59
60
59
68
60
370
371
59
280
270
60
61
289
260
60
61
60
281
270
68
60
260
60
60
59
260
270
351
261
272
61
269
58
399
61
61
61
61
290
270
61
269
60
289
60
68
60
280
59
269
60
60
59
278
269
278
279
61
290
62
280
261
60
61
61
311
61
290
310
60
270
61
60
61
60
68
60
288
331
261
290
332
310
281
61
270
60
270
260
290
269
60
389
270
274
68
61
60
61
289
68
270
59
280
60
60
61
61
60
60
59
289
60
60
68
290
261
269
260
292
60
68
373
60
289
61
60
61
61
59
60
62
269
60
61
290
260
271
60
269
432
60
67
299
60
59
60
270
300
271
59
60
68
260
60
281
60
60
320
290
61
60
269
270
59
60
61
279
339
62
323
279
288
349
260
1270
273
311
59
279
1079
281
260
61
61
61
61
60
290
291
440
260
61
61
61
260
60
260
60
68
270
310
1160
60
300
59
61
59
68
280
59
389
60
59
61
261
270
68
68
270
60
1120
310
61
269
334
271
432
449
281
1150
319
60
309
349
270
281
350
281
62
270
271
261
312
299
350
280
279
332
68
288
61
269
260
270
298
60
270
279
61
260
60
60
60
299
263
59
280
279
290
67
279
269
59
311
260
61
270
272
60
61
280
269
289
59
60
261
270
349
280
290
61
60
60
60
260
60
370
260
260
280
300
61
68
61
60
260
270
60
299
282
61
261
60
60
281
300
281
260
1100
60
61
331
60
260
260
319
58
61
261
267
419
60
61
59
60
60
60
281
260
369
278
60
67
59
61
290
321
361
61
60
60
61
301
1111
350
459
270
269
319
288
310
61
331
329
340
269
419
270
60
340
280
61
60
60
60
261
60
60
273
61
60
340
1209
60
59
270
300
280
289
260
330
60
281
339
300
270
270
68
280
330
279
68
301
260
59
68
279
60
60
261
60
59
1239
270
260
269
60
68
290
279
60
59
300
60
269
61
271
60
289
61
60
59
60
61
60
329
68
301
61
321
299
271
407
60
290
260
290
280
60
270
379
59
61
61
301
59
59
60
60
60
281
280
66
270
61
60
60
68
61
60
68
61
321
59
60
60
60
62
60
280
261
60
59
61
59
59
60
61
62
60
60
60
60
60
261
59
61
60
59
280
59
60
309
61
61
60
60
59
61
60
278
61
61
278
60
60
68
60
269
60
60
280
61
60
60
270
60
320
60
1079
61
260
61
62
60
61
270
60
390
67
329
269
60
60
60
60
61
59
270
60
359
279
60
60
60
60
60
269
60
68
60
60
61
279
61
59
61
60
60
68
282
60
60
301
299
68
60
60
59
60
390
60
61
291
60
60
61
60
60
68
59
261
59
61
59
60
68
60
60
60
60
60
60
59
61
60
61
60
60
60
260
68
60
1127
61
329
60
61
330
60
60
60
341
61
62
62
60
61
61
261
61
68
61
60
60
61
62
60
68
60
61
60
269
61
60
59
60
60
60
60
61
61
61
61
280
60
68
60
60
63
61
260
60
61
60
300
60
60
59
271
60
59
59
60
59
291
339
290
280
60
68
59
59
60
61
59
60
61
272
271
61
62
281
63
61
59
61
60
68
59
60
60
61
59
60
61
60
62
270
61
61
59
59
68
68
61
60
60
60
61
61
60
290
61
60
67
68
290
61
269
260
60
280
59
60
260
60
59
60
270
68
60
61
60
68
1067
310
60
261
60
60
279
61
60
290
60
60
61
60
60
361
280
281
290
279
60
60
60
68
370
60
60
59
60
61
61
61
60
60
292
61
418
60
60
60
59
60
60
271
270
60
60
60
60
301
59
60
61
260
68
59
265
68
316
61
61
60
299
60
60
60
60
61
60
60
60
61
61
61
60
61
60
62
60
60
61
60
61
420
68
60
60
68
61
286
60
269
61
61
60
60
59
60
292
60
260
59
261
60
61
60
59
429
60
264
62
61
62
62
61
61
268
68
60
60
60
67
271
61
61
60
60
61
61
59
60
261
60
269
60
61
60
60
61
60
61
60
60
261
60
61
59
260
270
60
290
60
341
269
300
60
61
280
61
1091
310
60
60
61
289
279
272
60
60
61
68
262
59
61
60
272
60
60
60
300
261
61
62
60
59
60
60
62
61
60
1139
60
60
59
60
61
62
60
60
60
62
59
60
301
61
269
60
61
60
60
68
61
60
60
60
60
261
262
60
269
60
61
60
61
382
359
271
61
60
59
60
60
61
60
60
289
60
59
60
270
60
61
61
269
61
60
60
60
60
59
60
59
61
60
291
60
262
61
60
262
68
68
68
264
59
60
60
68
61
60
280
61
61
60
68
320
60
68
60
379
60
60
59
60
60
260
61
310
60
260
62
60
60
60
61
59
298
60
58
289
61
59
60
60
59
59
60
59
61
60
60
400
60
60
60
59
60
60
59
60
62
60
262
60
61
61
61
60
60
60
60
61
68
60
260
68
61
60
60
61
61
67
60
60
61
60
60
60
280
61
68
60
271
309
60
60
59
60
60
60
60
60
60
60
68
61
61
68
261
60
60
68
60
260
61
59
61
60
60
301
60
68
62
68
60
61
60
59
60
260
60
61
60
61
319
329
282
60
60
280
63
62
261
59
60
60
279
60
68
269
290
63
63
1192
68
60
60
68
262
300
260
299
63
269
389
62
62
261
61
60
60
309
61
1250
60
269
289
1160
271
59
260
260
320
59
299
61
279
260
290
269
284
269
291
260
260
278
60
320
471
60
271
61
299
61
60
270
260
270
261
290
288
260
68
270
60
260
270
285
260
61
271
268
309
279
260
310
277
61
60
60
260
270
260
1149
260
262
280
270
290
260
281
59
59
269
59
311
261
260
269
319
279
268
300
272
301
280
271
271
290
60
281
68
289
270
361
60
260
300
280
489
270
278
279
280
279
261
349
269
270
271
260
280
60
299
290
309
329
281
270
289
261
280
60
300
260
327
299
260
379
260
279
260
271
300
271
300
260
261
60
309
330
299
278
285
279
270
260
260
459
60
280
260
310
59
270
281
289
281
260
59
260
264
60
260
350
461
268
288
260
269
261
272
390
310
60
310
281
269
280
290
281
270
59
300
60
270
300
279
310
60
261
260
281
260
290
262
271
270
308
327
330
270
350
61
289
268
289
359
280
280
311
68
288
269
270
270
301
68
321
339
321
60
270
61
301
271
60
290
291
280
260
60
280
300
277
281
61
330
61
281
318
290
299
60
321
280
309
329
269
381
309
291
279
291
271
61
331
270
299
288
261
60
60
308
60
289
60
290
379
271
59
288
340
281
270
330
279
1141
309
319
300
311
269
292
60
299
1110
280
289
270
270
299
268
289
311
260
68
270
320
359
260
320
60
300
290
60
280
60
330
60
300
300
280
279
279
260
279
281
300
277
279
60
309
60
309
280
288
291
291
1120
321
328
289
290
300
279
280
279
293
339
264
300
61
279
310
300
301
270
269
68
361
316
299
330
270
279
279
320
291
260
292
298
309
269
340
261
309
308
270
60
279
260
272
269
60
280
291
309
68
261
281
261
270
261
260
328
270
260
280
290
290
352
373
319
311
269
269
271
60
261
61
261
260
270
260
278
270
341
299
269
290
280
1121
329
260
280
68
310
260
68
280
269
290
339
340
309
60
310
1140
298
290
1140
371
270
281
270
291
270
260
68
329
60
270
282
269
429
271
279
290
261
301
268
371
291
301
269
260
60
300
260
281
289
280
269
68
309
68
60
289
290
280
269
271
270
60
311
281
350
261
290
261
61
328
280
280
270
318
260
260
329
289
380
299
302
60
550
299
61
280
301
270
291
279
281
271
1110
269
360
299
60
269
321
291
297
68
270
301
290
360
269
499
68
61
260
279
280
60
60
289
302
60
340
300
291
279
269
289
290
262
541
59
270
280
280
310
260
349
298
270
60
281
320
280
281
559
560
271
280
420
269
299
340
401
298
340
388
300
289
549
300
299
61
269
261
271
260
270
1149
290
281
320
278
290
310
280
301
280
280
271
300
60
60
310
61
300
331
263
260
290
281
60
59
68
301
310
279
269
260
289
60
270
269
60
308
290
270
60
300
299
280
261
329
260
280
299
60
280
262
281
61
260
278
279
269
269
270
290
280
269
300
269
269
279
68
260
280
280
280
300
269
267
319
340
280
59
60
279
314
311
270
269
301
281
270
1109
261
271
310
299
311
260
270
271
270
68
419
261
282
261
310
280
310
269
280
279
308
280
300
61
260
260
261
650
298
280
280
300
296
289
270
270
59
281
270
279
269
279
59
280
260
291
291
270
61
270
280
61
272
270
269
59
280
299
273
61
289
59
60
260
287
280
299
269
60
270
260
260
260
269
309
260
281
273
290
268
61
291
60
260
304
270
281
289
330
260
270
310
290
289
260
68
269
260
261
262
291
260
299
270
68
271
291
359
60
59
270
289
60
289
269
1099
261
281
286
290
260
280
59
280
260
341
278
290
289
282
288
61
279
288
340
68
269
370
359
61
60
260
268
280
290
290
270
280
261
60
300
60
288
60
290
261
290
309
271
301
261
260
282
272
290
281
300
310
269
60
298
59
280
60
309
60
279
61
299
261
290
278
61
279
261
279
280
261
260
350
68
289
280
279
289
68
260
68
1162
270
272
311
59
61
271
288
260
61
279
289
1088
59
60
349
280
330
271
270
280
261
320
60
309
68
260
281
280
269
290
299
60
60
329
320
260
59
399
60
290
290
340
60
60
270
269
279
260
261
59
300
269
61
270
60
299
260
61
60
289
271
299
60
261
68
260
281
299
60
271
280
60
290
390
290
261
60
60
320
319
60
59
270
289
319
60
279
320
63
63
270
261
68
270
279
271
281
270
61
310
1129
311
291
60
260
290
310
278
279
319
59
288
61
61
281
1088
360
279
309
269
381
310
261
260
61
60
319
286
275
61
350
60
279
262
359
310
269
60
299
60
289
260
270
58
300
261
289
60
260
289
61
310
61
260
68
300
290
281
280
289
261
270
59
280
319
271
68
261
269
60
260
330
60
59
279
260
68
68
283
61
271
310
271
291
310
290
260
60
268
309
61
308
260
288
271
292
260
370
279
60
320
280
270
279
310
299
60
269
1220
270
269
271
269
60
60
279
260
310
260
291
60
440
260
260
261
299
284
280
60
61
290
1150
60
68
290
319
270
270
60
270
59
300
280
282
269
1131
291
300
291
300
279
281
290
270
269
268
330
268
320
270
279
271
260
280
260
398
300
271
264
270
299
1300
60
268
60
60
286
61
59
270
310
280
279
308
319
60
277
60
281
290
272
60
319
260
280
299
301
288
60
270
270
269
380
268
260
61
301
270
269
269
281
309
281
301
289
290
260
321
63
271
310
399
371
321
270
261
263
261
290
60
268
269
59
260
260
262
280
290
279
271
272
263
260
310
279
300
410
60
262
270
309
282
409
287
60
282
271
261
269
270
60
281
299
290
59
271
269
62
60
280
270
311
60
320
261
266
60
291
271
298
291
61
340
309
60
279
260
62
60
269
269
278
319
270
289
299
260
260
60
289
260
279
260
1080
290
260
68
260
260
269
289
270
290
307
379
260
279
60
60
68
261
279
299
279
270
369
279
300
60
60
280
61
270
60
290
271
310
291
300
290
280
300
282
279
61
60
260
316
260
270
270
280
280
280
60
60
59
400
260
520
61
60
60
60
68
288
61
336
68
262
281
271
300
289
260
287
319
318
290
279
270
61
289
60
300
278
270
60
269
262
290
269
60
60
280
68
280
272
289
60
260
280
301
261
60
289
298
68
279
260
287
281
1279
260
319
261
299
278
270
291
270
63
270
61
1328
291
60
269
330
289
60
349
260
318
270
68
290
279
270
270
270
289
271
269
269
270
261
263
372
60
308
271
60
281
345
280
280
331
301
289
281
281
60
260
60
60
60
60
68
270
291
320
68
68
60
270
279
289
261
269
401
260
301
280
281
269
310
272
290
270
270
298
60
269
271
289
269
270
281
303
261
289
290
261
270
311
269
270
60
300
261
269
279
280
269
60
269
260
300
60
279
61
260
278
68
60
260
60
280
289
60
301
1092
290
59
281
270
291
261
261
59
289
280
60
262
60
1078
285
271
263
59
278
298
270
289
269
260
260
260
60
269
298
270
60
279
280
61
261
290
285
280
279
270
60
270
269
60
260
61
59
1059
270
270
260
60
301
59
269
280
60
299
322
61
260
59
329
269
60
348
60
260
270
59
300
340
281
60
59
270
269
60
306
290
290
61
309
261
1129
270
278
68
289
61
280
260
61
269
279
269
62
59
470
260
271
398
260
260
60
280
288
271
266
60
291
300
61
270
60
269
260
261
260
60
280
281
280
61
61
340
260
1059
260
60
281
300
260
270
330
60
260
289
269
269
288
269
60
260
289
268
68
60
269
400
269
330
68
261
309
260
1192
279
1168
59
309
60
310
260
61
60
270
291
280
60
330
290
260
339
260
60
268
280
60
398
270
269
261
271
60
280
318
429
60
261
60
60
1140
320
290
278
270
280
269
68
299
59
60
60
1090
270
279
59
270
60
261
271
280
261
260
260
61
61
60
391
260
270
268
261
270
300
300
280
261
60
60
290
321
260
60
269
270
60
68
60
61
271
260
60
272
270
480
309
279
270
1099
261
279
269
269
301
300
323
261
260
60
61
61
269
1199
310
340
310
61
351
290
260
261
260
309
261
290
62
60
270
60
60
291
310
60
61
290
270
59
60
261
277
270
60
262
260
289
360
60
260
63
63
260
60
320
260
60
280
371
260
261
60
60
262
261
60
261
290
260
61
270
270
68
260
381
287
61
270
300
312
311
420
310
60
60
440
60
62
59
280
59
260
272
289
60
260
260
279
275
260
61
281
359
290
290
279
60
279
410
270
60
270
61
270
60
290
60
60
60
59
59
330
261
301
280
60
279
320
290
300
264
261
269
60
289
280
291
260
61
381
61
68
270
270
260
61
60
271
60
269
291
261
309
289
61
68
290
59
68
281
60
271
68
269
260
61
280
260
340
60
269
61
60
60
60
260
290
281
318
500
273
288
280
61
60
279
261
329
60
309
59
379
270
60
269
270
260
261
389
269
260
60
260
68
310
282
269
279
269
281
429
270
59
61
262
61
59
279
1119
270
60
260
62
61
60
280
269
59
319
260
290
279
287
340
260
263
361
340
59
291
281
399
381
279
321
352
303
399
271
277
281
300
260
300
59
270
510
1249
309
310
320
291
67
268
279
260
1092
60
260
60
298
60
60
61
270
351
270
261
299
270
272
60
276
59
260
260
61
268
59
60
1100
68
290
68
280
260
280
60
270
260
261
58
270
290
261
271
59
270
61
281
1100
68
61
329
309
60
300
261
59
260
61
319
61
270
390
267
59
61
279
59
311
60
273
262
61
278
272
281
60
60
59
60
59
260
272
60
269
290
68
340
280
60
409
280
68
60
61
280
61
260
260
270
270
261
291
289
310
60
321
61
309
279
1182
469
60
281
279
1070
271
279
320
61
402
379
429
280
331
270
60
299
61
302
280
489
269
60
269
60
60
269
261
261
59
1189
270
68
60
61
321
269
297
68
271
61
270
288
261
270
279
280
380
337
261
60
60
260
298
61
61
60
60
60
61
270
60
269
261
260
60
291
60
284
260
379
261
279
299
1140
309
61
314
60
308
68
261
60
300
60
270
269
281
280
61
60
300
301
299
347
281
340
380
283
260
270
321
461
268
59
60
262
280
270
60
331
60
68
61
60
61
59
60
61
61
61
60
378
60
281
60
60
260
60
63
61
60
278
61
61
60
270
61
68
68
261
60
61
60
67
62
61
60
68
60
60
260
60
60
290
265
66
60
60
60
270
280
279
60
60
350
59
59
270
59
60
68
270
266
279
60
58
262
269
61
60
260
290
60
61
59
59
337
59
61
60
60
260
321
60
362
60
60
380
60
269
351
301
310
68
68
61
270
329
59
60
273
59
68
60
61
60
60
289
60
61
59
61
60
302
68
68
60
61
60
60
59
60
59
61
61
60
60
260
61
58
60
60
61
60
59
280
61
261
68
64
60
61
61
59
60
330
400
291
61
60
60
60
280
59
290
270
60
60
269
68
60
60
60
301
67
60
63
62
269
60
60
60
61
1141
68
60
62
61
60
260
60
68
68
278
290
59
60
68
60
340
61
60
60
290
270
60
260
60
61
351
61
59
59
309
61
61
280
291
261
309
60
60
60
59
60
61
61
1091
60
61
279
60
60
61
63
267
60
341
60
60
60
330
60
261
260
59
329
60
260
61
261
310
59
61
63
61
61
299
320
290
390
61
60
60
261
66
68
60
269
321
60
60
458
60
60
340
260
68
68
60
353
291
269
68
60
270
361
60
60
61
60
68
60
60
330
411
60
60
62
62
61
270
271
68
59
279
60
62
359
60
1120
311
302
60
60
68
60
61
61
269
281
61
61
60
60
60
269
61
68
260
60
61
288
329
60
61
60
60
60
59
60
61
60
61
330
60
60
59
60
268
281
61
60
61
58
61
60
60
61
61
289
67
63
61
260
60
61
60
59
269
61
59
61
60
59
61
329
60
61
60
271
260
60
60
269
280
280
281
60
289
68
279
61
61
290
289
68
260
60
281
59
260
60
60
61
260
61
68
68
290
61
60
260
61
61
61
60
60
60
60
60
60
280
60
60
60
289
60
60
60
261
291
60
61
280
61
63
62
60
61
60
60
60
271
350
60
60
59
60
68
59
60
59
60
68
60
61
60
68
60
398
60
62
60
270
61
61
68
60
291
280
60
60
61
60
61
68
61
271
60
60
58
60
60
60
68
68
60
270
60
59
60
61
60
60
60
60
61
59
60
260
60
59
59
60
59
68
61
361
60
68
60
420
301
60
59
68
60
60
60
60
269
60
59
61
68
60
401
270
61
412
59
60
60
60
60
60
61
68
60
61
61
60
60
61
60
60
60
310
60
61
60
60
60
60
68
60
60
279
60
59
60
60
60
60
60
61
68
380
60
60
60
68
60
59
62
68
60
59
265
59
61
60
60
60
62
59
68
59
288
60
60
60
59
269
60
61
60
60
61
61
59
59
60
61
59
68
320
59
60
61
61
60
61
60
61
61
59
68
260
60
59
61
60
60
60
60
59
60
60
63
63
59
60
60
60
281
59
59
60
60
60
279
301
60
61
281
269
379
287
311
59
261
269
280
260
68
290
299
280
260
59
59
280
60
310
68
270
62
260
290
269
68
299
268
60
270
280
271
290
61
66
331
280
260
306
270
269
270
300
264
319
279
269
260
270
61
268
289
320
310
280
271
319
260
60
1109
260
300
261
260
299
260
401
271
320
278
60
270
260
61
261
270
279
279
260
300
60
281
260
269
329
310
260
260
301
279
320
270
290
281
60
1100
279
61
270
68
299
270
290
299
269
300
60
270
311
339
290
299
271
300
281
271
260
289
290
272
60
431
349
271
269
260
261
270
68
61
269
300
260
298
261
269
290
270
60
420
299
280
290
60
261
296
279
299
270
280
290
271
270
280
279
287
261
300
261
270
309
290
320
271
300
269
280
260
270
60
61
269
270
279
280
260
262
260
312
280
270
260
310
301
68
260
280
271
260
61
270
260
290
261
60
299
279
289
308
261
399
270
308
289
1079
451
280
282
340
301
270
60
260
271
60
269
288
330
267
270
350
320
299
309
290
59
279
310
270
291
279
289
320
271
282
279
281
61
271
262
279
291
291
279
271
261
261
310
289
288
319
310
68
1099
279
61
260
1263
292
280
281
310
329
270
279
310
311
269
279
1080
289
300
301
60
301
317
339
310
309
260
281
271
320
280
281
270
271
290
60
269
302
60
349
311
300
330
310
296
261
270
349
59
289
300
1130
341
310
273
321
270
291
360
401
261
300
270
320
297
319
291
1110
68
267
360
330
310
318
350
260
329
270
340
428
269
310
270
290
350
272
320
340
529
260
318
290
361
341
330
320
320
300
320
280
310
349
308
319
299
290
328
300
270
311
301
300
361
321
311
319
290
278
328
267
329
281
270
269
290
60
279
60
299
359
1110
301
300
261
280
281
289
311
309
280
300
271
300
61
280
310
289
419
310
361
60
62
280
369
61
300
400
290
269
280
330
261
350
269
281
271
292
261
260
290
290
272
296
310
365
293
320
299
310
321
1169
281
359
309
380
329
279
309
61
320
301
270
319
301
309
262
260
1130
290
301
280
339
280
319
279
310
271
61
350
320
59
290
272
301
269
329
300
320
270
281
301
60
260
299
280
310
60
319
320
268
329
310
260
290
320
299
320
339
271
270
358
320
279
301
300
300
309
1059
360
68
291
60
301
300
261
280
318
59
290
300
280
260
60
311
1141
349
301
281
309
281
300
271
278
302
309
270
279
260
61
1060
348
311
270
281
419
289
291
60
281
310
350
311
68
310
301
383
319
270
300
270
301
61
278
311
309
310
403
299
280
351
60
299
279
260
280
260
270
339
282
290
291
300
290
300
269
61
270
290
330
270
309
281
290
272
290
310
68
260
260
60
280
60
309
281
350
319
270
279
279
280
290
380
309
379
63
320
291
260
308
301
291
309
310
300
319
269
260
339
261
350
1081
268
291
310
300
340
261
330
270
340
262
280
282
398
280
270
60
296
330
320
300
381
61
58
320
330
280
321
279
336
260
262
299
270
61
260
271
270
260
291
61
269
271
68
260
300
299
1119
291
321
321
347
270
290
59
330
68
330
298
300
280
449
261
272
280
370
290
341
279
440
290
270
280
290
280
310
339
339
309
299
300
270
61
329
310
270
309
301
281
60
309
349
280
260
280
269
339
311
1128
280
299
281
301
60
349
290
260
260
270
339
300
271
310
260
296
270
330
260
68
301
260
300
271
280
309
340
260
270
310
281
270
260
278
1330
291
280
280
330
300
68
290
270
281
280
1091
281
290
359
312
290
59
300
309
360
294
310
281
320
289
309
270
281
330
298
300
302
279
261
330
310
261
330
270
291
300
260
319
319
340
1111
309
280
269
289
338
270
300
260
329
300
299
270
328
260
269
299
291
342
270
310
461
291
351
300
300
301
331
310
289
312
261
290
281
65
282
270
310
260
260
310
270
290
67
280
279
309
279
290
260
292
270
271
68
300
308
291
260
260
310
280
281
320
309
270
309
289
279
61
320
341
299
280
260
290
321
300
280
318
299
270
340
298
261
292
341
260
321
290
270
279
289
61
309
290
61
300
271
271
291
281
61
280
270
260
286
281
371
271
290
290
68
279
278
60
300
260
260
310
348
290
340
330
271
289
291
270
280
330
302
260
300
300
290
280
283
271
271
401
291
60
312
335
330
319
289
283
280
268
280
308
68
61
260
268
68
340
271
310
298
340
281
349
260
269
290
309
310
319
260
289
270
360
260
260
61
302
299
320
270
60
299
319
270
280
339
280
270
271
320
360
270
281
309
290
68
270
59
340
321
61
280
300
260
280
271
290
68
290
271
270
331
290
330
260
58
308
281
60
68
320
289
270
279
270
1181
310
60
269
270
300
1140
68
290
260
61
61
270
281
282
61
290
1059
1089
261
351
1079
260
290
340
289
1071
309
60
282
271
270
319
343
279
321
430
329
320
264
280
320
280
299
271
260
309
279
310
292
293
260
270
300
270
68
301
289
270
310
290
280
60
272
300
330
291
310
60
270
276
261
361
279
269
60
311
271
320
338
300
270
280
260
271
260
290
270
288
261
301
286
311
289
1082
261
330
59
60
261
321
281
322
299
280
320
281
317
290
281
291
310
300
290
279
68
263
290
300
1139
270
281
260
291
282
60
61
260
270
260
310
301
292
279
270
270
330
291
280
290
60
320
270
309
319
318
289
260
299
280
260
268
262
260
300
340
270
280
302
309
270
319
270
299
349
289
308
68
267
261
270
260
320
319
290
290
270
279
269
281
61
270
270
290
280
281
260
309
279
281
269
280
261
300
308
260
269
290
300
300
262
310
260
269
292
261
260
261
261
291
289
311
280
310
280
269
291
270
280
279
268
348
291
300
301
309
310
310
290
280
299
288
301
300
279
301
59
300
300
409
310
300
260
332
310
291
278
59
320
270
310
420
291
280
280
281
281
330
359
290
60
299
280
63
389
271
341
309
260
280
280
270
60
260
401
310
290
300
331
271
290
280
270
262
300
68
271
280
261
300
269
260
279
268
271
299
441
270
300
280
280
307
279
299
310
270
60
280
290
269
290
270
278
260
300
60
280
300
323
321
301
270
279
279
290
300
270
290
280
300
349
319
290
299
310
1118
261
270
62
310
60
299
301
1129
270
360
271
330
260
264
280
290
290
279
298
310
261
330
270
289
279
270
279
269
260
269
270
273
301
260
260
290
270
270
321
270
260
320
269
301
289
340
268
300
260
270
260
260
310
311
288
279
280
60
60
290
290
279
279
300
269
288
270
289
290
321
280
321
320
262
260
401
410
370
270
280
321
381
271
260
1129
271
271
269
279
280
291
299
265
260
279
270
271
260
300
310
280
300
270
299
1138
261
322
290
260
280
260
271
289
59
300
301
60
340
279
271
299
330
271
281
260
261
1181
330
269
279
271
280
269
281
261
261
61
279
270
60
280
270
349
269
280
300
280
281
66
300
301
302
321
281
320
281
279
339
60
339
340
271
649
280
260
301
319
280
269
269
298
299
290
280
282
260
300
271
270
58
299
260
297
269
290
61
282
281
280
260
279
290
289
66
290
280
1180
290
60
299
291
261
270
290
280
289
309
290
269
279
290
281
319
360
260
291
271
281
271
270
281
299
260
271
278
281
271
260
290
280
278
260
260
270
280
280
1099
270
301
61
281
300
271
269
281
281
390
260
260
270
280
261
260
59
299
280
309
1188
290
270
290
280
279
281
280
270
291
290
261
291
270
349
340
60
271
330
271
319
281
260
291
1061
341
280
317
291
281
309
289
280
271
300
330
60
280
260
280
60
290
300
310
270
281
270
270
270
301
1122
290
276
290
310
68
60
60
261
269
260
391
270
328
280
261
270
279
260
262
59
290
60
299
260
290
301
310
1160
279
271
270
290
280
450
68
1220
269
260
68
278
270
281
291
276
291
279
278
331
310
290
270
310
260
299
60
440
261
320
290
340
60
354
260
289
260
280
300
60
260
270
261
301
350
68
300
291
280
290
61
62
260
271
61
61
280
271
299
61
272
269
61
268
271
270
279
320
280
273
291
430
270
290
1239
269
311
320
260
270
296
300
300
291
269
279
289
60
283
270
260
300
270
60
260
270
271
59
61
270
270
313
270
269
60
271
300
260
269
269
279
340
270
260
261
68
1060
282
271
260
281
280
60
271
289
62
280
269
60
260
280
280
260
274
260
300
270
291
260
268
300
260
289
279
271
261
260
271
270
270
289
300
269
281
281
281
300
270
310
299
270
261
61
280
299
279
297
261
59
290
261
260
267
60
279
270
300
290
350
260
260
280
272
300
61
269
280
270
309
301
300
291
290
1201
68
281
298
260
300
280
310
260
280
279
260
61
67
264
300
320
280
279
61
270
68
270
268
60
291
279
278
270
274
260
280
299
279
288
1200
60
331
270
261
260
279
260
1098
269
269
300
60
290
289
409
291
272
260
290
260
279
301
260
290
352
269
261
289
300
260
270
271
261
269
271
270
270
270
260
279
68
272
280
260
311
269
269
261
269
270
260
290
280
300
281
270
270
280
60
290
270
299
281
68
290
282
299
261
299
289
300
260
1201
280
260
270
310
320
269
261
260
260
260
270
60
299
68
261
300
1129
270
280
1200
260
290
260
501
261
269
60
280
480
270
270
289
260
61
320
310
309
267
281
260
269
68
300
260
280
270
260
260
270
290
260
290
68
269
310
59
380
271
270
420
60
280
260
261
290
270
270
68
269
299
289
60
1290
319
289
289
281
330
1221
291
260
290
61
61
290
270
291
260
270
311
1260
281
270
271
60
290
268
261
320
60
350
280
269
260
60
270
298
60
261
299
60
61
269
340
260
271
269
279
60
260
311
270
269
279
288
279
330
61
330
330
269
269
450
61
290
260
291
260
268
280
261
300
340
269
260
270
260
271
271
280
341
269
381
261
270
261
260
310
270
287
60
288
279
270
60
280
320
269
260
280
60
269
270
61
288
340
60
279
279
61
300
281
349
280
279
270
60
341
263
281
350
261
280
260
260
271
289
268
370
270
280
68
268
269
269
300
279
340
361
265
68
261
290
260
270
290
310
290
260
279
68
261
60
293
269
269
269
289
260
271
63
62
265
271
260
269
311
261
269
260
311
291
59
270
310
269
60
290
61
270
440
1100
271
270
260
282
260
260
359
270
281
269
302
289
60
269
260
61
60
60
60
1320
301
260
260
279
280
272
269
308
401
59
61
278
270
60
340
280
261
280
289
278
270
60
279
270
328
301
260
270
289
270
261
271
270
310
60
270
270
262
268
312
270
270
270
261
59
60
280
540
67
290
60
261
271
330
340
270
400
349
289
269
261
1068
61
269
289
260
281
379
272
288
301
301
60
279
61
260
270
269
270
270
1077
68
270
61
300
261
68
286
300
280
60
270
279
260
380
270
290
262
270
260
290
61
68
60
260
1078
298
61
261
68
260
269
280
299
301
400
269
270
285
68
341
300
271
268
271
260
280
281
380
351
269
281
60
260
278
280
68
68
270
369
60
270
280
60
331
294
260
269
290
269
269
61
270
1200
280
260
269
262
267
280
279
68
60
269
61
261
260
288
261
60
288
310
261
310
268
299
300
260
288
509
261
282
287
1160
270
291
271
341
301
289
60
263
278
269
350
261
260
301
279
342
330
68
269
269
350
330
270
289
299
60
260
60
260
61
389
319
270
268
298
309
312
60
270
279
261
269
270
260
68
320
60
60
60
289
269
281
270
400
261
268
260
260
60
60
290
60
266
279
304
270
266
311
60
410
270
279
68
270
270
68
268
279
260
60
280
60
260
301
269
60
340
60
61
60
60
68
61
271
340
261
61
269
60
269
61
310
260
60
280
380
61
260
60
279
270
61
62
61
60
60
310
68
299
310
1082
60
289
260
300
290
61
371
60
59
59
269
270
290
351
271
289
300
331
64
1180
61
260
330
298
1088
60
301
68
330
391
260
279
340
351
60
68
270
61
270
67
61
301
61
260
279
68
60
68
61
60
60
280
68
280
263
276
292
281
1109
360
291
269
310
270
68
260
301
320
321
279
270
261
292
370
290
311
339
280
320
390
60
60
270
61
61
310
60
300
260
60
60
279
268
59
296
60
59
270
68
60
61
271
60
60
60
320
281
301
298
270
60
60
280
265
260
61
262
60
280
61
60
270
270
61
260
270
60
67
59
310
59
289
269
63
60
61
60
59
260
60
62
59
68
61
329
60
68
299
61
290
60
281
260
317
60
68
269
269
61
68
68
60
62
379
61
61
60
280
68
59
361
260
60
261
260
316
260
60
390
60
270
299
291
269
439
261
291
62
60
309
268
61
61
60
59
310
60
61
271
68
61
68
60
60
60
330
260
60
260
270
62
62
60
62
269
68
290
60
60
61
68
63
62
61
61
60
420
60
263
281
270
329
61
60
60
61
290
60
260
1111
68
59
260
289
62
61
60
321
310
261
260
61
279
267
289
60
269
272
68
61
391
61
60
68
60
60
60
269
60
60
60
272
61
261
68
61
68
68
68
60
261
439
282
320
61
280
60
60
60
60
60
68
63
260
68
260
291
61
57
271
260
60
60
290
68
284
61
68
61
60
62
62
61
270
60
60
63
270
59
302
270
68
60
62
61
58
60
61
60
298
270
261
60
60
269
61
61
60
60
281
68
410
60
61
298
60
60
61
61
60
60
340
61
290
61
60
68
61
60
60
320
450
61
60
59
60
59
260
68
270
59
68
360
280
60
301
268
68
260
1099
60
300
59
59
61
59
60
68
68
60
280
60
280
60
60
60
68
60
68
60
349
60
60
61
60
67
60
299
269
68
290
60
63
60
61
60
330
261
61
60
68
60
278
68
60
59
61
61
68
301
321
58
61
61
61
60
68
60
60
283
302
61
320
280
61
269
61
60
59
63
61
60
261
310
61
60
59
61
60
61
60
60
59
341
61
61
60
60
60
60
61
60
60
59
59
60
61
61
290
379
281
60
60
61
60
270
60
59
68
60
61
68
280
68
60
61
284
60
280
60
59
58
59
68
60
60
60
60
61
320
60
60
61
60
261
60
271
60
59
298
60
60
60
60
60
61
270
300
59
60
60
60
68
260