60.
100.
120.
139.
289.
123
59
401
299
541
59
59
59
59
59
59
59
59
59
59
59
59
59
59
59
59
59
59
59
59
59
50
59
59
59
59
59
342
59
59
59
59
350
59
59
59
59
300
59
59
1070
59
291
59
59
59
59
59
59
59
59
300
59
361
292
59
313
330
291
59
59
301
310
311
59
59
59
309
59
59
59
59
321
310
321
320
301
59
291
59
59
331
290
299
300
59
59
380
59
59
340
309
342
299
301
301
309
302
311
59
359
331
312
290
59
59
310
312
310
330
299
321
422
370
298
299
59
330
59
59
311
350
300
312
301
332
300
339
290
309
292
292
59
300
1109
330
59
351
410
59
290
309
350
59
301
671
301
324
341
371
320
313
59
50
370
441
59
293
739
380
300
372
315
320
371
59
350
59
399
350
59
330
680
59
342
59
309
381
311
59
1140
340
59
360
59
1331
319
59
59
318
320
400
347
382
290
302
362
380
371
341
290
290
669
59
661
332
59
317
59
359
390
389
59
369
370
349
1161
379
410
319
290
441
291
392
290
379
309
351
59
719
320
309
310
59
362
372
59
58
59
360
290
59
59
59
651
371
290
350
290
430
390
59
341
371
310
318
412
649
309
382
340
313
59
388
400
290
290
310
297
360
309
309
364
301
772
51
722
339
345
389
301
348
330
50
610
290
290
300
722
427
410
311
442
311
290
308
361
337
370
740
290
410
298
319
321
470
690
342
300
377
418
361
334
668
349
362
690
409
330
310
310
387
519
669
408
421
59
321
429
330
689
57
299
50
657
678
420
609
583
299
410
301
59
299
650
591
59
710
299
640
290
59
670
346
359
337
370
301
311
291
721
300
59
721
300
607
290
291
59
650
721
369
307
1341
651
609
59
470
319
300
419
680
420
59
410
59
320
631
59
304
59
429
59
630
59
300
295
300
309
418
290
351
299
291
700
380
370
340
1521
309
59
59
412
450
649
359
618
1432
59
639
301
59
299
379
58
291
439
59
59
650
290
720
369
1409
321
331
341
572
630
417
299
1118
301
300
365
340
340
59
59
629
300
59
700
310
290
310
741
689
1220
690
300
369
739
560
59
300
739
731
290
680
426
59
701
310
320
678
59
362
709
360
652
389
58
1421
349
721
59
720
372
602
310
59
681
689
298
290
700
360
49
290
291
419
429
59
414
370
59
59
392
324
360
629
760
290
290
380
59
328
1118
360
442
321
359
339
350
59
59
732
441
640
300
59
492
1441
721
51
321
362
290
310
59
298
299
710
59
1183
311
362
691
291
59
59
319
348
59
59
399
290
691
370
651
59
388
59
670
651
369
59
299
438
660
309
59
1461
580
59
332
310
641
362
910
340
410
309
638
308
709
320
310
329
341
290
59
369
319
290
348
401
390
50
301
301
660
349
419
59
657
650
308
730
321
630
429
344
711
410
59
410
320
59
658
291
1541
419
291
321
315
360
630
291
2611
489
347
292
651
700
59
2160
690
299
361
59
642
59
429
340
421
410
59
349
329
59
309
315
290
290
440
407
59
699
59
679
339
59
59
591
299
380
1110
313
769
311
375
299
59
1084
350
479
310
382
411
338
300
290
370
59
358
429
341
400
320
1391
59
341
59
59
59
330
299
440
59
710
350
351
391
619
722
309
642
373
360
419
59
291
447
377
300
59
611
329
611
399
310
451
401
59
400
59
59
419
421
50
369
59
290
56
742
462
299
740
310
379
59
59
59
400
59
681
59
1371
59
670
691
400
290
630
399
617
59
389
300
1580
570
59
59
50
753
290
361
52
59
59
290
780
321
59
459
298
342
329
490
380
59
59
59
1362
320
702
59
708
370
59
459
392
59
370
59
59
640
722
353
600
299
605
711
330
650
298
600
399
310
59
1362
310
391
360
351
439
58
59
611
650
59
381
59
670
452
680
311
331
340
290
290
309
422
291
490
290
389
1171
319
440
379
59
604
329
411
302
59
624
291
361
1199
59
660
429
2160
1470
1490
1490
1490
1781
2201
1491
1491
1480
1490
1492
1478
769
349
410
50
59
640
290
690
370
409
320
323
59
300
671
333
59
298
331
59
399
1561
630
391
298
311
59
303
400
59
59
290
298
389
739
59
420
399
290
359
702
59
381
331
410
407
320
59
330
358
59
57
661
408
59
59
438
56
1729
1490
1480
420
59
1039
59
390
331
490
291
1141
59
409
698
59
411
59
369
318
672
370
438
651
290
339
59
709
659
59
412
58
59
298
291
429
59
59
383
290
428
1010
310
380
59
389
418
379
59
314
59
59
421
290
360
330
59
651
59
59
432
661
375
409
59
59
393
420
59
1462
662
309
1370
59
381
59
367
410
59
331
59
638
59
430
59
59
410
659
57
351
50
369
591
371
59
822
491
59
400
323
409
606
51
380
290
291
57
59
371
391
351
348
59
56
380
311
362
309
385
290
430
389
59
336
310
351
649
329
641
410
319
349
59
640
410
689
350
1639
389
59
362
640
290
732
470
731
59
681
297
399
419
370
59
59
340
58
648
50
362
1370
59
310
59
301
332
379
340
369
680
290
331
329
59
391
343
300
369
58
391
59
331
56
771
303
380
360
411
301
630
580
1083
311
331
710
962
59
379
401
341
351
290
331
781
59
59
381
370
59
312
432
50
408
59
340
360
389
379
290
399
592
59
370
59
300
310
290
632
59
59
680
59
331
352
51
348
370
320
349
631
417
361
691
59
390
329
409
360
348
59
362
320
623
410
59
350
361
389
641
59
59
691
379
311
303
59
59
59
1088
681
59
1341
59
387
59
380
621
59
59
492
399
741
359
350
58
398
333
710
299
409
358
298
59
650
395
321
382
59
341
320
390
351
592
393
290
59
59
363
398
59
321
59
351
50
59
339
59
59
298
427
358
300
361
331
399
291
362
400
298
390
298
311
370
361
671
59
379
291
389
400
371
408
310
710
308
391
51
309
360
59
291
339
298
59
421
339
59
59
59
290
359
351
59
59
59
50
59
349
420
363
390
360
363
361
353
59
59
59
351
350
58
59
59
308
359
59
398
399
359
59
381
291
601
360
59
649
391
357
380
359
300
359
1401
327
59
290
1091
59
359
59
391
59
59
384
317
354
350
59
442
59
461
59
399
380
59
399
360
311
407
59
330
59
59
300
59
302
299
350
340
59
59
379
422
380
352
2091
1490
1490
1480
1500
1502
1168
701
1442
50
357
357
310
359
330
380
290
359
59
371
582
351
59
290
329
391
59
47
388
330
348
302
390
59
331
361
324
390
672
400
411
59
290
59
360
500
59
360
429
380
290
309
360
360
341
640
360
50
661
720
59
350
59
309
59
299
432
50
400
389
1361
370
340
59
300
342
311
320
58
380
400
369
351
293
419
379
59
59
59
370
321
59
412
382
298
311
59
358
391
59
59
323
352
340
299
300
59
59
309
378
322
58
350
59
621
371
710
380
59
349
299
646
344
59
338
350
359
302
299
563
389
392
351
59
300
601
59
299
59
59
578
333
409
349
401
399
50
439
290
398
351
59
320
351
381
59
59
616
371
59
370
59
372
59
379
371
371
370
290
321
59
291
1340
361
412
312
59
375
59
359
373
391
320
59
339
59
331
361
1391
411
368
389
311
59
300
748
59
299
291
430
59
313
700
59
349
59
380
451
300
369
300
59
50
301
400
421
390
359
1057
322
383
631
370
51
309
390
321
371
370
350
51
350
331
322
59
351
59
381
625
351
319
359
1099
310
388
59
370
398
350
59
342
378
345
350
389
59
1420
322
59
390
370
321
59
690
439
290
332
361
560
59
328
380
369
341
481
352
357
310
311
59
350
376
335
292
309
1281
360
340
1110
359
59
59
310
310
360
58
351
332
430
351
311
360
59
302
59
299
389
339
342
291
290
59
322
59
370
59
290
59
59
2172
719
371
360
390
350
320
361
59
380
349
59
308
59
709
58
1149
381
312
57
59
341
391
319
309
380
320
400
51
369
59
59
341
349
331
348
59
59
59
1129
380
329
350
380
341
59
389
300
59
319
59
341
350
331
360
290
59
340
340
59
298
290
444
290
340
309
290
59
340
371
351
330
363
290
59
291
290
401
371
371
351
59
331
330
299
290
361
59
59
59
369
348
291
312
300
380
323
59
311
308
360
373
389
310
59
338
349
341
341
59
371
59
361
380
59
390
322
59
470
341
290
313
58
381
332
400
59
331
300
350
310
372
59
361
328
58
334
59
409
358
318
320
351
320
341
59
330
349
300
350
338
310
59
368
322
360
370
321
293
350
309
379
291
341
379
51
390
400
351
59
309
381
341
331
299
300
59
359
371
342
59
381
360
290
312
349
339
351
309
349
319
350
369
59
370
370
351
360
340
320
59
309
291
348
340
50
290
59
379
291
332
58
310
360
300
300
350
360
311
321
290
50
329
312
323
59
59
379
59
290
369
59
311
372
360
369
359
59
341
342
399
411
59
318
380
308
291
392
299
360
361
59
361
379
311
290
1119
460
59
59
338
359
59
399
341
59
370
300
420
338
360
308
340
312
59
292
322
290
369
340
303
340
59
341
59
310
351
59
339
423
290
320
371
431
420
350
321
59
330
293
59
399
341
1791
59
359
352
331
359
300
341
59
350
59
371
311
378
340
59
640
59
351
58
369
50
59
290
360
312
313
308
321
332
341
300
311
341
310
301
59
661
321
59
59
59
320
301
291
59
350
320
59
350
369
332
340
309
380
320
399
59
320
59
360
320
59
299
339
59
59
59
1283
59
290
362
309
59
59
394
59
299
59
371
59
300
359
51
351
338
339
59
59
312
349
661
339
59
331
299
401
349
320
319
367
290
59
291
291
321
460
59
361
350
59
59
378
350
59
351
59
58
331
59
52
59
59
313
59
302
291
350
380
50
59
59
319
59
360
290
312
290
350
321
359
321
300
291
59
357
350
300
392
59
320
291
330
310
332
59
298
300
59
59
59
350
59
59
59
341
349
59
59
721
321
59
311
349
350
290
330
290
59
290
401
313
451
360
351
49
59
311
59
449
59
350
59
1351
332
59
300
59
368
352
534
59
350
59
331
290
382
59
59
341
370
59
59
370
59
352
331
59
329
300
312
322
290
312
322
59
59
310
59
59
320
300
360
58
300
59
59
319
312
341
349
59
59
291
569
350
59
59
361
50
299
361
59
59
59
59
321
59
59
50
290
441
330
322
348
59
59
339
1710
1490
1480
1491
340
59
59
350
331
301
59
320
321
331
313
1302
379
59
59
291
298
59
341
311
359
59
290
310
368
59
51
340
301
331
59
59
59
341
309
301
59
291
320
303
331
380
310
59
59
59
311
59
300
291
59
358
290
51
59
59
342
310
382
300
295
59
59
301
313
302
59
321
318
59
309
59
291
341
59
58
340
341
50
59
59
59
300
59
310
59
51
340
59
59
302
322
59
59
300
59
370
313
59
59
59
330
59
59
59
299
312
300
298
51
330
59
341
290
59
312
349
330
362
59
410
298
325
532
59
59
309
339
302
300
320
350
59
59
59
340
59
301
59
290
300
59
59
59
298
331
332
299
59
50
291
59
59
59
290
302
59
321
299
330
59
59
59
299
300
388
350
337
290
59
300
301
59
341
310
59
299
59
301
311
312
312
58
59
293
290
300
312
59
370
301
59
330
291
59
290
331
300
59
59
322
359
312
51
301
330
290
312
312
59
301
59
310
302
300
291
50
321
59
59
312
308
332
59
290
59
341
290
301
321
311
59
59
290
339
342
290
331
59
329
59
310
290
290
290
59
300
351
331
290
320
333
432
329
290
290
59
300
291
290
291
59
59
59
59
59
59
389
339
329
310
59
310
59
59
290
59
59
59
301
59
59
59
292
59
59
290
59
59
321
410
59
290
59
399
59
59
50
339
59
59
59
292
59
59
59
479
59
290
330
302
59
50
312
290
350
2181
1499
1503
301
312
1291
59
59
350
59
59
311
322
300
313
320
311
290
59
59
59
291
320
319
310
312
59
59
59
59
59
311
321
300
59
291
59
309
59
59
310
314
59
310
301
300
301
300
59
59
59
312
59
301
59
310
59
59
59
390
59
51
59
59
59
331
330
340
59
309
310
331
332
323
58
310
59
51
59
59
359
290
299
59
300
59
59
59
301
59
331
290
59
59
59
309
308
59
59
320
59
50
59
290
300
402
50
59
323
57
59
59
321
59
382
321
320
59
320
59
320
319
59
300
301
58
59
59
300
59
322
291
291
59
59
59
59
49
59
290
59
59
321
59
529
59
430
59
59
59
59
59
341
59
58
51
351
309
290
330
300
300
302
59
59
299
300
59
59
59
291
59
59
321
59
59
59
59
59
292
59
290
310
59
59
59
59
321
59
59
59
59
59
59
290
59
321
320
59
309
311
59
59
320
50
59
302
59
299
59
59
370
58