69.
90.
107.
127.
180.
108
189
187
59
61
60
259
242
291
60
60
61
61
269
60
59
59
61
230
61
259
199
190
188
60
60
197
200
60
61
60
60
60
59
60
60
60
190
220
220
189
61
199
60
239
60
68
188
199
181
61
60
59
61
59
209
197
205
60
60
311
192
59
67
60
59
187
59
59
59
219
68
59
61
61
300
60
240
190
67
60
319
68
200
60
206
198
59
60
61
198
238
189
60
60
60
59
60
200
60
61
61
209
311
409
320
370
221
228
349
273
220
208
290
209
251
199
59
67
59
60
60
60
198
59
59
191
298
68
60
198
60
61
189
300
507
561
490
919
550
343
241
449
342
407
319
341
260
192
218
188
60
59
192
190
60
59
60
60
199
261
219
189
61
60
60
189
59
181
210
59
60
60
60
60
209
251
60
60
199
61
60
60
201
320
60
67
68
206
61
191
189
191
189
187
238
251
68
189
200
368
198
208
68
59
189
190
60
229
189
60
60
60
60
188
188
182
60
59
258
201
189
59
190
60
60
231
200
199
270
188
60
190
60
60
200
190
219
400
200
210
59
189
60
60
187
60
181
199
60
209
201
59
60
190
190
212
61
191
200
60
190
198
181
191
68
60
190
230
199
60
199
280
189
279
240
220
184
68
190
61
189
60
188
60
190
221
241
190
200
221
199
190
199
60
329
190
60
208
239
188
201
60
263
61
60
60
190
270
61
61
209
188
66
61
210
60
269
60
60
60
67
189
58
190
187
189
272
60
190
220
220
1100
250
230
209
210
230
219
189
200
181
250
201
190
67
190
187
201
199
310
347
208
60
60
60
241
60
190
60
220
60
188
210
448
187
190
60
68
60
59
191
59
212
59
229
199
200
68
241
280
60
189
190
59
189
60
60
60
67
61
188
60
189
181
60
219
188
251
222
209
60
60
210
181
60
200
61
59
60
200
67
68
181
187
189
60
187
181
190
60
188
230
68
187
201
60
237
189
189
189
60
60
189
65
67
59
188
190
231
189
68
188
60
189
189
218
190
199
229
190
61
60
208
190
60
189
300
187
189
60
199
199
61
199
60
240
61
60
67
191
59
189
241
190
219
60
201
189
60
429
200
190
188
59
240
209
61
189
188
61
61
60
300
61
189
248
190
190
267
59
199
236
59
200
269
60
188
181
280
239
190
61
59
61
200
61
199
270
60
60
250
68
60
218
259
189
61
190
189
190
210
67
59
61
260
191
210
190
189
212
300
190
61
278
199
209
209
59
59
250
210
68
198
188
199
230
60
60
191
229
61
198
197
290
240
186
181
280
189
209
188
60
189
189
200
61
199
199
60
192
200
196
60
60
199
199
191
68
188
60
65
60
190
189
259
250
199
189
186
210
231
210
59
329
189
66
278
188
218
189
200
60
68
64
260
183
231
190
399
200
239
268
60
61
189
187
248
199
191
292
202
181
188
199
198
60
189
198
200
210
181
190
59
60
209
60
228
68
181
189
61
190
210
60
190
60
276
188
189
60
188
291
59
61
68
60
68
68
59
187
61
189
60
60
570
191
60
203
280
60
59
60
240
220
191
59
198
60
60
199
209
191
190
189
60
68
60
200
61
60
60
269
220
60
191
199
270
188
190
60
59
280
61
66
190
189
218
307
60
280
189
200
270
61
185
278
61
217
301
61
61
68
60
190
189
189
60
62
210
202
208
60
60
209
62
60
61
60
200
60
219
299
188
61
60
270
201
197
211
60
60
189
199
67
186
60
61
190
189
58
184
60
209
68
68
253
199
61
200
182
60
190
249
200
68
68
310
190
190
211
64
60
202
190
220
190
60
201
61
219
181
59
60
68
200
213
199
189
60
251
310
61
68
189
67
190
241
260
190
189
209
269
189
59
60
210
189
211
59
68
61
61
269
189
318
60
190
228
189
360
61
61
268
61
189
279
191
222
199
60
59
60
191
61
61
230
229
186
250
189
299
60
190
61
230
301
68
60
68
200
189
190
198
61
189
188
60
330
59
429
60
181
60
189
218
61
61
231
61
188
198
60
247
191
61
60
61
190
188
300
60
68
68
197
61
181
189
311
200
189
251
60
60
60
221
60
220
60
60
189
60
68
220
61
189
210
181
61
61
189
188
60
198
260
59
60
61
198
189
60
59
200
210
60
197
188
350
198
68
60
189
220
199
60
199
60
60
340
198
68
189
207
271
219
199
59
188
61
190
60
60
200
209
189
60
200
188
60
68
60
190
58
61
61
59
189
60
60
199
60
60
60
189
60
60
209
60
190
61
60
240
188
189
219
59
197
60
190
269
190
60
68
68
228
209
59
61
190
61
61
190
59
260
61
68
60
187
211
471
209
62
191
59
61
222
68
68
59
185
197
231
60
61
60
60
188
200
211
190
60
68
59
61
60
189
60
66
59
61
250
210
61
259
230
60
60
271
59
68
60
60
60
190
60
60
199
190
190
200
299
61
299
60
68
60
60
190
299
60
59
61
220
199
189
189
60
189
281
190
238
269
68
60
228
60
210
189
220
61
60
210
60
59
249
60
191
260
60
188
188
61
250
190
190
181
68
239
198
61
240
241
181
252
181
59
188
190
187
240
61
59
240
190
590
197
230
238
189
68
60
199
181
60
181
60
241
201
196
182
60
189
60
181
239
200
240
60
209
190
201
210
190
60
59
239
190
60
240
188
200
61
230
279
61
200
67
60
200
198
258
189
60
60
60
190
186
188
60
190
200
61
61
60
190
60
206
190
63
228
61
181
60
199
260
60
250
181
188
61
189
60
189
60
219
188
67
219
60
68
187
244
60
189
61
60
260
331
250
181
189
61
189
219
60
59
68
198
301
61
230
60
60
186
250
250
199
189
290
221
61
217
190
60
191
260
59
61
60
199
61
68
60
189
229
229
189
61
61
190
200
199
188
61
187
260
61
61
219
189
68
202
68
60
60
269
259
59
199
188
190
59
68
188
279
228
211
190
59
60
250
241
329
60
190
189
60
68
190
189
190
188
230
186
200
186
199
189
261
61
189
60
230
191
181
60
60
201
61
199
189
60
60
60
270
67
198
59
60
60
201
197
67
250
60
61
199
199
201
60
188
189
59
60
188
189
189
191
189
199
189
68
238
68
60
67
278
60
61
260
187
61
60
59
199
68
189
59
189
181
226
61
68
189
239
258
61
190
59
272
188
62
189
68
189
189
59
61
210
189
182
61
191
189
210
189
190
240
199
60
208
182
200
61
60
60
60
190
60
197
209
191
68
60
190
349
61
60
60
68
186
188
229
190
59
60
230
210
200
209
190
60
181
187
61
59
60
196
59
190
188
60
60
209
60
59
200
210
211
187
61
200
249
181
230
61
230
60
61
61
59
209
60
190
280
238
59
68
257
182
60
60
189
360
60
189
269
68
59
212
61
60
188
60
61
60
258
231
208
61
59
198
60
210
68
229
60
59
181
188
68
60
290
189
181
181
59
220
191
60
189
260
181
60
60
61
189
60
68
60
207
68
199
60
237
199
220
197
189
189
189
208
201
61
181
60
220
181
190
181
191
218
210
60
190
60
188
190
59
68
60
190
191
61
61
181
60
351
60
199
59
192
240
60
181
61
61
199
210
60
210
190
311
200
60
189
190
60
240
211
187
331
211
59
61
61
188
229
189
188
60
60
189
60
231
61
190
60
189
279
60
68
189
60
199
61
190
60
181
60
201
68
230
59
60
68
60
181
60
59
251
181
61
260
200
189
61
188
190
200
210
189
60
60
60
59
186
190
190
61
59
182
60
201
348
61
309
250
68
198
190
218
68
188
67
269
190
60
60
181
58
60
209
191
68
189
299
219
239
260
61
59
59
60
60
190
181
200
210
239
68
60
61
189
60
313
60
241
60
60
219
60
189
61
188
188
62
60
220
240
190
188
59
60
181
59
197
60
60
201
187
68
60
60
190
211
59
59
61
278
240
60
68
181
60
190
210
61
187
60
181
191
60
59
61
208
200
60
399
61
61
290
54
59
60
200
60
60
189
60
67
60
189
181
267
181
250
60
259
200
59
61
199
60
240
58
189
60
60
189
232
60
61
322
60
189
189
67
189
280
199
61
59
191
289
221
219
189
398
60
60
60
59
201
59
61
261
59
60
260
182
197
68
240
290
319
189
60
241
68
210
200
60
60
191
197
60
260
60
188
181
200
240
181
60
60
181
197
271
290
60
187
188
200
60
201
340
189
250
60
60
60
300
189
270
191
60
191
188
189
59
199
59
210
221
61
189
351
60
61
64
199
60
61
59
249
181
190
61
199
210
200
68
181
181
61
60
207
188
181
188
189
59
61
218
181
68
188
60
197
209
190
299
60
202
189
187
60
61
199
60
199
209
189
188
339
260
201
190
60
187
209
300
300
330
227
60
61
189
61
60
60
248
181
210
249
60
199
190
269
250
59
60
60
60
200
61
250
189
60
61
208
61
59
60
190
68
60
61
60
369
181
190
61
199
209
189
59
239
189
181
61
188
66
199
200
249
260
270
229
188
189
190
62
61
60
60
182
202
189
68
187
190
60
184
190
60
251
219
60
60
181
190
61
190
182
61
191
61
209
289
60
60
61
189
181
229
60
189
241
259
61
238
200
68
269
189
188
60
220
190
199
187
59
190
189
68
59
187
281
199
60
199
59
221
59
320
61
61
189
61
68
61
209
68
211
189
191
1073
329
66
190
229
197
68
200
220
68
202
279
60
60
200
189
60
250
60
60
189
190
181
60
181
212
199
250
60
188
60
231
60
270
60
60
189
227
183
61
59
60
229
60
190
190
68
60
188
181
190
198
191
200
188
61
60
189
188
270
199
190
191
60
509
201
60
209
190
60
189
59
66
260
200
261
60
61
61
60
60
181
182
200
189
58
61
59
60
260
190
59
60
60
190
319
60
60
59
199
199
60
209
61
212
189
219
68
220
60
189
188
189
60
188
60
206
309
189
68
60
187
337
217
190
259
60
59
208
249
181
189
198
479
188
61
187
60
198
61
189
61
199
61
209
188
191
61
59
199
191
371
191
60
250
181
190
60
243
59
61
60
231
188
182
190
68
60
189
210
60
189
68
210
189
60
209
68
256
187
61
195
61
199
271
219
187
239
260
187
229
60
190
60
60
60
279
59
250
190
190
181
190
60
61
59
259
61
60
60
60
59
199
59
200
60
250
66
60
189
60
201
60
60
60
201
60
60
221
189
249
60
60
251
61
61
67
60
61
198
59
187
60
60
190
60
60
61
250
211
61
201
60
61
271
59
186
61
199
61
182
201
61
59
181
60
61
217
191
188
219
190
189
187
236
59
181
189
240
61
60
209
187
270
269
61
61
62
60
61
59
60
59
68
219
230
59
60
181
190
60
181
189
359
60
61
61
189
189
60
200
60
189
190
190
189
210
190
60
188
60
211
181
240
198
60
60
271
209
60
60
190
208
67
59
191
60
220
189
191
187
200
60
191
60
61
60
198
60
68
221
208
310
188
380
230
247
268
224
187
211
60
197
249
60
58
259
60
60
60
190
60
209
208
230
352
188
59
229
299
61
197
190
199
289
222
60
60
189
238
190
61
190
199
221
200
182
249
186
60
59
220
60
186
249
220
61
181
61
209
239
60
199
60
229
240
188
200
231
230
198
259
59
229
190
59
191
60
60
187
59
257
200
290
60
188
181
60
190
240
61
221
61
60
61
199
189
188
220
198
195
59
208
200
58
59
190
189
68
189
220
60
189
60
61
61
59
200
61
186
181
289
210
59
198
189
289
60
302
60
229
190
209
61
68
218
191
181
271
60
209
189
219
189
60
977
68
61
181
190
60
68
209
260
229
188
61
190
60
189
181
190
60
181
219
191
60
199
200
289
189
188
189
388
470
60
188
189
190
221
189
219
61
200
60
61
189
211
189
68
61
189
61
200
191
59
201
185
60
250
60
60
60
188
342
60
240
187
190
60
60
189
210
189
190
220
211
199
189
60
229
190
61
240
61
259
220
60
60
190
190
210
61
260
61
190
187
185
270
59
199
60
191
59
191
221
188
269
67
60
190
190
189
181
61
199
210
60
68
198
59
199
208
60
181
199
199
240
199
270
60
60
189
59
61
199
209
60
61
189
66
59
61
220
189
68
61
59
191
60
59
190
211
60
181
189
310
188
359
207
189
247
289
229
60
198
60
190
60
61
189
60
186
210
60
197
68
60
59
190
59
60
60
189
270
198
68
290
61
60
60
60
61
62
189
59
61
232
60
60
199
60
60
67
189
219
68
181
209
250
60
61
188
61
201
189
189
60
60
59
199
220
191
181
68
200
60
65
210
238
227
272
201
259
68
61
188
197
190
289
61
199
190
221
68
181
219
61
181
210
269
198
61
190
281
60
320
64
321
199
181
360
181
188
199
249
182
68
188
198
191
320
60
59
187
199
209
60
68
59
220
60
230
60
248
189
190
61
60
190
210
197
60
241
204
60
181
270
60
210
188
61
199
191
258
60
189
200
209
320
60
280
189
218
188
190
60
190
198
209
187
207
199
190
190
61
190
60
61
221
60
301
60
60
60
61
62
60
240
60
189
199
349
60
60
60
210
190
229
60
59
60
209
60
188
248
190
60
60
60
189
68
60
60
209
61
189
188
60
61
211
210
60
249
60
61
61
200
268
60
60
60
181
61
207
59
68
61
199
60
60
321
61
60
189
60
61
60
61
67
220
59
60
248
219
61
60
68
61
68
60
60
59
58
60
187
191
60
60
59
240
61
208
230
190
60
189
61
268
190
191
189
60
60
61
190
311
190
210
59
60
259
60
189
220
200
370
439
320
320
190
331
190
191
380
191
191
261
200
230
237
239
61
60
59
209
60
60
58
281
59
60
61
189
60
60
199
400
60
60
61
59
188
190
68
190
529
509
281
440
590
258
460
261
370
280
289
359
312
307
60
61
190
199
60
60
210
187
60
61
61
200
59
60
60
260
199
230
60
60
229
190
248
60
230
188
191
68
190
181
60
260
190
200
211
250
191
60
185
61
410
430
200
68
189
61
181
189
61
260
60
60
60
68
189
220
219
248
230
181
188
61
191
60
66
190
190
181
269
60
190
221
217
61
189
181
60
61
189
60
199
60
190
269
184
60
190
220
189
60
61
259
189
199
183
199
199
230
209
188
201
61
181
238
60
188
191
310
260
230
189
60
189
59
199
60
220
231
60
211
68
190
220
60
189
189
247
199
190
62
209
61
229
409
190
60
188
210
216
181
211
239
198
60
198
198
60
190
60
188
68
182
188
198
240
60
210
189
60
291
61
190
270
239
190
60
200
60
280
186
188
60
191
60
190
188
68
199
60
191
60
210
60
209
181
189
219
60
60
239
61
60
60
191
190
60
68
61
210
210
221
61
60
181
229
61
60
189
61
62
68
67
60
229
190
189
189
189
60
60
330
221
209
61
258
60
187
239
209
210
220
182
61
181
189
60
190
229
181
182
60
231
210
187
251
189
229
191
190
229
60
68
189
59
239
61
66
67
182
189
190
291
202
191
189
330
190
250
199
59
280
240
67
60
61
181
189
187
231
189
218
260
188
220
200
59
208
189
200
60
60
67
191
209
200
189
190
61
59
200
68
190
189
190
181
59
260
189
181
60
258
220
61
188
270
61
60
186
190
68
61
220
60
240
188
187
60
61
209
61
259
209
188
61
190
60
320
238
60
200
181
190
181
261
181
220
190
261
260
60
200
60
280
188
60
220
190
191
190
188
199
187
68
289
250
60
59
60
188
60
60
60
210
60
198
61
60
200
60
260
189
202
61
210
60
59
60
201
219
189
61
239
189
190
212
192
62
60
220
68
187
61
200
60
68
68
209
60
269
68
189
238
60
60
187
208
200
60
60
208
217
60
229
60
61
218
59
259
61
199
209
189
60
59
187
190
269
190
190
231
59
199
60
189
230
60
61
188
61
187
289
189
291
188
61
60
185
59
199
62
60
191
230
229
189
181
60
188
189
250
60
60
199
60
181
189
197
199
60
60
63
190
61
208
61
60
198
198
60
68
229
200
188
61
181
258
220
61
208
187
60
61
59
60
210
60
199
332
60
190
208
181
60
181
330
61
61
60
60
60
199
211
68
59
196
59
210
201
60
200
249
181
59
61
60
191
239
189
200
272
190
189
181
259
188
229
183
205
61
219
278
181
188
191
60
68
264
189
60
188
61
181
190
61
60
60
190
60
200
210
199
249
60
260
199
68
60
60
290
189
60
61
61
65
68
200
190
269
189
61
61
61
62
238
190
198
187
269
60
279
68
61
59
60
61
191
190
219
67
389
230
60
219
208
189
68
196
60
187
60
60
199
60
60
59
190
186
189
191
60
60
189
221
58
199
61
341
60
199
190
184
189
60
196
60
190
60
189
60
220
221
210
189
61
181
381
61
60
60
61
190
230
59
61
61
199
188
61
230
190
61
208
187
199
68
60
61
61
189
271
189
188
580
181
61
60
181
240
269
60
182
219
190
398
60
189
59
61
313
189
191
300
60
60
230
191
189
240
199
188
189
59
250
188
219
189
279
61
190
189
189
259
190
61
188
200
188
189
189
185
68
188
60
187
188
257
190
181
60
210
188
195
218
181
189
59
61
181
61
60
217
60
60
61
198
228
188
189
61
279
190
290
219
189
269
60
192
218
188
188
281
189
60
60
60
60
68
60
249
61
278
189
211
61
220
231
61
60
250
60
210
60
189
189
60
59
60
181
189
238
181
60
60
199
198
301
68
190
259
68
61
59
189
60
68
238
198
187
59
187
389
60
190
269
188
182
260
238
61
189
60
60
209
60
61
199
60
60
60
68
60
190
60
209
60
198
349
189
60
189
189
60
188
189
359
229
190
60
188
231
60
60
60
60
230
189
182
189
260
60
189
198
61
199
189
60
289
193
188
199
301
60
190
61
189
208
60
60
60
59
238
181
60
68
190
189
189
60
60
188
189
189
189
59
60
189
61
301
226
189
301
189
60
230
190
190
60
60
211
190
200
60
59
189
61
411
189
210
340
359
200
60
340
60
189
291
59
190
190
59
190
199
60
191
261
61
219
199
220
279
218
68
67
189
60
189
188
60
209
61
60
269
60
60
66
61
221
60
60
181
61
182
187
187
190
58
61
201
189
189
68
60
249
209
230
60
209
64
189
260
60
210
181
188
61
190
188
290
199
219
181
60
181
200
188
60
219
240
59
188
189
191
201
60
227
181
60
400
200
219
60
190
67
61
60
240
189
189
189
280
60
189
188
188
261
188
68
201
187
189
61
198
60
68
220
189
189
208
219
290
61
61
189
191
191
60
260
209
189
189
60
189
190
68
188
189
191
230
199
190
61
60
189
190
270
330
68
60
68
61
60
59
185
220
190
191
266
239
59
280
59
201
250
189
60
190
59
261
182
189
189
60
60
250
68
219
329
199
60
61
189
250
189
60
61
190
259
261
60
221
230
189
60
181
60
189
189
187
210
232
211
61
60
59
189
188
60
60
191
337
62
60
198
280
189
59
60
201
60
59
68
190
60
59
240
189
68
210
220
59
60
60
189
260
188
187
187
68
60
190
181
60
199
61
218
198
279
191
61
187
190
191
60
60
60
279
61
181
239
60
60
197
189
60
189
189
62
60
60
194
221
61
190
61
230
219
60
59
60
189
199
190
189
189
60
189
190
260
209
61
220
181
191
60
189
239
189
60
60
190
211
189
219
189
60
321
60
186
240
60
269
230
60
200
60
209
248
61
181
197
190
197
191
269
190
188
211
190
60
61
186
60
189
60
60
208
190
217
59
60
212
270
190
200
68
60
60
218
281
200
188
191
202
61
189
300
61
181
59
61
211
239
190
189
181
61
270
201
238
188
60
60
240
197
61
60
187
59
68
68
218
59
61
184
61
231
189
200
188
59
60
230
68
200
249
189
60
60
68
59
60
60
59
61
199
269
189
60
68
200
68
220
189
189
68
190
60
198
60
200
210
60
188
330
181
60
67
231
60
199
61
188
270
59
189
61
191
61
59
60
251
188
209
60
60
62
59
250
62
59
60
60
189
60
259
59
230
60
60
189
60
60
60
189
59
61
187
190
240
60
189
60
199
206
59
271
289
199
200
239
191
190
310
190
189
261
190
60
68
200
60
60
189
65
60
60
181
188
201
60
188
190
62
60
60
61
61
220
189
62
60
201
209
220
197
68
189
68
60
320
60
199
199
198
60
259
60
60
59
190
185
209
311
59
59
439
181
209
60
61
190
190
351
188
61
189
218
60
229
189
60
210
60
61
189
62
230
67
187
60
219
190
231
61
188
60
60
188
60
190
61
59
187
208
350
189
60
190
68
60
60
289
209
190
59
68
280
60
61
229
60
68
190
229
210
59
60
68
59
228
68
61
61
67
190
60
181
320
60
61
190
60
61
260
208
185
199
189
60
189
60
191
291
222
201
59
59
221
60
187
190
239
60
190
211
60
61
220
68
60
183
241
60
181
190
190
249
68
188
68
60
230
209
59
60
60
60
60
60
260
220
61
289
182
61
220
59
61
209
269
60
67
190
191
199
221
190
61
182
187
205
188
189
66
188
189
60
60
68
223
68
68
190
189
68
190
60
189
199
200
190
185
60
438
68
240
60
189
67
279
199
61
191
61
59
249
209
190
181
373
189
201
200
60
181
200
190
60
68
189
60
60
190
191
200
60
60
239
60
250
60
238
59
190
61
200
60
298
59
187
61
60
218
270
201
208
250
62
188
188
310
61
60
59
228
181
59
411
201
59
61
189
308
181
190
60
60
241
181
193
190
211
190
60
59
68
181
278
60
68
66
61
188
189
260
62
60
189
65
200
60
201
189
189
188
199
191
230
61
68
199
199
192
68
60
250
181
310
61
290
199
250
60
190
330
68
290
60
68
259
60
62
61
187
61
60
328
60
68
188
68
214
60
60
59
337
190
199
390
60
68
189
198
60
196
60
181
61
201
60
61
61
60
238
231
60
219
242
189
60
181
68
60
189
331
190
190
240
211
190
260
60
60
299
191
229
270
360
256
181
59
181
190
61
190
60
199
212
59
60
189
59
181
269
190
191
61
199
250
189
181
68
199
209
60
230
59
68
59
61
188
61
189
219
209
60
68
218
59
60
60
190
59
60
241
181
61
60
59
60
59
200
230
189
250
61
181
60
219
220
181
59
200
62
190
60
219
60
61
261
185
189
181
61
188
250
59
68
188
66
60
187
190
61
220
208
68
190
61
61
181
188
66
219
231
190
68
209
231
249
191
200
60
190
210
200
236
198
189
189
60
68
60
189
250
209
61
201
242
200
189
68
61
60
249
189
59
280
238
209
60
340
60
199
191
187
289
60
60
220
197
68
60
220
61
279
61
190
60
188
61
68
188
60
240
218
59
59
280
209
188
209
239
60
60
60
190
188
208
190
189
60
199
189
61
60
61
189
60
60
59
189
300
209
60
187
190
209
61
199
188
60
211
191
67
211
360
182
60
289
61
60
59
61
300
61
189
61
209
60
60
61
191
209
66
59
59
201
529
59
61
221
271
60
60
60
191
60
190
188
60
300
60
59
210
60
190
60
220
61
61
329
190
59
61
61
68
61
60
60
60
220
219
181
186
68
59
188
291
190
199
189
211
339
61
60
61
188
190
181
190
181
181
279
60
62
60
200
60
190
290
68
188
410
59
188
189
189
220
60
61
199
60
292
250
190
189
60
299
188
65
61
67
230
201
228
189
271
181
189
190
189
60
190
199
200
201
189
61
190
189
237
62
190
61
249
210
68
62
190
250
229
319
189
189
59
60
199
302
67
250
60
68
189
61
59
200
66
60
209
59
189
229
211
360
189
60
61
190
60
61
61
60
68
61
181
61
199
60
68
59
59
200
188
60
62
59
60
199
60
183
200
61
320
59
60
181
60
61
210
66
189
59
59
181
60
59
218
61
190
279
190
60
291
227
200
207
60
550
60
60
190
291
199
190
60
61
261
181
60
68
68
199
189
209
68
328
188
190
61
60
299
237
60
189
210
190
60
61
188
189
60
199
231
189
68
219
238
229
59
60
59
60
60
60
270
60
182
219
259
60
61
60
250
299
59
60
389
209
209
59
199
199
190
67
189
500
191
190
201
187
189
189
59
189
60
68
311
60
199
199
188
190
199
198
189
189
190
60
191
189
218
60
207
209
209
230
219
209
60
190
189
60
60
189
189
240
60
220
199
199
211
181
271
300
61
61
209
188
280
59
63
190
200
60
188
201
59
227
198
189
298
61
199
67
68
230
211
200
61
199
190
210
60
201
68
189
199
210
199
60
270
200
209
60
60
189
61
199
60
191
60
61
194
201
60
60
188
189
189
229
60
188
68
290
188
188
61
260
208
190
60
187
60
189
240
191
59
189
186
59
199
199
350
61
60
189
210
191
198
59
200
199
210
190
60
186
189
60
369
219
189
189
61
190
250
198
199
60
201
60
191
190
61
68
190
188
188
195
188
190
238
59
200
190
260
62
201
200
189
190
259
60
289
199
61
60
190
61
68
190
230
68
199
59
260
199
60
189
191
59
189
60
61
60
61
191
68
239
188
60
59
188
61
270
199
60
61
61
189
59
270
220
60
181
190
198
198
189
190
201
259
60
60
211
188
260
68
220
60
190
60
190
59
250
219
60
190
181
198
220
188
190
198
200
291
60
187
187
60
59
219
59
189
61
199
61
188
60
60
241
60
190
60
59
189
61
202
250
330
249
189
61
231
190
68
61
210
208
219
188
60
59
67
60
250
61
188
200
189
59
59
59
219
199
200
60
189
60
60
188
190
230
190
60
182
201
220
230
60
209
59
188
68
249
190
199
199
202
209
189
62
210
183
230
60
248
200
60
60
68
68
200
200
59
68
209
199
189
60
60
61
231
61
68
189
181
66
190
188
279
61
67
68
201
191
189
61
210
188
190
67
250
190
181
68
200
289
189
189
230
239
220
185
186
182
330
61
61
230
68
182
59
189
59
190
60
60
59
189
60
196
213
59
270
189
188
190
419
189
182
229
186
189
189
220
250
61
181
190
60
349
189
60
198
209
248
231
181
260
189
199
226
190
198
190
199
189
189
220
210
192
62
60
60
241
61
60
221
59
59
60
62
59
281
59
60
60
60
60
60
60
260
196
250
61
199
60
60
60
60
200
60
61
60
229
191
60
60
59
60
59
60
68
189
188
60
220
209
61
60
60
60
60
61
59
239
61
60
60
60
192
220
59
190
61
60
61
200
60
58
349
60
60
60
60
200
60
61
60
181
60
190
190
60
61
60
251
60
60
59
61
60
59
189
219
60
61
68
189
60
59
59
61
59
291
61
220
232
60
61
190
60
318
60
59
60
61
59
61
329
60
60
60
61
191
59
60
351
408
291
245
269
230
210
238
199
181
230
192
199
189
60
61
239
210
60
61
60
61
60
60
60
60
60
318
199
61
60
189
60
60
60
68
190
489
580
260
505
646
302
440
791
381
301
331
330
349
361
190
60
60
60
199
60
60
60
181
210
199
189
60
68
298
60
68
189
61
60
204
188
61
60
187
60
59
60
61
249
60
189
61
200
60
59
227
200
61
60
300
60
189
209
58
189
199
184
60
309
216
61
61
191
60
60
60
277
240
60
188
240
181
60
389
228
230
199
208
199
181
60
190
199
189
199
60
181
188
209
196
258
250
60
68
60
202
260
200
59
60
201
60
221
200
210
60
59
190
59
61
199
61
189
209
198
59
239
188
60
200
189
187
209
60
269
60
189
291
200
186
191
189
198
221
320
182
199
231
190
188
60
200
60
61
195
181
190
68
61
190
250
200
199
228
60
210
181
60
240
189
61
61
189
188
189
60
61
189
189
62
190
199
190
189
188
188
260
68
199
184
208
60
198
59
181
200
199
60
65
209
60
198
199
187
59
199
59
229
182
309
61
199
188
201
220
191
68
220
249
59
59
181
197
181
59
212
61
190
210
190
60
200
60
60
199
198
60
197
219
60
59
197
60
261
188
217
299
199
190
67
68
60
190
59
190
182
234
60
196
60
185
368
199
68
409
68
198
60
61
190
224
60
58
190
209
60
197
190
61
59
68
61
59
68
68
205
189
61
68
60
60
201
181
181
60
181
60
200
61
60
68
62
260
60
189
60
61
68
61
209
240
60
181
60
189
299
289
68
60
189
60
59
181
578
61
190
240
210
60
60
181
198
190
189
231
181
60
60
190
60
190
190
219
199
219
190
221
189
59
189
181
68
181
289
68
59
259
189
188
188
62
189
198
199
60
189
210
198
189
198
60
60
189
201
61
220
61
60
189
59
188
190
181
59
290
60
199
211
59
410
198
60
213
211
60
61
188
59
188
211
199
282
189
61
61
291
249
199
60
60
218
208
201
280
210
210
61
190
198
260
199
60
239
60
200
68
59
61
60
188
62
60
60
190
290
60
59
60
61
201
250
239
60
189
60
229
369
59
199
199
261
198
223
60
59
181
249
68
60
60
59
201
190
68
219
211
181
68
181
198
61
60
300
60
61
60
191
188
60
200
199
189
61
208
196
239
189
181
216
60
240
61
189
218
189
67
59
60
190
200
60
241
60
195
190
198
188
191
190
201
60
190
188
60
189
68
189
60
68
59
308
60
189
60
68
60
60
218
190
199
60
219
189
60
197
62
196
279
60
330
188
188
189
188
59
60
60
218
60
187
249
229
188
60
190
189
61
229
191
196
60
241
230
188
60
199
191
61
68
219
199
200
60
197
209
187
68
190
250
200
331
181
232
200
193
60
189
184
189
60
60
60
68
201
61
59
238
59
190
187
60
59
275
60
60
60
61
198
217
198
61
190
256
189
59
212
230
221
68
61
197
200
60
61
319
309
60
182
186
190
188
189
269
219
188
187
61
230
211
251
230
59
60
188
190
201
60
190
206
199
289
60
339
198
60
61
183
208
181
209
57
348
199
181
203
210
59
212
60
189
60
68
200
200
183
60
60
289
190
210
188
61
61
190
282
60
182
199
188
181
220
199
189
190
60
218
61
199
189
60
183
61
186
61
61
188
340
218
199
68
190
190
200
219
181
260
60
60
61
271
60
60
60
60
289
59
68
189
181
228
61
66
219
330
60
60
269
208
198
190
61
187
186
208
207
60
196
61
181
190
181
60
191
187
68
59
190
238
191
61
189
59
60
198
60
199
68
190
67
288
68
60
209
187
188
60
190
239
187
60
60
60
183
60
229
60
61
61
199
210
190
61
190
189
240
60
59
182
190
199
190
199
198
269
60
58
59
60
208
67
301
60
60
189
60
60
60
60
59
239
188
62
181
201
199
200
60
68
60
61
60
60
60
59
60
189
60
210
209
62
200
187
189
68
200
60
60
189
60
61
194
263
207
188
209
189
208
329
190
68
209
200
60
60
190
190
60
189
61
240
60
60
60
60
188
68
211
221
190
199
60
60
217
220
61
188
199
221
200
61
249
202
280
61
188
60
199
189
190
189
221
61
60
189
60
200
60
61
289
231
60
198
209
60
59
190
229
189
208
205
220
198
60
60
189
260
281
68
61
190
60
181
199
68
60
200
68
60
60
61
59
61
60
279
61
278
62
187
190
61
270
60
61
198
61
61
202
189
187
59
218
190
201
60
269
321
59
190
60
199
238
61
184
200
189
60
191
190
67
190
189
191
229
67
60
184
68
60
391
188
199
189
301
209
60
190
198
61
200
60
218
199
190
192
269
192
60
60
60
201
239
60
199
59
67
60
221
59
348
191
61
62
61
187
219
68
60
60
60
59
190
210
60
60
189
207
181
61
181
279
219
60
239
60
189
61
229
191
189
190
188
198
217
240
220
68
299
62
200
59
191
209
198
188
68
188
61
190
249
230
181
199
220
59
60
200
220
61
189
189
199
60
199
240
218
60
60
189
190
206
190
199
60
190
181
201
182
198
59
189
221
210
199
188
230
61
60
60
210
210
60
60
60
190
188
219
59
59
184
233
189
188
190
59
239
60
190
61
60
60
60
201
219
218
349
60
60
199
60
188
60
61
185
250
59
60
187
251
210
198
61
201
61
60
189
229
68
68
189
188
67
240
220
182
60
200
60
189
239
60
60
182
184
239
60
190
190
209
61
189
200
188
181
230
189
61
181
60
60
199
250
230
198
188
189
60
60
199
209
189
209
194
189
61
61
60
66
181
189
209
239
300
280
60
60
60
60
60
197
60
68
189
189
189
240
239
60
199
181
60
60
60
60
60
60
62
61
182
198
189
190
187
60
330
61
219
190
60
190
209
200
189
190
200
60
181
188
280
238
211
238
189
61
60
270
181
68
189
240
188
189
65
181
201
189
60
190
60
61
239
68
59
281
230
190
201
209
189
59
208
199
62
240
60
186
241
60
61
60
197
200
59
60
189
60
189
199
60
60
235
189
189
60
190
199
60
198
188
198
208
191
60
189
200
189
60
60
189
210
199
187
190
61
60
58
207
68
60
188
200
189
60
190
192
61
350
280
200
189
189
231
68
201
190
61
200
68
200
210
59
189
201
279
181
61
239
61
300
210
59
61
182
60
60
61
60
188
188
60
61
60
239
62
61
60
61
459
59
59
181
219
59
240
267
188
189
186
199
230
61
188
60
228
241
199
317
61
189
60
60
68
270
61
60
317
59
189
61
181
60
59
249
279
59
189
189
60
190
315
60
197
190
59
61
229
60
182
59
61
278
59
60
181
209
58
60
60
291
59
190
181
60
68
190
60
190
60
62
219
62
219
59
61
60
60
269
199
199
60
181
220
60
209
189
60
199
190
61
289
181
239
59
199
60
61
198
60
200
68
231
60
187
210
60
201
60
188
189
187
60
188
190
190
191
210
219
199
68
60
191
60
182
271
60
63
68
60
189
210
182
68
61
59
190
188
200
60
280
67
181
201
470
60
60
209
188
190
212
60
200
198
310
200
301
60
60
230
188
189
68
60
60
190
189
60
230
60
59
250
68
60
68
279
59
60
200
181
60
184
190
289
60
193
60
60
251
61
240
200
60
60
61
230
61
230
60
68
210
181
60
59
185
201
199
59
219
61
209
181
60
61
229
191
68
60
199
300
189
198
60
189
187
199
59
230
61
329
61
200
198
218
188
189
230
68
61
259
68
60
60
189
200
209
60
191
61
60
181
189
201
60
60
205
228
189
199
62
60
60
199
61
212
60
60
181
189
183
209
189
68
189
60
60
68
198
60
190
238
60
198
59
191
189
67
189
60
182
203
190
61
198
187
66
61
190
60
233
219
189
199
199
60
181
210
61
290
228
60
60
181
236
60
60
188
60
232
189
68
198
304
217
61
60
190
300
181
232
60
261
65
192
188
189
187
68
60
60
61
60
59
240
60
209
210
60
181
198
259
199
259
61
60
247
201
239
191
191
198
181
181
61
60
60
289
68
289
200
60
288
60
231
60
190
60
189
181
60
61
189
188
61
61
277
60
210
190
199
249
59
60
219
61
219
208
59
282
60
218
59
189
210
190
238
60
61
252
60
199
238
68
200
229
193
191
59
209
239
60
61
61
218
60
61
60
187
278
186
190
188
218
200
188
181
60
60
188
68
199
60
188
61
60
199
62
200
230
259
200
189
60
60
230
61
190
319
68
320
59
59
59
201
229
65
59
218
60
60
191
68
209
189
61
200
61
199
252
190
60
61
281
60
190
60
68
59
269
359
240
61
189
60
60
189
59
190
188
61
188
200
60
189
190
189
189
61
198
269
59
60
61
67
259
199
189
239
230
188
239
60
59
65
68
250
189
59
188
212
67
60
60
181
60
190
200
60
60
60
60
59
219
60
60
191
68
228
60
181
181
60
207
60
182
187
309
68
61
60
191
230
59
59
261
189
61
219
60
249
185
60
61
189
209
68
240
60
60
68
268
200
59
188
67
207
190
60
189
61
240
60
61
61
340
60
181
240
199
59
189
190
60
188
60
290
60
61
210
60
59
200
61
190
189
199
60
260
198
59
60
61
199
190
229
61
60
209
61
223
189
248
181
60
189
61
250
206
68
60
219
188
202
188
61
199
68
61
227
210
61
188
59
189
61
209
60
60
68
191
201
220
238
60
208
260
61
210
61
61
240
61
210
60
59
197
191
67
60
227
59
191
60
185
181
61
250
61
60
61
68
61
60
195
249
190
60
228
61
60
59
68
247
248
60
60
190
199
188
60
197
199
188
200
188
60
248
309
187
60
60
309
61
227
60
61
61
200
60
190
212
181
60
188
68
60
199
207
191
60
190
287
198
287
59
60
249
360
199
60
191
189
61
61
61
188
61
60
209
189
230
190
60
229
209
209
231
181
201
199
198
61
60
250
191
199
230
61
59
190
239
189
61
68
260
196
189
189
60
200
61
60
60
189
187
209
190
209
250
60
68
202
60
59
189
210
60
240
198
60
218
251
210
59
220
209
198
68
210
707
60
196
60
181
60
190
61
318
190
220
197
60
209
199
68
60
189
60
68
190
59
189
220
62
189
187
190
181
60
60
60
290
61
204
68
67
190
59
60
200
60
189
260
61
61
60
60
199
208
259
62
61
60
189
249
249
190
60
60
189
269
190
191
61
61
185
189
189
60
200
186
61
289
207
440
60
187
68
60
199
219
467
261
189
198
199
60
241
236
189
199
188
188
60
61
188
181
60
61
189
281
219
61
68
200
188
208
259
349
199
209
189
188
60
370
218
210
228
60
191
59
231
189
189
68
200
189
320
60
199
68
60
60
270
210
60
230
189
209
199
189
200
61
181
181
198
240
61
60
61
1140
60
61
184
187
198
230
60
60
188
230
189
250
270
200
201
210
59
61
229
200
61
68
210
189
61
188
229
61
60
60
240
189
279
60
208
188
228
189
188
61
61
190
249
190
240
59
60
60
200
330
181
217
209
209
189
187
185
194
199
221
199
60
190
198
211
182
249
65
190
210
218
250
311
210
186
341
61
238
200
61
189
190
209
330
59
61
60
60
68
60
429
200
190
200
199
349
189
67
260
190
61
60
198
60
238
201
189
281
182
200
60
189
60
189
200
350
190
220
200
60
61
59
206
191
190
197
68
60
260
242
60
59
190
210
188
271
60
60
199
340
210
190
68
60
61
197
250
68
198
61
60
190
199
68
220
188
60
251
61
199
61
200
60
220
210
190
189
247
191
181
60
220
181
61
200
190
60
190
212
200
58
190
189
220
189
250
59
197
252
60
60
258
59
60
60
189
60
60
249
61
199
199
68
68
260
198
60
270
61
60
200
60
188
68
220
68
181
60
59
59
68
190
61
250
60
209
240
218
230
269
182
189
229
60
199
190
198
60
191
59
181
61
209
60
184
61
61
210
61
301
329
61
181
320
200
200
181
181
60
209
181
211
190
59
61
190
220
189
189
61
190
68
271
188
68
189
199
61
190
60
231
191
190
191
194
60
181
65
60
237
277
210
61
190
188
260
189
60
210
199
68
200
189
199
228
199
60
188
192
181
59
211
259
60
60
60
239
232
60
199
60
230
60
188
699
270
218
241
220
220
60
60
68
60
68
68
181
60
199
199
60
188
61
60
200
60
181
60
188
289
219
360
191
359
209
210
250
68
229
188
60
241
189
241
206
59
200
190
196
188
199
200
499
238
200
187
191
260
60
209
61
259
240
189
60
190
68
59
200
181
261
199
60
61
189
198
59
221
231
189
190
281
197
59
60
208
209
182
189
203
189
181
189
188
260
60
281
209
181
190
190
199
341
181
217
210
60