109.
139.
150.
171.
370.
168
90
100
99
91
101
100
100
371
89
100
99
100
100
100
100
100
100
100
100
100
100
100
89
100
100
100
100
100
90
101
106
100
100
99
100
100
100
100
99
100
100
100
90
100
99
100
100
100
100
100
100
100
98
100
101
100
101
100
100
102
100
90
101
99
101
100
100
100
101
100
100
100
100
101
102
100
100
100
100
100
90
100
100
89
100
100
100
99
101
90
90
100
100
100
100
99
101
100
100
100
100
101
100
100
100
100
100
99
100
100
100
100
100
89
100
90
100
100
100
100
100
100
101
100
100
90
101
91
101
100
100
100
99
100
101
100
100
101
100
91
101
101
100
100
90
100
90
100
99
100
100
100
100
90
100
100
101
99
100
100
100
90
100
100
100
90
100
100
390
90
100
100
99
100
100
101
90
100
100
100
100
99
90
100
90
101
100
101
100
100
100
100
101
100
100
90
100
100
100
100
101
90
90
100
90
100
100
100
89
100
100
89
108
100
90
99
91
90
100
101
101
100
100
100
100
90
400
100
90
100
101
99
100
90
100
100
100
100
100
100
100
100
90
100
100
108
101
90
100
100
90
100
100
100
100
99
101
101
100
90
103
90
91
100
99
100
90
100
90
100
101
100
100
100
100
100
90
100
99
100
101
99
100
100
100
90
90
100
409
100
90
100
99
90
100
100
90
100
100
100
100
100
90
100
100
101
100
99
100
90
100
100
100
100
400
100
100
100
100
100
419
100
100
100
100
100
100
101
99
100
100
100
390
100
100
100
90
100
100
100
100
100
100
100
101
100
99
100
410
100
90
100
101
100
100
90
90
90
101
100
100
101
421
100
100
100
100
100
100
100
101
101
411
100
101
100
100
100
379
100
470
410
100
100
101
101
100
100
379
100
100
422
409
100
101
99
100
430
101
390
100
100
99
99
100
438
429
100
381
371
589
100
102
1220
99
1210
99
422
103
380
102
389
100
100
100
100
401
100
400
431
1280
101
379
101
99
100
107
99
100
99
379
399
1200
371
379
100
391
100
99
380
429
99
99
441
571
401
100
600
101
100
101
469
529
501
99
439
100
430
570
400
100
100
430
100
659
100
100
100
529
91
101
390
100
379
399
400
90
108
419
1242
381
390
100
1301
389
371
100
1140
429
1320
100
100
1341
410
100
409
100
100
469
379
99
399
389
400
379
451
1211
430
441
400
100
371
100
99
379
99
390
100
380
380
390
100
389
400
419
380
409
659
389
410
421
431
1170
101
381
411
100
399
561
380
101
99
389
390
389
100
419
410
100
1320
100
108
100
1260
100
420
100
100
100
1211
440
378
621
100
1139
409
491
99
1190
100
400
101
590
1140
98
100
378
1370
1348
101
100
429
491
391
101
100
400
478
372
100
371
398
380
381
371
390
99
400
409
100
430
390
381
100
100
379
90
445
1351
100
108
100
491
90
100
101
500
1150
480
100
570
100
500
401
378
1281
108
380
100
371
379
420
100
390
700
380
379
378
99
379
480
441
100
89
389
411
99
411
100
420
390
389
380
388
100
500
99
1179
100
409
100
420
100
380
380
409
1210
1169
1280
391
511
419
389
623
381
389
400
390
489
651
380
108
100
391
100
380
100
409
401
100
452
1120
387
410
371
101
100
429
100
379
371
101
391
490
421
459
1310
380
401
510
379
99
1120
411
580
451
408
389
100
100
400
380
401
101
500
101
102
106
1170
100
100
90
411
390
450
371
440
390
429
101
380
409
380
1160
100
400
99
1160
90
489
441
561
90
1170
382
400
430
99
100
399
421
391
409
90
630
371
409
1149
1220
406
380
100
390
380
378
399
450
100
1151
399
99
420
1329
101
100
382
101
430
100
390
399
99
99
103
380
101
379
388
108
391
102
90
409
1158
491
99
389
380
450
381
440
100
391
409
101
390
100
431
1160
388
600
548
440
381
399
1079
389
380
100
379
101
100
390
381
101
461
1166
371
101
100
533
1130
1130
1150
390
380
100
381
389
459
90
371
419
390
400
400
380
371
381
99
460
100
1359
420
100
99
100
1110
100
461
99
100
410
100
99
381
380
89
1289
100
371
400
399
460
410
421
1181
1229
1280
390
99
420
90
99
100
100
1211
399
390
101
99
100
499
99
430
102
380
580
379
371
1151
372
380
99
429
400
1229
410
378
101
100
108
390
400
1150
379
400
451
499
100
100
400
108
382
609
101
1378
1191
371
400
380
390
429
1401
100
1381
430
100
371
420
410
390
1120
100
100
410
439
449
1200
98
390
100
100
389
422
1149
371
380
390
371
1170
379
1179
101
100
100
509
108
399
99
101
371
431
101
619
100
410
1179
400
390
391
100
1400
1360
410
430
451
100
100
389
402
1240
409
410
380
371
390
420
380
101
100
430
439
421
101
108
1170
381
1179
100
100
420
100
101
461
108
478
101
380
1339
101
100
381
101
379
462
382
410
100
380
459
380
400
380
390
371
410
1131
409
400
380
540
380
371
1160
400
470
380
409
380
419
99
371
410
470
510
419
429
90
100
449
440
430
99
380
100
371
99
108
489
100
1099
400
400
99
419
380
1149
89
371
371
100
101
99
102
100
100
413
100
100
379
379
440
100
1280
108
99
389
99
1351
421
389
1160
389
410
100
100
391
1300
101
99
441
490
440
390
460
380
460
100
420
100
100
1120
390
419
380
101
100
410
100
401
440
401
100
379
399
1311
420
99
411
100
390
390
1331
101
100
99
490
380
99
400
100
579
380
400
99
100
101
441
100
430
100
409
581
481
100
100
390
378
381
90
380
390
1180
399
450
100
390
100
100
100
430
380
101
1149
380
100
99
99
100
1270
100
389
381
461
99
1460
1450
100
100
100
432
100
101
371
379
381
89
441
399
1347
1330
1170
381
380
1190
1181
100
1171
379
99
1100
450
420
389
380
101
439
100
1168
381
440
489
378
90
99
380
600
429
108
425
498
541
380
390
420
101
102
1221
381
540
100
385
100
431
609
100
381
100
1330
100
1340
371
389
1301
101
1159
1150
99
429
371
100
621
430
443
462
380
457
1170
480
410
100
381
371
380
429
101
1191
89
1399
89
390
371
390
1180
99
409
100
409
411
449
99
378
389
480
389
390
380
102
380
390
101
101
379
101
100
390
91
580
390
101
408
100
101
480
400
100
1161
379
371
460
1121
380
519
100
100
371
99
100
1320
464
99
100
100
400
1159
100
391
390
100
100
1150
1198
400
521
1159
390
91
379
100
440
552
1168
430
1270
101
1271
410
100
99
99
611
799
1311
1118
99
400
102
380
101
99
100
378
100
101
470
100
430
100
420
100
430
379
389
108
90
101
380
101
590
501
99
1149
100
460
380
100
484
101
461
90
1261
400
101
421
1298
1180
392
379
420
371
101
442
101
429
1260
401
1240
430
100
450
380
1150
390
379
430
1330
1239
490
100
411
100
1162
399
1340
381
451
479
382
100
410
1179
441
100
499
101
1181
1149
100
379
621
100
100
480
399
430
400
429
1230
1160
101
102
440
99
531
1109
101
411
539
89
381
379
379
99
101
100
449
100
374
100
390
101
419
100
399
1320
101
100
541
100
91
479
400
560
99
108
490
410
489
471
101
108
99
409
380
410
100
390
440
101
371
401
1130
411
100
100
400
1199
380
430
400
430
400
469
100
1391
100
450
379
101
101
371
100
100
101
400
100
380
379
419
450
1380
409
101
100
409
90
390
1280
1379
100
371
100
90
100
1319
100
418
519
400
390
91
101
379
380
450
100
100
529
100
402
106
400
1190
371
410
100
90
380
101
101
91
439
386
100
101
588
1310
100
100
101
470
1140
100
100
100
100
100
387
100
421
100
101
1239
90
450
100
99
380
100
100
100
99
390
100
1221
490
101
1369
420
100
399
100
1188
439
380
99
99
101
100
380
101
510
410
399
390
400
479
99
472
459
451
100
1221
420
96
99
400
530
491
100
100
460
101
1339
420
100
490
459
1120
100
100
430
440
1169
390
100
98
404
528
1129
380
1342
101
100
390
401
511
420
1249
392
410
100
99
398
90
419
101
449
390
100
471
100
639
419
509
419
100
100
439
101
98
100
101
1209
421
101
100
409
90
400
100
90
439
390
379
100
580
390
421
441
1149
380
1161
102
880
100
1180
100
99
429
399
1161
469
108
100
429
101
100
521
100
108
1210
409
628
390
440
382
99
100
100
108
380
469
710
100
1150
400
100
482
482
1299
100
380
400
402
390
450
380
1301
100
430
419
100
531
100
482
101
380
100
421
420
450
391
100
100
599
1239
1170
100
471
400
101
99
100
99
460
389
1141
389
100
101
1280
481
371
381
1140
100
386
99
100
102
1309
1188
99
1141
439
389
1231
492
101
99
101
601
99
101
409
441
500
1159
101
100
1239
461
400
400
100
400
381
100
420
100
1372
390
481
471
100
101
1228
480
101
99
100
100
1149
100
100
100
400
98
421
470
100
100
1180
101
1179
531
1199
449
1213
1219
450
1211
381
100
1190
99
452
100
420
490
441
100
422
99
1329
101
1299
99
101
391
400
371
99
100
100
430
1160
101
100
409
101
100
371
91
430
390
439
520
640
1139
410
100
1151
380
600
390
90
379
100
400
108
100
101
399
1210
100
100
410
99
419
100
379
470
99
511
380
1171
108
380
100
480
381
90
1151
379
459
90
1129
421
1300
670
90
379
100
399
462
101
1240
100
479
100
90
100
100
99
101
1148
1209
621
391
100
100
559
591
101
620
460
380
100
441
440
99
1130
100
98
380
499
90
100
1188
498
469
1131
563
100
442
101
1142
100
421
100
100
420
100
1159
100
100
410
99
422
459
381
100
400
539
1190
371
400
101
381
586
1195
100
1190
96
470
390
99
100
391
101
100
381
100
101
100
100
460
100
449
572
100
1230
409
1340
509
100
100
99
549
100
100
499
100
100
541
99
100
400
100
99
411
100
100
100
99
99
100
101
100
1380
90
382
485
108
391
430
100
1150
1140
90
399
1230
89
1159
100
441
101
101
409
100
100
1150
101
100
89
100
389
89
108
439
100
397
99
100
380
99
100
390
1190
101
420
100
100
420
100
90
779
420
100
101
99
401
1219
410
100
100
400
391
440
390
100
100
431
390
90
410
100
399
371
541
100
100
99
101
380
380
100
1290
100
1219
469
459
1210
100
100
380
99
430
101
100
491
90
99
440
440
372
1310
92
1280
389
389
101
459
100
100
99
99
89
102
100
100
392
102
1139
100
100
101
420
481
99
91
100
101
410
100
101
101
91
102
101
389
100
100
101
509
101
100
89
100
99
1171
101
420
100
100
560
1229
1310
1130
100
510
510
91
401
107
100
80
101
105
101
100
1220
100
420
101
99
101
1219
441
100
99
100
101
101
100
108
99
470
471
100
99
429
100
1279
479
99
100
390
457
380
430
520
420
440
1299
100
100
100
421
419
99
100
380
438
1140
99
100
100
389
100
100
100
400
90
519
100
432
100
99
100
100
100
90
1168
100
101
1180
101
100
450
1289
430
100
398
101
100
100
100
100
100
98
1164
516
98
1221
99
619
1269
420
1190
100
470
100
101
1251
100
1141
101
1135
100
380
101
379
91
398
107
450
499
108
410
1150
390
99
100
379
1160
100
101
540
1140
99
100
101
381
498
420
413
100
401
100
410
1312
390
1170
450
400
1319
100
101
101
1189
100
1191
820
489
449
1170
530
100
450
1168
100
508
99
380
380
1130
400
437
100
460
439
101
100
101
410
1271
1350
99
380
100
1228
1149
501
99
1161
100
1141
1140
100
100
390
470
100
489
100
1189
99
430
410
99
1339
100
461
490
99
403
421
108
101
100
101
102
101
431
100
100
1440
100
100
549
1318
401
100
1149
478
100
600
100
578
101
571
100
1230
451
459
101
101
100
411
99
1139
590
100
100
99
99
99
100
509
1170
391
469
591
380
101
1132
1300
90
101
680
100
520
380
99
101
401
99
99
102
108
101
99
1250
100
421
381
410
100
1220
100
99
390
99
101
521
100
390
101
101
1139
100
100
100
550
101
99
100
99
439
420
401
380
400
380
100
91
440
1160
99
440
391
1129
99
101
390
1190
99
101
101
101
409
100
401
399
101
100
389
100
374
108
380
100
101
98
100
100
449
431
90
100
631
411
107
100
90
1150
100
1149
99
100
1170
423
399
99
100
1139
100
1128
1173
100
510
101
561
100
100
1199
99
100
449
100
100
99
550
381
100
441
1180
1190
101
1190
100
99
104
530
380
101
437
1210
720
100
389
590
101
429
101
91
100
100
100
100
100
450
1129
383
101
100
100
381
99
419
420
410
100
390
1291
1160
100
99
100
1130
430
390
401
490
1110
408
90
99
1150
449
100
390
450
90
100
100
459
372
100
101
431
99
400
100
390
423
100
100
1190
1221
100
100
100
101
450
479
570
100
400
99
90
101
1260
102
100
1239
381
381
90
440
422
100
451
90
100
100
98
431
1160
108
1118
100
480
100
100
100
100
419
99
480
108
100
98
1151
420
100
410
399
410
371
100
97
100
101
428
99
400
99
100
389
101
100
100
1177
101
100
90
480
99
99
100
100
390
108
100
400
1129
101
100
101
100
100
400
410
91
421
379
101
1180
1250
1120
1230
100
1179
470
100
101
101
100
100
401
101
100
431
421
100
108
100
470
380
100
100
101
405
400
401
98
102
400
1130
379
99
101
100
448
100
80
459
99
371
490
1270
101
100
421
100
1210
449
101
389
100
101
420
100
100
1151
90
1130
99
99
101
381
100
440
108
1158
100
501
101
90
100
1270
380
1169
1290
100
1200
411
100
101
100
99
100
101
1189
100
100
1161
99
101
101
550
381
100
429
101
100
100
1239
100
99
99
459
1201
450
99
421
100
101
100
1190
101
99
101
100
1179
90
101
100
90
100
430
100
100
99
439
399
100
99
101
100
100
400
100
100
1319
479
381
441
100
100
89
100
107
380
100
450
100
455
460
90
100
401
100
100
469
1130
531
100
101
102
99
100
100
100
99
469
100
100
1140
390
1250
101
90
108
100
100
1210
411
100
451
431
450
430
100
101
100
100
420
100
101
101
100
419
100
1200
99
1180
99
548
100
470
100
529
1161
389
389
1139
100
400
400
1251
101
520
100
100
1120
1249
379
420
480
390
1192
409
100
101
100
99
1209
100
101
401
1218
100
420
1141
89
481
100
478
101
1219
380
100
100
400
100
460
100
100
100
409
90
1300
101
1160
101
1140
481
1268
399
100
380
100
102
100
1330
100
100
90
101
1099
429
460
410
108
99
1129
534
1160
458
559
100
99
101
390
99
520
100
100
1151
100
380
450
99
461
100
100
371
1160
100
100
410
1229
439
1182
412
100
451
1141
100
99
500
100
410
101
100
99
100
1188
99
400
100
100
101
99
100
440
100
390
90
101
1189
981
100
441
99
101
91
101
89
100
100
100
1170
90
471
100
410
89
99
1170
101
410
101
90
430
101
391
99
450
102
101
480
100
101
101
108
99
100
99
100
449
472
100
100
1160
99
90
100
100
460
101
480
100
103
100
389
102
100
420
100
100
411
100
450
400
520
391
1150
102
430
380
100
99
1210
100
100
100
100
380
100
380
100
101
100
371
108
429
660
659
101
100
390
1171
100
99
1129
100
499
101
100
99
101
92
1109
100
410
100
381
99
390
107
466
100
100
371
100
101
99
100
100
101
100
101
1230
481
380
401
1219
100
100
100
100
101
398
441
108
450
100
100
1109
101
500
99
1140
390
1209
90
90
380
510
101
99
108
1290
1250
1219
420
412
100
99
390
91
430
101
100
1210
99
100
420
101
100
100
469
99
438
390
101
100
499
399
491
98
400
99
100
1170
399
100
100
398
100
101
1211
430
108
1169
458
90
100
101
99
101
1171
91
108
449
100
101
1199
101
101
100
99
100
468
99
421
100
100
422
501
101
400
451
420
100
100
102
100
99
430
100
459
1180
1171
101
101
100
102
467
100
470
101
459
100
448
100
101
1169
101
101
1241
100
100
400
101
400
101
100
90
100
101
640
101
100
100
100
100
453
450
100
100
521
659
100
409
100
100
441
102
99
99
101
480
1250
100
101
100
400
100
100
380
529
101
100
100
1181
91
89
100
100
99
101
100
100
90
390
380
100
99
100
522
100
100
102
101
90
100
108
100
101
1261
99
101
101
99
101
100
99
100
100
410
100
100
420
99
391
90
101
100
100
1159
102
91
100
89
100
99
100
390
101
101
99
100
91
107
100
99
100
421
102
100
90
540
100
99
460
100
100
100
99
108
100
100
100
101
100
101
100
101
580
100
108
101
99
100
101
101
99
100
100
90
100
100
108
108
100
1299
100
509
380
471
730
101
400
510
101
410
390
380
511
441
100
451
90
1239
451
100
99
101
101
100
101
100
100
90
102
101
101
403
1231
90
420
379
1169
432
100
100
100
99
439
1240
400
379
450
399
1240
540
450
379
101
411
559
450
611
449
371
480
421
439
393
381
400
398
1210
1128
390
470
1211
101
107
1150
432
100
100
490
99
100
410
1181
100
99
99
100
101
100
90
421
100
100
99
100
90
100
100
100
99
101
101
100
100
100
100
90
100
90
90
100
101
100
100
100
100
80
102
100
100
100
101
100
100
100
100
100
100
100
100
99
100
100
100
100
100
100
100
100
101
100
89
90
99
100
100
100
100
101
100
91
100
91
100
100
100
100
100
100
100
100
99
100
100
100
100
100
100
90
100
100
101
100
100
108
100
100
99
100
90
100
100
100
100
100
100
100
100
101
100
91
99
101
100
100
90
100
100
100
100
90
101
100
101
101
100
100
100
100
99
101
90
100
91
100
100
100
99
90
101
99
90
90
100
100
100
90
91
100
100
100
101
100
100
100
101
100
90
101
99
100
102
100
100
89
100
100
99
90
101
100
100
400
100
101
101
99
100
101
100
99
99
100
100
479
100
100
89
99
101
100
106
100
100
101
100
91
100
100
100
100
101
100
100
100
100
101
100
100
100
100
100
100
101
100
100
441
100
100
100
100
101
100
100
380
100
100
103
100
101
100
100
100
99
101
100
100
100
100
100
90
101
100
100
100
100
100
100
101
100
100
100
90
390
100
101
100
99
100
100
100
101
100
90
100
100
100
100
100
101
100
100
449
101
100
100
100
100
100
100
100
100
100
100
100
100
100
100
100
100
100
100
100
100
100
100
100
100
100
100
91
100
99
100
380
100
101
101
99
101
100
100
100
100
100
101
389
101
90
100
100
101
100
100
440
100
101
100
101
450
100
548
100
431
101
99
389
100
400
411
100
100
101
100
99
470
101
1280
100
379
101
99
100
100
400
100
99
99
100
100
100
101
430
100
380
541
381
100
101
371
100
371
100
569
101
1261
371
380
1300
1389
101
1169
440
100
100
101
400
100
100
100
101
440
101
610
100
1229
1359
101
1199
439
1300
100
101
399
101
410
91
380
101
100
399
469
400
430
401
100
100
400
102
379
389
472
91
100
100
500
399
371
400
1321
100
900
461
1310
101
100
91
490
101
399
439
100
1350
379
99
398
410
90
1300
940
101
380
450
99
439
108
399
510
419
372
100
100
380
380
500
410
379
380
430
401
100
380
100
91
390
100
380
379
401
399
380
420
480
100
380
431
389
1150
388
419
438
378
380
100
400
440
101
391
381
429
488
490
409
100
99
99
421
428
89
401
499
449
1281
101
100
530
101
101
108
390
1370
409
390
1350
588
410
100
1160
419
380
100
400
489
379
390
410
371
100
391
397
98
100
389
380
391
381
371
100
410
429
399
101
380
399
100
460
100
470
390
1149
590
100
390
371
100
401
440
590
381
380
89
449
100
100
470
451
459
99
400
100
381
400
98
398
108
399
99
100
389
660
380
379
381
100
401
371
379
381
100
99
101
419
501
371
89
1351
471
440
1160
400
99
380
100
581
421
1190
389
380
1379
371
411
400
380
561
381
380
380
390
410
460
100
379
371
1300
99
99
420
599
101
100
380
371
101
1289
379
501
420
380
389
100
390
441
389
459
100
600
1180
1430
1239
389
441
499
420
381
371
101
419
1159
400
100
381
431
100
390
100
440
418
390
449
99
391
101
380
390
380
100
380
1330
391
90
1241
550
381
439
390
390
371
390
101
100
390
99
390
100
472
389
100
101
521
409
380
101
103
380
381
408
100
470
371
100
380
421
101
391
371
430
400
371
573
371
101
1340
100
91
100
582
450
371
390
90
390
390
466
100
469
411
100
380
371
409
450
391
108
379
381
100
431
100
450
1199
380
398
90
100
389
101
409
101
1309
381
419
469
400
381
101
100
389
392
419
530
430
90
99
429
100
102
91
371
400
389
1119
409
1201
100
449
389
391
101
1369
420
530
378
380
651
661
101
389
400
1329
90
371
380
441
378
100
399
410
409
100
451
399
376
390
92
380
388
380
101
100
379
101
401
580
100
409
379
100
379
528
1359
100
397
398
389
100
441
400
99
371
90
371
381
1330
381
389
100
379
108
102
99
1239
100
469
400
100
383
480
398
99
398
100
99
411
100
389
99
107
450
99
100
100
100
100
101
379
100
410
98
1119
480
100
99
379
449
390
380
379
401
419
400
431
449
461
100
428
1409
99
371
459
390
420
100
380
99
1170
100
441
98
1100
420
100
379
389
377
1150
380
401
460
410
381
99
399
420
1180
450
400
1139
391
388
100
490
1129
378
390
97
102
389
400
380
470
1319
420
400
108
590
380
422
101
401
372
511
100
430
539
568
100
420
101
419
90
381
571
380
471
431
378
100
100
398
389
390
440
99
378
378
1381
380
371
371
430
100
101
540
380
670
391
399
108
1220
651
100
1200
390
101
449
1162
100
430
1181
389
100
99
420
100
1271
409
1151
371
390
1141
400
379
389
380
100
379
492
99
100
381
371
100
371
1178
502
390
101
430
400
99
390
100
101
461
100
441
100
1169
386
1130
380
100
99
1141
101
389
480
108
430
1169
380
100
1160
99
100
1158
108
380
371
399
371
400
411
100
1310
100
400
100
381
1170
430
380
421
100
1151
449
379
400
379
509
100
1170
100
90
379
101
371
380
1160
390
440
389
430
390
99
510
481
100
379
409
380
100
430
379
440
1159
101
100
1170
461
100
100
411
379
100
390
379
449
379
380
371
380
470
100
99
101
91
101
88
409
380
380
99
438
106
100
380
399
1150
101
1290
100
390
1180
631
390
380
379
388
101
410
379
571
570
380
429
100
451
410
380
389
410
380
1199
410
381
448
102
99
371
100
470
390
100
100
390
1110
100
379
379
440
1200
1190
379
399
400
450
100
400
1140
100
441
379
380
99
90
90
441
1149
659
100
100
480
411
642
389
101
102
560
99
451
100
100
90
108
400
380
99
100
391
1140
100
480
100
430
371
100
1179
400
100
101
380
90
1149
101
107
101
99
379
108
399
100
99
1181
101
420
99
100
431
439
1159
550
108
419
380
479
468
100
1300
490
100
100
100
779
431
530
1315
100
410
380
410
520
1180
101
440
390
371
1219
1159
100
391
1191
89
389
1190
1292
388
101
399
1319
461
421
100
100
401
389
81
100
380
399
1330
100
99
101
440
460
490
382
108
410
100
372
390
450
450
100
408
101
100
449
99
381
90
108
379
380
90
421
89
100
419
100
579
450
420
1222
99
431
380
381
400
400
539
389
100
439
410
389
479
100
100
380
101
611
100
452
419
100
460
371
101
610
409
421
99
421
700
489
101
379
380
380
372
541
99
411
381
1199
101
1238
440
408
621
100
381
90
100
1151
380
409
459
1200
100
108
100
449
1219
391
101
408
100
460
1330
378
1310
100
371
570
100
1181
1180
100
429
479
1259
1290
410
460
440
100
1120
472
1271
679
100
380
390
429
425
90
371
108
101
103
1179
400
100
99
510
401
599
101
100
410
420
101
448
100
371
419
99
520
90
100
101
480
101
442
100
371
381
1350
460
380
99
478
100
1350
99
390
100
511
1171
381
480
100
100
427
1360
410
419
99
809
389
450
100
379
470
371
100
380
100
387
411
391
101
1320
530
102
1351
420
499
371
1209
391
100
100
100
1199
99
99
669
420
100
100
101
381
108
101
391
100
89
100
490
500
431
99
1179
100
1170
410
1179
448
371
419
108
1360
410
100
91
500
419
101
389
100
550
102
99
100
100
420
380
410
461
378
380
90
1189
470
101
371
419
100
100
380
1160
410
380
416
100
100
391
449
1198
100
380
1150
409
90
379
89
101
481
101
380
450
650
99
100
100
108
430
440
1179
560
100
400
101
101
100
100
108
438
1310
100
420
101
100
371
389
101
441
769
378
390
389
108
99
100
100
101
99
99
380
450
98
108
108
567
929
102
389
100
398
107
1190
389
100
1210
100
99
100
1149
380
100
99
1141
99
1261
380
1329
451
100
449
100
90
1160
101
472
1320
421
101
390
1129
100
100
1221
100
100
90
499
100
401
440
100
1159
1330
510
410
421
100
371
100
1160
380
451
411
99
99
430
440
1210
1140
371
380
101
371
100
1210
100
381
471
1180
519
410
101
89
100
1240
399
101
420
540
800
470
100
591
450
399
371
99
440
379
100
1159
1160
410
1250
101
381
1141
100
441
103
100
1339
451
99
1150
100
381
391
390
371
470
420
108
371
371
99
101
100
380
101
461
620
91
480
461
101
411
100
99
99
1120
378
100
108
1180
371
1190
430
449
101
447
1140
422
379
100
398
100
449
99
410
101
390
419
100
469
108
421
100
374
401
408
611
393
1170
389
471
399
101
100
100
1290
971
101
99
100
100
99
100
380
99
101
101
1190
1240
410
371
378
380
382
410
99
379
90
100
461
390
101
380
101
101
99
388
100
99
411
101
89
420
629
108
100
409
101
510
571
101
389
549
100
99
1110
389
460
1179
100
380
510
101
1180
460
410
100
100
380
410
1319
100
101
430
419
420
401
380
389
1218
99
623
379
100
99
100
389
99
1190
99
430
100
430
411
100
99
99
1230
99
421
99
480
1150
400
1168
100
460
100
99
380
1150
376
100
100
1180
380
420
490
91
101
100
99
450
101
100
90
409
439
400
100
102
1150
1310
108
101
460
480
411
100
560
1309
99
100
99
89
101
99
416
381
99
420
100
100
100
390
100
1159
100
100
430
390
380
1229
1210
439
660
108
1211
462
1290
100
391
430
1151
91
448
420
100
520
1191
101
520
90
480
102
500
100
400
102
1128
440
549
101
529
101
101
89
100
99
100
100
380
100
1298
381
421
1129
430
99
101
411
389
108
1199
649
610
100
519
513
1140
420
429
430
560
371
100
569
467
100
511
101
101
379
101
629
100
1190
95
100
100
459
1321
372
101
100
1308
99
401
371
379
101
101
102
1131
101
721
1260
100
379
1160
101
101
371
461
480
591
100
390
379
1150
521
100
100
820
1149
101
446
100
100
101
471
100
100
102
99
538
108
1216
400
100
100
1159
1198
488
441
1129
381
440
100
100
439
108
100
100
442
499
100
90
1196
430
99
102
93
1180
100
99
380
99
100
102
100
419
1170
100
1211
471
100
430
101
100
430
371
100
100
99
99
460
90
498
101
459
440
428
1277
91
101
101
410
430
100
91
491
101
100
1160
418
451
99
91
390
100
1180
379
99
99
1188
389
380
461
108
430
1139
100
99
520
91
99
101
90
90
100
100
90
108
488
1260
99
100
100
101
502
91
1090
100
380
409
101
380
101
1130
411
99
101
100
459
100
100
100
100
100
1389
390
379
1179
100
371
100
100
1199
99
380
439
100
100
99
371
425
379
547
540
101
419
411
400
100
99
1118
380
100
101
100
101
100
1200
1188
1210
103
100
412
99
1149
101
1389
440
1159
689
101
380
601
410
100
1180
100
1200
100
577
100
101
100
101
101
1421
90
100
410
90
100
100
100
402
100
371
429
1141
100
371
100
1160
100
101
380
429
101
100
90
99
102
419
461
100
101
100
100
100
1121
1169
1140
430
90
410
99
101
100
500
1280
100
101
100
100
372
101
1130
100
1429
402
100
1187
100
1259
101
1200
108
390
422
100
108
529
100
100
520
101
440
90
450
101
90
101
372
1240
1279
90
101
480
400
101
100
100
461
101
100
100
100
91
99
100
460
390
99
99
379
379
99
100
101
450
102
99
99
1159
100
510
1239
452
99
89
99
1189
99
461
102
100
99
540
86
100
1170
410
99
100
1199
100
371
399
100
380
472
459
100
1181
409
100
100
371
108
499
430
441
399
380
101
91
101
540
371
540
100
100
90
1180
100
99
101
100
1198
444
90
489
101
99
100
1290
449
99
470
100
90
470
380
409
108
100
1169
100
408
100
401
410
100
449
1170
1219
480
400
504
99
399
1271
108
401
100
371
450
1180
629
480
1169
101
1150
419
99
1160
1200
411
1139
1211
430
1170
479
99
379
100
409
452
101
101
1171
481
1160
100
1150
100
1360
108
381
441
1139
1149
1316
100
381
411
469
100
100
99
101
101
101
400
1259
482
100
410
100
108
419
411
100
511
468
100
90
99
100
450
101
390
1469
380
690
100
99
99
391
1210
88
390
420
1189
391
107
100
410
100
99
99
100
401
108
101
431
101
100
91
480
101
420
630
101
101
100
431
102
390
99
1250
440
90
451
490
1369
740
99
1130
100
451
429
530
1231
431
101
100
91
100
399
101
420
100
101
99
410
108
100
100
100
100
90
460
100
1155
100
380
107
107
99
100
501
100
101
101
379
101
407
101
531
1289
1199
489
480
380
411
391
1160
488
490
390
100
101
1280
441
100
401
450
100
100
1221
100
399
429
501
100
100
1269
390
1159
389
100
1280
429
440
1200
601
100
99
101
100
530
401
1140
1210
1181
409
400
101
100
100
101
100
100
421
100
401
460
100
100
479
101
100
89
1130
500
1169
99
100
90
419
562
91
1139
100
99
101
100
1129
100
1120
1180
560
464
401
101
420
399
100
100
1211
100
392
389
420
390
99
1197
100
100
378
101
381
100
1159
100
440
429
99
1238
371
390
100
100
101
100
100
1148
100
99
389
381
1150
530
1119
1259
101
102
100
1159
410
1180
400
98
100
101
1150
371
100
399
100
99
100
1120
402
1211
99
1300
99
101
89
1210
100
100
401
1300
100
1159
100
1219
1121
99
399
99
478
1280
411
387
440
100
100
100
100
100
1210
420
101
100
100
410
439
101
100
1139
101
100
399
1179
91
100
100
100
1160
430
101
99
389
99
101
100
379
100
399
98
100
100
410
100
1141
90
100
100
402
100
400
100
1110
100
100
1240
680
1220
551
410
100
1230
400
1170
100
90
379
100
100
400
100
440
437
100
390
450
101
410
390
101
1251
389
99
421
450
389
100
1180
455
371
99
99
99
372
410
1151
100
100
381
100
1129
420
101
101
500
100
100
540
1250
1281
100
101
90
1171
449
100
101
430
407
1257
101
99
100
100
100
379
101
430
1210
100
99
101
390
100
100
1207
90
529
580
460
101
100
100
508
103
99
88
100
379
1190
430
462
108
1141
100
1170
102
409
440
100
380
90
99
101
100
100
391
389
100
100
100
94
1181
437
549
1251
90
101
99
100
420
101
1200
420
101
379
389
430
451
450
100
490
100
100
100
480
99
478
420
389
420
100
91
400
90
101
100
99
101
390
428
100
101
100
100
90
100
100
99
100
1141
99
101
489
410
101
499
99
99
440
1199
100
100
100
379
100
1220
99
100
108
101
101
398
101
90
100
101
401
100
1210
100
440
100
100
400
500
100
438
1321
100
99
459
101
550
100
449
559
380
400
102
371
399
100
1310
450
102
100
101
1279
99
100
378
100
100
100
1169
101
100
1149
1328
101
470
540
101
411
457
101
101
100
569
99
100
100
501
100
559
1230
1190
98
101
90
429
100
390
1150
490
100
100
100
100
1151
100
1159
100
470
100
101
100
1260
101
100
100
101
100
500
100
108
102
389
510
91
100
100
100
101
101
390
101
378
101
100
1148
100
90
470
399
470
380
101
431
100
100
442
101
450
101
420
100
99
1110
380
108
1141
400
379
101
101
1221
101
100
99
418
100
101
101
1190
100
519
99
108
100
101
1190
420
100
101
99
100
99
393
101
1231
101
599
99
1180
100
100
100
91
409
1171
429
1160
100
101
99
99
380
1190
99
101
100
100
100
100
1170
100
101
371
90
478
1169
509
100
380
108
100
99
101
1249
99
549
101
99
101
108
430
100
1181
399
100
100
411
100
100
1150
99
100
489
399
99
390
100
91
101
391
1359
1120
100
380
1201
391
101
100
440
108
440
490
97
99
430
1150
101
440
1149
100
1159
99
98
1230
100
100
429
600
469
450
420
99
1249
380
410
99
381
90
100
1189
101
99
100
101
101
1309
421
100
390
380
100
100
1139
491
481
100
108
390
1229
480
421
100
108
108
100
430
409
90
1250
91
108
479
1180
100
101
100
430
420
99
379
101
503
100
450
390
99
501
108
388
411
1221
1169
99
378
408
1158
99
91
401
99
102
101
100
430
100
100
471
100
102
100
1339
450
100
100
101
100
100
101
100
99
100
1222
100
100
449
427
101
89
371
1240
1138
400
100
1140
100
101
100
1181
101
399
99
100
100
100
100
500
1169
100
101
99
1159
101
1180
99
100
108
101
99
99
1239
1191
100
1300
100
510
421
399
498
90
101
101
100
100
1211
100
1170
108
101
91
100
1150
460
440
100
90
1117
510
101
100
100
431
99
100
99
1300
99
450
100
442
101
411
101
99
100
100
1235
101
550
849
101
101
440
101
100
99
462
439
410
1320
1150
100
101
518
101
1230
100
100
99
1220
100
451
102
90
100
100
100
100
100
100
99
100
1160
100
101
100
400
101
100
1180
101
410
99
100
1140
100
100
101
100
100
392
421
101
101
99
99
101
99
100
91
100
99
1142
380
100
90
100
1139
99
100
100
99
99
100
99
101
100
380
101
101
100
101
100
100
100
100
100
101
101
99
90
108
101
89
1151
101
1151
99
100
1250
90
521
400
371
800
100
100
108
1121
440
1189
100
451
479
100
411
101
100
99
100
100
100
391
100
383
450
410
380
469
490
371
100
470
400
419
438
419
373
419
439
490
399
419
420
390
455
450
430
439
410
510
410
380
451
371
449
397
380
389
1160
378
1191
429
1159
441
490
1151
391
1191
99
380
100
101
98
101
400
101
100
99
382
108
101
99
100
90
90
100
100
90
100
100
101
101
90
89
100
100
100
101
100
100
100
99
90
100
99
100
101
100
100
100
100
100
100
101
99
100
100
102
100
100
100
100
100
100
101
100
100
100
90
100
100
100
99
99
101
100
100
100
100
100
90
100
100
90
100
100
90
101
100
101
100
100
101
101
99
100
100
100
100
100
100
100
99
100
100
100
100
90
100
100
100
100
101
100
100
101
100
101
100
100
107
100
100
100
100
100
100
100
100
100
90
101
100
100
99
100
99
100
100
100
100
100
100
100
100
99
100
100
101
100
101
100
100
100
100
89
101
90
100
100
90
100
90
100
100
100
100
100
100
99
100
100
101
100
100
100
99
99
100
90
100
99
100
90
409
100
100
100
100
99
90
99
99
100
91
100
100
99
100
91
101
100
100
100
100
100
100
100
100
101
100
100
99
100
100
100
99
101
100
100
100
100
100
100
90
100
100
99
101
100
99
101
101
100
91
100
100
100
100
380
100
399
100
100
100
100
101
100
100
101
91
100
90
97
100
100
100
100
100
100
80
90
100
100
101
100
90
100
100
100
100
100
100
100
100
100
100
100
99
100
100
99
100
100
99
100
100
100
380
100
100
99
100
100
100
100
99
99
100
90
101
100
100
99
100
400
100
100
100
99
100
100
99
100
100
100
100
380
100
99
101
100
100
100
91
100
101
100
100
100
100
100
100
100
100
100
91
390
390
431
99
100
377
100
100
450
99
99
107
429
380
100
390
100
409
101
419
100
100
470
99
430
100
380
100
100
100
410
461
108
101
399
380
400
430
1410
108
379
1281
99
99
100
100
101
381
100
1311
565
108
100
101
380
371
100
100
430
395
100
399
99
421
101
100
500
100
429
100
399
100
99
101
379
402
371
1270
101
500
108
380
400
101
100
380
99
1269
100
459
440
371
391
399
100
371
100
1150
385
101
390
399
539
388
100
380
418
419
470
1190
100
379
389
399
380
379
490
400
1400
389
401
380
101
456
480
409
1291
430
380
379
108
372
473
380
100
371
100
450
389
399
99
398
379
380
480
500
399
391
101
490
479
400
482
108
549
500
413
388
399
400
411
389
100
380
390
401
1199
438
400
390
379
411
529
389
1365
379
100
390
409
1300
469
469
440
530
100
401
1389
399
1350
99
430
380
100
101
410
390
100
430
372
100
422
100
100
513
520
391
371
90
90
390
401
100
380
401
379
460
390
388
390
380
401
100
381
379
100
380
101
419
101
379
391
380
371
440
442
430
631
1150
101
400
371
380
409
1370
89
420
391
380
373
480
371
1140
371
390
1170
410
101
428
440
99
100
390
400
1380
1170
380
410
390
450
480
430
391
1211
418
390
398
100
539
381
399
428
391
420
451
100
379
381
108
101
439
451
389
99
490
421
377
451
390
1249
400
100
380
389
391
108
400
379
401
99
401
391
100
380
1149
420
560
421
100
438
1160
100
420
99
371
420
499
90
379
100
389
108
521
100
100
391
380
389
399
471
440
420
418
100
398
1191
400
410
400
400
379
99
450
99
381
420
381
381
380
371
398
400
379
399
108
99
469
460
389
390
100
449
403
94
101
409
380
1361
490
399
100
380
371
100
399
100
388
411
101
1151
381
90
481
404
399
100
429
1323
409
380
89
100
390
399
490
99
100
90
373
101
379
400
401
451
376
420
100
409
402
380
419
1169
371
100
381
430
389
420
469
389
399
410
389
409
450
399
400
100
549
470
380
479
450
440
571
410
380
479
461
381
371
99
108
390
371
480
99
380
1150
100
1360
410
400
530
100
500
391
381
490
371
420
439
101
440
430
670
396
621
371
100
420
389
100
690
459
511
381
1170
612
1169
100
819
108
800
400
100
400
100
1150
381
380
1183
410
420
390
380
381
99
440
630
380
450
430
600
391
460
1189
880
1178
573
100
389
1331
631
430
380
431
379
100
461
391
1239
380
381
380
100
100
561
379
89
441
420
1148
389
371
381
99
381
380
107
399
440
380
391
101
107
429
100
100
100
409
100
379
399
389
379
100
390
100
408
101
479
391
390
402
100
100
389
391
1300
100
389
379
430
421
100
490
391
99
381
390
398
619
100
100
400
379
399
1270
371
101
390
441
599
451
100
380
399
379
391
479
380
390
491
380
99
389
408
394
411
390
390
419
99
411
399
419
390
500
100
461
100
1248
379
399
1180
379
409
449
379
390
390
101
552
400
431
100
100
1291
100
378
390
639
389
381
1147
100
100
100
100
100
100
400
100
391
100
441
99
401
379
401
100
108
381
100
471
1289
100
509
379
101
101
1219
400
461
379
99
410
1180
1219
379
99
430
100
380
100
439
387
100
379
391
108
379
391
420
461
379
439
100
101
108
371
103
100
371
431
372
399
389
380
410
100
371
379
430
100
470
90
389
100
100
400
390
379
389
401
100
419
390
100
501
108
380
100
380
431
1301
440
381
99
1179
100
1150
409
539
389
100
101
391
388
407
379
99
380
371
381
430
380
380
400
380
439
409
400
100
429
419
1321
391
379
389
100
459
501
560
450
100
1340
429
541
389
560
429
1189
390
390
371
100
1350
399
439
102
100
390
380
439
389
410
1170
1130
100
429
409
389
100
420
450
380
398
100
381
429
621
379
490
410
398
371
379
1190
1131
420
439
371
399
1150
371
101
451
409
392
419
520
100
420
100
100
100
100
1140
388
371
99
380
1310
399
90
371
100
410
452
400
371
379
90
389
1121
101
378
101
100
451
99
100
500
1172
100
449
451
412
380
91
431
540
398
609
419
440
400
499
380
380
1460
100
100
1330
99
101
371
1160
1150
101
100
381
99
376
108
100
101
570
440
101
371
101
101
90
420
391
100
100
100
381
1241
90
101
100
391
108
390
430
421
450
1220
421
99
410
380
380
1169
449
381
411
108
371
429
490
450
436
400
449
378
100
1320
380
90
420
101
390
411
1160
99
101
379
520
480
100
421
400
380
100
381
489
100
469
100
459
380
420
1169
387
520
419
472
390
100
491
380
411
1161
99
390
99
410
390
100
420
101
371
99
100
100
753
380
1209
600
1180
609
99
1170
391
390
430
431
99
380
1150
372
1330
429
400
420
1191
420
1310
421
439
410
389
439
99
1168
520
100
380
100
449
389
699
440
1290
431
391
450
390
389
1179
399
380
429
410
1380
389
399
371
391
100
400
430
381
379
371
100
371
1171
99
91
1269
379
100
440
460
380
390
451
1180
850
108
1160
99
1130
371
380
377
101
371
420
449
1110
389
100
430
102
108
1217
389
101
381
100
99
99
421
431
379
410
380
99
389
371
469
411
399
100
1329
379
100
1171
100
100
429
379
1169
108
380
100
100
380
429
419
101
99
99
101
470
398
409
100
390
430
99
390
99
99
379
397
99
460
560
400
1150
101
1140
99
100
100
380
90
379
381
389
1321
100
100
1299
99
99
420
380
101
101
381
409
410
392
1159
100
472
380
379
390
379
100
379
101
610
390
409
1350
1220
100
100
441
470
380
100
401
519
100
390
1141
500
100
1200
442
100
1190
438
100
100
490
749
411
378
100
409
419
100
101
1150
379
399
100
390
1120
410
390
372
100
100
419
100
510
101
390
380
100
100
99
99
517
100
1228
531
401
371
460
91
409
379
1292
91
1150
400
100
100
429
389
461
1170
390
380
450
500
100
390
100
381
389
390
100
409
99
90
410
98
99
100
380
98
99
389
439
100
460
380
100
380
539
100
400
100
419
461
421
431
99
399
390
89
1178
100
1150
391
381
382
100
99
389
380
379
389
389
408
100
108
1330
461
99
100
1290
108
1330
100
379
1180
1160
400
1319
480
102
382
99
100
380
100
391
101
549
101
409
470
400
420
390
410
101
101
430
1188
101
475
100
102
380
419
393
371
610
101
1179
379
381
100
500
100
1310
380
450
100
101
100
662
389
750
99
451
100
100
379
101
1279
1180
489
100
420
1281
390
1349
500
100
100
100
1271
671
1199
459
377
100
100
100
391
100
100
411
419
410
371
1210
371
469
400
371
429
390
378
1238
100
409
372
100
1149
99
100
390
100
100
411
1209
101
390
380
460
100
99
458
1178
1409
100
590
480
430
449
100
1150
561
420
377
1289
90
101
399
100
99
100
389
399
449
372
1196
100
410
390
1320
100
101
108
390
510
101
101
100
99
421
108
409
100
420
411
100
99
431
101
98
490
460
100
390
530
387
99
101
380
431
539
100
464
99
430
467
1150
459
101
1269
100
100
420
479
420
389
100
100
411
438
100
100
101
100
430
100
1152
390
450
100
601
100
1150
391
1149
1168
1300
1180
420
100
419
420
620
100
1319
1241
459
90
460
108
1319
90
481
100
391
99
100
1160
1160
100
100
410
99
100
100
512
391
101
439
570
408
101
101
108
640
380
1237
100
491
380
101
1179
460
108
101
560
1250
399
550
91
420
499
100
442
99
399
1171
100
450
410
389
100
1129
411
509
400
102
379
1180
382
101
1066
108
1291
411
100
100
439
440
450
99
1318
620
100
390
519
377
440
1140
401
100
101
101
101
410
410
420
100
400
101
101
101
421
408
100
410
100
100
100
100
1318
408
460
379
101
380
401
390
379
100
1200
100
100
1198
100
430
460
390
101
430
450
480
100
510
1280
102
429
1220
88
621
101
1230
510
399
379
371
469
1192
371
1141
100
100
391
100
100
1160
1189
1220
100
101
1221
101
100
1101
399
100
100
410
100
100
1121
99
440
101
440
99
619
430
99
491
100
379
101
1279
460
1310
101
100
1121
101
600
101
540
391
420
621
1281
100
101
390
380
101
759
99
449
489
430
830
100
100
449
380
400
380
1341
100
400
1181
101
1280
100
372
1140
450
1301
430
430
401
1200
1189
1280
1290
101
400
1180
380
500
108
90
521
1200
100
401
380
99
101
409
101
660
1300
99
1140
100
409
400
89
549
99
1199
462
100
490
101
441
100
100
411
100
99
430
100
411
451
91
100
390
104
1201
100
1201
102
387
1240
107
1329
99
430
440
102
472
400
99
100
100
89
541
451
99
539
719
100
391
430
399
411
539
530
100
381
540
99
101
100
101
461
99
1309
473
91
100
380
399
390
99
100
100
490
100
1259
99
101
100
1140
100
101
1378
371
555
378
411
108
480
401
391
403
102
371
100
100
100
470
1351
1150
100
100
100
409
90
410
100
499
429
99
469
100
410
101
499
1300
101
420
371
389
430
1159
450
100
100
1160
100
591
421
100
101
91
99
100
99
99
1110
101
371
371
646
100
380
99
100
469
100
392
379
420
90
449
430
91
100
439
101
410
1180
1150
99
101
1289
439
101
1250
100
581
99
102
399
99
100
551
391
410
1120
100
402
1171
380
521
1191
100
99
381
1140
410
440
490
100
410
90
101
1200
1159
99
99
1140
100
440
100
411
100
100
401
102
400
102
101
410
100
100
380
90
99
410
99
88
691
99
381
409
100
460
101
100
100
101
381
1200
508
91
1262
100
1138
380
99
90
371
100
100
381
90
410
449
100
518
1250
461
410
419
1150
101
420
102
101
418
101
100
400
421
1191
100
449
411
1181
390
91
100
380
399
1271
101
1150
102
1160
101
99
101
380
101
100
541
391
451
379
100
100
101
380
90
1179
1220
469
411
101
100
100
579
101
399
101
99
430
100
99
100
1148
1230
451
100
1187
101
448
390
391
400
100
100
1158
89
101
448
1140
1308
99
100
448
559
1209
381
371
87
100
100
1150
100
100
90
400
390
372
1138
100
100
1180
431
541
390
390
439
400
380
100
459
1211
378
391
1160
430
1170
1190
99
429
99
488
100
90
99
1151
462
101
100
100
101
100
390
400
417
451
1231
1330
101
456
419
1158
100
1150
99
400
420
431
400
390
400
400
481
100
99
410
101
108
434
389
430
469
440
459
387
531
100
1299
412
1318
89
100
391
591
1200
421
440
390
100
100
1410
100
508
380
101
1200
100
101
102
108
100
99
101
1219
100
400
100
101
101
621
100
100
99
1300
99
379
108
100
1270
411
410
101
102
389
99
100
99
100
438
390
1131
449
430
100
100
100
101
420
390
100
1129
90
1180
421
390
99
90
459
439
100
100
420
1330
100
480
99
100
100
380
440
391
99
101
381
99
1181
100
98
99
391
1250
541
100
1200
100
100
99
490
440
389
90
1169
88
1219
410
1160
401
101
430
100
100
100
439
380
1140
559
401
1140
100
100
99
101
98
99
108
1339
490
100
379
1191
101
529
401
420
420
459
1141
1161
91
100
501
101
101
1131
1220
100
391
551
101
1186
381
100
99
460
1120
379
100
380
100
451
101
502
100
390
509
99
101
469
471
439
100
381
101
459
412
1219
412
100
100
100
99
429
101
99
421
377
439
1179
398
1189
390
421
451
1130
1190
422
389
99
409
100
101
100
1210
400
101
100
101
100
100
100
100
103
390
1198
430
99
101
440
1319
108
99
440
100
380
100
439
393
99
99
410
100
100
592
100
379
528
101
90
430
531
390
99
1170
381
90
570
99
108
1129
371
100
100
469
99
379
100
99
1300
460
99
419
1200
100
100
432
430
100
101
101
420
388
100
100
100
430
102
100
108
438
470
100
91
1100
1220
97
100
100
391
99
101
421
100
101
1309
480
101
99
99
1130
101
428
500
1210
380
1210
1239
100
101
429
102
510
101
479
100
390
102
1239
99
390
390
101
90
100
390
101
420
430
100
99
99
380
100
541
101
440
99
449
101
381
108
101
1129
1189
480
430
100
404
530
108
100
420
100
100
100
100
1170
400
379
100
478
1251
450
1208
99
609
90
419
99
100
100
1130
1270
499
1160
470
1180
520
379
519
451
100
100
99
516
108
100
100
91
1179
100
381
100
1100
1170
99
100
1180
401
101
90
99
401
99
100
400
91
439
1180
99
99
1210
100
100
108
430
100
1149
390
1280
99
90
692
419
509
378
99
101
100
770
381
100
390
101
1131
1314
99
371
100
101
100
101
100
100
410
100
99
100
1139
101
90
90
101
98
530
100
98
101
101
380
100
100
480
1151
100
410
100
572
100
99
1179
100
420
90
100
399
1311
598
100
99
100
100
540
1279
100
380
99
371
101
381
100
1171
459
521
100
90
90
101
1140
1131
409
102
1318
100
101
379
389
100
99
90
100
400
100
100
100
1338
101
1199
371
99
480
1129
100
99
511
381
101
470
550
100
100
1171
102
409
460
1250
100
101
390
420
100
1240
390
1150
387
107
101
388
101
100
390
450
100
431
421
471
100
100
101
102
431
98
100
102
1161
100
1159
100
101
100
380
1159
89
1151
101
108
443
100
103
510
101
450
1279
100
101
439
105
100
100
100
100
100
100
390
1191
1130
1230
569
100
400
99
1209
99
1179
378
99
101
371
410
100
419
389
450
100
407
101
101
419
99
480
100
100
99
100
469
101
1220
101
100
460
100
539
98
1170
100
380
100
102
99
420
100
99
429
100
1189
101
371
101
479
100
100
101
438
421
102
1169
101
101
1241
100
100
99
100
99
100
101
101
100
99
92
381
101
1188
421
101
99
100
100
1179
100
400
100
100
101
100
380
100
399
441
430
1130
100
100
500
101
401
100
1200
101
461
100
1218
470
101
99
499
1229
411
460
101
101
1211
100
100
100
100
101
100
100
419
409
442
680
390
100
100
100
100
100
1160
97
100
371
100
100
1140
99
100
99
100
371
101
1110
90
101
460
100
101
481
100
1199
99
101
100
421
100
429
428
90
540
91
400
99
100
100
401
90
1160
99
108
1250
449
89
1290
400
499
460
100
100
1249
400
439
461
1179
100
400
107
101
100
90
430
1150
100
441
390
101
100
1120
100
101
411
91
390
480
99
100
100
100
100
400
100
391
408
1220
440
100
1201
100
420
401
440
99
100
100
100
1190
100
1181
100
101
1170
387
99
461
91
399
101
108
1170
100
409
90
99
1179
108
101
470
101
100
429
90
439
99
101
102
460
100
100
101
409
1140
440
100
100
379
100
381
431
1189
1160
1180
100
102
430
470
108
491
1181
710
101
100
1181
1170
100
412
100
100
100
100
100
1170
100
102
100
381
99
490
1151
400
100
100
90
100
99
100
108
421
481
100
108
99
101
89
410
100
101
100
100
100
100
100
100
101
99
90
100
101
100
100
99
490
108
100
93
100
1160
98
100
90
100
100
100
99
99
88
100
99
99
1111
99
99
100
101
100
108
101
108
90
100
100
101
99
100
102
99
405
100
101
100
100
100
100
100
100
101
91
100
99
100
100
89
380
100
100
420
100
100
100
101
100
90
90
100
100
99
100
100
510
439
750
99
100
100
93
100
100
430
420
391
99
401
99
99
108
100
99
100
100
100
104
440
99
102
101
100
100
101
99
501
372
400
400
101
101
389
100
400
379
470
429
449
429
99
389
480
419
401
589
380
380
460
420
488
440
651
1230
381
371
480
1199
410
100
99
1121
520
100
99
100
410
101
100
371
101
102
100
440
100