80.
120.
141.
169.
321.
154
498
478
351
420
1139
449
390
429
361
1729
660
1308
419
1371
1349
439
460
1179
390
337
1251
821
460
3838
1229
850
361
509
1230
481
341
679
480
1160
2329
341
338
368
441
329
359
339
1390
1179
1491
1163
348
488
1130
3098
1222
680
332
1168
369
79
340
1270
658
501
352
330
339
1170
450
390
1180
79
439
79
1328
3221
700
1230
479
421
390
1197
1180
1188
350
1429
341
330
1120
1590
349
1151
1411
609
354
531
370
365
350
350
1210
420
442
921
380
368
329
1169
1189
408
370
432
429
1220
1170
778
487
1171
2821
1151
350
1148
329
433
470
2620
1240
339
1140
1209
1170
1159
330
1199
420
1172
1200
1311
1820
328
400
400
1130
339
490
341
1238
497
328
359
372
78
1215
1150
1129
1179
1321
359
350
420
330
360
360
79
371
390
352
1219
333
1347
1160
339
351
1100
1193
1218
470
1500
338
349
769
359
361
340
458
1640
350
1140
440
401
448
329
351
470
429
1308
621
359
1170
1327
410
419
330
470
1291
350
370
409
1149
329
330
420
329
330
453
390
508
1190
420
328
1230
388
458
1200
1159
331
331
341
1540
1170
371
399
330
1237
1188
501
338
330
339
400
1101
1219
2551
328
1260
383
361
380
1249
419
332
1189
1190
1191
367
1209
341
350
1239
1191
369
370
331
79
349
462
529
360
568
1281
79
1148
391
2270
329
1139
2672
3059
1881
429
680
409
330
1230
340
371
1230
370
1909
470
383
1241
1210
990
1198
1890
1090
1123
389
348
511
1180
1150
338
415
1151
330
370
562
340
340
1139
332
340
341
4031
1238
386
340
690
331
365
471
322
391
352
1231
1173
731
490
322
370
2321
1171
1250
371
491
339
79
79
69
1229
390
1347
1209
1240
338
338
1181
1170
341
1260
341
1169
1129
1892
351
330
420
79
2540
849
512
2041
448
1218
1200
421
351
361
489
79
2239
1819
79
329
339
1169
4162
330
1140
328
70
1851
350
412
1131
331
1258
1180
402
351
1219
79
3058
1351
2110
681
79
1140
1170
1319
330
341
1240
1160
510
350
1871
3049
750
1160
469
359
1131
458
739
359
1251
359
419
418
401
414
499
70
339
1220
1210
401
371
79
79
490
1208
419
440
580
1190
358
79
1251
351
333
1151
1170
477
1199
79
79
449
332
1679
1890
341
450
79
2257
349
1170
1161
349
1180
1240
1110
360
390
439
329
391
329
1250
79
1220
1790
540
79
3390
3120
350
1132
1192
370
79
362
379
2470
70
79
70
449
79
331
369
339
438
1218
392
456
1131
1220
340
329
351
371
79
2170
1190
369
501
368
408
347
1789
379
330
331
70
1171
370
71
608
501
370
79
1389
469
653
1110
79
1141
468
69
490
340
419
1129
79
1211
360
79
1179
79
390
340
79
1112
362
370
331
1269
381
610
478
351
440
79
427
70
1170
409
350
79
1169
3328
79
360
330
79
360
79
389
79
70
71
1208
340
629
331
330
2110
1130
1099
79
1800
3020
3040
349
520
347
391
1834
2559
332
420
79
79
1151
338
1179
1171
350
350
3721
2650
79
400
380
1408
1159
79
1169
371
79
430
464
402
800
395
1351
1100
1179
78
1150
1220
441
400
3402
3068
360
78
340
441
79
79
79
1123
360
78
340
78
79
79
1101
359
379
380
330
330
79
70
79
359
79
79
449
79
530
500
1140
79
79
329
79
79
500
1130
79
70
331
340
1249
1172
419
1150
1321
79
329
79
331
79
79
70
79
79
70
341
79
79
79
560
68
79
371
71
79
388
79
79
70
79
540
339
1222
411
79
70
1210
469
1128
69
330
79
1143
509
340
1209
419
381
450
430
330
389
349
330
350
79
481
359
79
79
401
79
70
79
79
330
470
371
350
1128
79
600
71
79
409
500
330
2311
3058
480
71
400
79
1629
1149
79
79
429
70
70
79
70
70
79
79
69
70
79
330
70
322
79
388
929
461
71
418
71
79
481
350
349
71
79
70
78
79
420
70
70
1991
1341
79
69
70
79
399
70
78
340
361
70
79
79
390
79
70
79
69
69
79
79
1219
450
330
70
340
341
79
79
70
430
79
79
79
431
71
70
341
361
3609
3050
420
1091
341
430
71
70
79
78
509
1227
329
351
70
337
1390
79
360
1148
341
380
339
79
79
79
79
79
1110
3010
371
1110
1359
340
79
370
1219
330
79
429
338
3231
4050
3920
400
1090
71
371
381
1189
1558
380
420
79
380
370
79
79
69
71
79
399
390
590
79
370
69
70
79
79
79
1162
1380
1140
338
1320
79
361
79
3110
390
70
538
1101
1597
410
79
324
79
640
79
329
1131
350
1146
341
390
438
79
71
79
69
79
79
439
380
778
3209
79
70
79
341
369
79
70
69
79
79
2200
70
79
360
372
487
79
71
988
430
480
3201
3548
678
350
330
440
470
70
423
420
341
375
1170
1190
658
340
1101
79
379
70
79
819
490
3941
350
370
431
1251
330
70
69
79
339
392
79
739
548
79
79
400
1220
3021
728
1979
1149
1900
1910
350
1169
79
79
1179
70
350
331
419
403
451
79
579
360
1392
70
78
839
372
609
2997
2330
79
420
1190
460
399
1111
71
79
379
79
530
70
69
71
79
3090
3030
1870
1180
79
71
379
469
460
409
650
332
636
1409
77
358
71
349
79
79
1213
340
1102
429
1371
79
419
2161
1180
392
69
339
79
79
79
71
79
451
78
79
341
380
1929
361
79
408
371
71
418
330
79
3149
3051
3068
360
79
2169
3011
490
79
79
1171
1110
79
462
400
339
338
369
1140
79
79
330
339
79
479
440
341
329
1231
71
1120
79
330
71
370
70
450
390
481
410
1207
341
79
79
473
440
79
1180
3359
1839
340
70
1207
1618
331
329
1169
548
1370
1149
348
3791
3018
2861
400
570
420
390
70
70
1131
360
388
340
1159
351
79
379
360
1180
1178
79
1270
1237
71
332
371
331
340
509
79
79
79
79
1294
361
348
1858
401
1121
79
78
389
350
1130
360
1263
352
79
340
79
79
390
350
459
79
1230
1854
69
399
79
510
689
428
726
3111
1883
79
79
330
1131
1121
79
350
361
1759
690
1147
79
1160
360
79
70
79
1170
1221
390
79
347
383
1171
531
1349
1131
70
79
78
340
1139
368
1141
79
79
79
3090
3020
79
1121
69
419
419
3189
1189
651
79
800
79
370
370
70
1380
341
1170
79
330
71
79
329
1181
1220
1161
79
400
1149
380
350
1180
378
1122
1270
79
79
489
1540
79
1980
360
3100
1919
70
340
439
1339
3381
2940
79
79
79
79
79
401
340
79
359
439
1160
350
79
2140
420
71
79
79
79
449
341
949
79
481
421
79
79
439
69
356
71
392
330
340
79
340
667
2932
3059
351
498
1179
79
79
380
1140
71
79
420
79
359
3137
2990
1590
79
3020
3030
1869
370
399
621
71
79
390
79
350
79
689
327
477
70
3068
3039
71
1129
79
350
389
349
331
1200
3089
910
390
79
79
342
609
409
79
1667
390
330
1168
70
79
1519
350
1210
79
350
389
400
411
330
469
79
69
79
79
78
331
359
478
374
332
70
380
450
1175
1219
658
79
79
79
553
1180
2240
3101
3039
2659
79
79
1198
350
1129
1229
489
361
401
1750
4388
1360
79
79
4718
361
1151
341
79
389
330
421
470
450
1187
1019
3255
79
3189
1109
1220
79
381
329
70
371
330
360
380
79
1738
1149
79
340
79
79
3126
330
586
370
77
368
3019
3028
1569
71
78
358
79
2997
1089
79
669
419
70
340
441
348
349
380
2017
447
331
369
380
330
370
79
3899
339
749
410
79
79
340
488
2921
2920
3019
3031
3319
3699
3282
379
79
71
1129
1140
478
79
1189
430
79
79
329
71
79
70
79
338
70
518
420
1188
347
387
330
1220
78
450
1180
410
79
410
410
71
79
79
1140
341
1269
79
2880
79
79
460
79
70
380
79
909
79
79
70
370
70
977
1880
79
659
330
79
1900
70
479
339
78
79
459
78
351
850
340
1190
390
1108
79
1420
3011
3109
1150
70
368
3391
400
716
3111
3040
1298
79
70
369
79
1274
71
390
1418
2701
79
339
3751
1731
79
1468
361
70
70
338
79
341
1190
370
70
79
388
332
70
79
329
1189
79
70
79
420
1231
348
68
1183
71
79
79
2161
71
380
1120
1456
499
421
1249
350
70
79
421
400
470
468
1840
70
810
380
1479
1191
79
359
330
370
610
1118
500
79
70
360
79
1250
330
350
69
1179
1111
4107
341
410
79
70
370
1771
1911
449
79
79
79
330
340
79
1160
1339
1218
390
355
79
79
389
79
331
331
728
79
71
1169
1240
2491
3041
79
2958
391
77
79
350
1158
1219
71
79
399
469
447
330
71
2882
3037
1880
330
438
70
390
3141
1880
71
369
1233
1170
330
1160
380
71
79
1171
401
3061
3031
1873
350
79
419
1730
339
470
330
439
359
79
3100
369
368
431
71
489
2831
2989
3040
2640
79
79
79
78
322
399
1101
329
1308
328
470
1180
350
418
329
360
74
340
1210
71
2492
468
419
330
79
70
1199
409
79
1160
1169
442
340
1660
79
1129
329
79
79
371
458
79
76
1111
350
1198
1149
79
2889
989
79
447
379
1270
1149
380
79
349
79
677
1902
330
528
3089
2909
880
70
1179
510
78
1970
79
328
79
400
70
1152
72
1200
331
981
392
350
68
1119
69
361
79
1291
1239
391
411
479
1111
79
360
79
79
79
479
370
419
1181
330
1192
69
79
1759
70
1109
1189
561
349
382
79
797
79
3088
469
78
79
1789
506
73
71
1138
1257
340
340
880
3329
600
70
79
79
391
79
437
4567
1820
79
430
79
371
79
340
439
1159
79
79
1286
440
3110
1172
1170
409
79
4398
2278
370
358
70
410
71
1357
1150
70
3840
400
1209
2018
79
640
1697
1117
4040
819
79
369
369
1611
79
69
420
2247
4280
332
351
1160
69
79
331
1172
79
411
389
1130
330
340
1928
70
79
79
1142
438
418
3070
338
4029
3089
79
1121
79
390
1210
328
79
1160
349
79
69
79
1173
399
79
79
79
1139
390
70
79
79
79
441
697
322
2472
79
351
379
79
70
79
70
79
71
79
338
79
419
71
79
430
409
1209
79
1828
341
360
341
79
2619
79
410
79
79
2999
1351
79
3109
650
608
348
508
1939
79
341
79
79
332
70
360
79
980
79
4090
420
330
380
350
1140
530
350
79
3067
332
79
79
402
1949
1070
79
518
1179
340
79
79
419
79
70
330
79
70
79
1230
330
329
350
3110
3036
79
70
70
1140
339
410
79
397
1300
358
71
79
468
79
2823
79
79
79
70
79
442
399
430
1190
379
1209
1240
79
79
361
79
329
3138
1821
71
669
79
455
330
1159
340
1130
458
3247
70
1501
79
1601
79
70
478
69
331
1210
1150
79
431
79
69
370
3099
1478
79
1190
331
688
1152
79
330
420
70
1162
79
1130
330
79
70
428
329
399
1162
469
79
1239
411
339
369
428
79
438
79
418
79
3159
3085
370
70
70
79
79
1239
420
350
1180
340
70
328
79
79
70
71
360
79
79
1192
709
69
448
70
79
354
79
77
349
1199
330
69
79
70
2370
869
381
401
79
339
429
327
330
389
79
389
79
421
1219
360
70
1137
410
351
428
348
431
953
1161
1211
79
4151
3041
560
329
418
361
330
1099
79
361
559
1102
79
1150
350
339
79
331
2678
427
459
609
330
2851
3018
1369
1119
79
1210
79
71
1231
349
70
3069
3038
1840
69
79
70
79
330
669
350
79
437
732
460
1192
379
1162
79
3039
1883
331
330
460
1219
330
587
69
520
3086
3031
3028
1199
1461
74
1109
560
1438
367
1160
330
360
419
330
1170
390
79
70
69
449
79
79
79
3091
1890
71
79
578
78
2328
549
79
340
1160
79
79
79
79
79
3330
610
380
330
1190
327
1182
412
79
350
530
3353
2381
69
79
380
331
79
3099
3019
2831
70
70
79
79
1148
610
411
368
360
79
349
3197
1749
1851
361
421
337
1180
390
338
1858
1160
591
71
831
529
71
79
79
361
1260
1770
79
378
458
2888
71
381
2248
79
3189
1830
71
353
1160
1150
79
417
79
79
79
79
79
361
79
79
79
1170
1120
1205
3360
3020
3057
350
1170
330
1180
1138
79
79
71
79
386
350
79
79
70
1979
370
77
1232
1160
422
79
79
550
356
1167
369
79
79
1187
79
479
1210
339
336
3160
341
371
330
1229
1812
2362
79
1141
350
350
79
1318
1201
1238
859
79
329
2309
341
1210
900
71
1199
481
330
341
400
79
3088
461
410
1141
349
457
370
458
477
1140
76
439
329
360
79
79
360
418
515
79
389
70
1279
1208
69
401
79
571
1169
341
458
769
1750
451
799
479
2718
79
70
1187
69
76
79
74
79
331
1190
640
70
79
429
1280
78
381
79
1040
79
79
79
70
1151
79
79
331
79
71
420
389
438
373
401
330
370
1200
3301
1378
371
71
79
79
340
79
71
3130
3039
1921
79
69
69
1160
439
381
79
329
71
391
1187
479
370
529
3127
1109
351
1222
387
420
341
329
1738
459
478
441
419
350
79
350
379
641
340
340
391
70
70
79
1140
79
409
71
70
70
341
379
69
369
1129
79
349
79
1099
74
450
360
330
79
399
69
374
2338
361
348
410
79
390
1508
79
428
349
380
79
1319
571
351
368
420
79
79
499
76
3170
79
70
1219
350
402
330
510
1129
79
79
3291
1537
1099
1539
390
69
79
698
1240
79
347
79
1299
1211
350
432
330
907
420
70
79
79
400
430
1159
79
337
379
450
78
70
379
360
1199
492
79
413
79
79
370
3027
370
79
1190
79
330
3105
3048
370
370
1301
1209
69
868
420
1228
70
1209
79
410
420
70
518