59.
71.
90.
109.
229.
95
55
50
50
50
231
58
260
58
51
58
231
270
58
230
58
239
263
251
50
51
50
56
251
241
50
241
57
58
280
51
58
230
251
50
50
50
58
230
51
301
230
370
269
231
249
240
240
260
250
231
241
58
249
50
291
58
238
279
257
240
286
259
241
271
58
230
480
239
261
250
291
58
239
250
239
239
249
261
230
58
250
230
269
50
230
261
231
250
249
239
230
50
230
231
260
230
260
230
400
280
58
230
239
238
230
281
232
230
244
231
247
230
290
240
230
230
237
251
250
230
57
267
259
241
241
240
50
242
239
230
239
279
280
239
251
270
51
240
230
251
260
249
240
50
321
250
292
269
50
239
58
240
239
58
239
240
359
239
231
270
261
238
231
238
279
230
240
260
249
239
242
230
260
238
240
249
241
250
240
269
240
239
50
300
230
249
311
249
310
280
230
50
230
269
301
239
250
58
230
240
231
280
250
280
289
320
269
261
269
240
241
280
281
240
261
240
269
271
240
259
281
280
230
230
250
249
51
259
269
250
258
230
279
290
261
240
240
241
279
240
239
319
250
58
267
230
250
279
280
50
58
250
239
232
260
253
291
239
58
230
230
239
230
250
58
230
58
261
322
250
298
299
262
251
269
231
249
309
252
259
230
231
260
261
239
58
289
239
271
251
250
250
240
240
250
280
231
259
230
328
242
291
280
272
360
270
231
279
251
230
241
258
230
270
251
230
269
240
239
50
50
230
230
531
249
231
271
50
249
280
240
289
250
231
239
308
288
269
281
531
251
302
259
230
260
440
240
260
240
281
260
240
351
230
230
290
260
231
240
240
240
250
248
258
250
230
239
259
281
239
239
249
267
301
251
250
240
261
231
269
250
260
230
240
259
270
246
249
50
261
281
269
239
230
291
249
50
231
239
50
239
261
282
288
260
230
249
249
309
240
251
272
277
231
231
50
230
230
281
251
259
291
270
291
249
289
239
259
240
249
270
58
239
351
270
279
249
319
259
249
231
240
240
270
240
321
269
280
300
259
230
270
260
51
260
231
297
242
58
249
281
258
51
240
260
241
259
272
52
442
281
269
271
259
230
241
280
269
280
50
230
251
259
332
301
249
240
289
230
270
269
230
231
270
241
261
260
319
230
250
58
271
310
262
368
240
270
290
260
250
239
270
250
230
260
259
250
259
230
1070
279
259
301
56
300
281
259
301
288
269
271
271
270
51
250
260
269
280
310
257
259
271
230
230
279
230
250
291
231
259
249
270
249
239
250
230
240
242
50
270
240
289
50
241
230
282
250
301
288
270
260
259
300
260
250
258
250
278
240
230
289
280
279
241
250
231
230
290
280
1068
231
297
269
230
250
269
231
398
259
240
250
58
239
330
230
288
230
251
58
239
260
250
250
240
249
280
50
50
1061
239
251
280
280
239
300
240
249
279
240
270
250
260
272
300
258
51
241
231
240
299
291
260
252
239
260
239
250
230
279
240
249
251
251
261
231
230
281
271
300
240
260
299
230
240
260
250
250
241
249
269
231
280
260
250
271
270
241
1095
50
258
240
251
249
231
269
240
230
270
250
282
239
250
289
240
250
268
259
258
309
260
259
262
230
251
249
307
231
260
250
240
50
58
232
250
270
280
261
50
279
279
249
240
247
50
259
250
260
237
279
239
58
231
269
260
269
288
269
258
251
259
282
239
58
240
58
319
250
249
50
259
250
249
239
51
240
260
230
239
231
250
240
300
51
231
272
251
270
238
1100
241
269
269
239
270
250
279
281
260
231
231
239
249
230
269
238
260
243
279
250
58
230
289
230
239
250
248
230
261
51
230
230
251
250
241
50
239
230
58
250
268
51
288
240
259
239
251
241
261
231
250
230
270
230
249
230
230
259
279
278
249
279
238
260
230
279
269
260
269
299
231
230
259
230
58
230
231
257
50
309
247
240
259
269
58
251
242
230
260
249
259
259
242
231
241
230
271
230
270
259
230
290
279
260
250
248
318
250
300
239
239
260
241
242
230
251
240
250
250
230
230
270
261
280
239
240
58
231
290
240
58
259
281
231
269
260
289
58
269
231
58
233
231
240
248
291
231
239
280
239
270
259
250
431
230
238
240
269
239
259
271
239
58
271
231
251
240
401
230
241
259
259
239
250
230
250
390
260
309
230
241
231
230
250
249
330
261
240
260
307
250
241
231
239
248
230
269
239
279
260
230
240
259
240
289
248
51
281
243
231
230
252
230
290
277
230
270
260
58
270
51
56
250
288
249
260
271
240
50
233
240
249
51
260
230
269
240
240
232
240
260
230
249
268
230
239
240
259
249
58
250
230
290
290
230
250
259
249
260
240
231
250
269
269
58
236
250
278
230
250
251
230
58
260
281
270
249
270
50
230
230
230
249
279
239
230
260
260
58
273
230
249
230
230
259
240
320
259
240
261
231
239
240
290
239
260
260
50
259
291
280
240
251
230
231
230
252
250
259
240
267
230
240
58
250
238
241
58
245
241
239
240
249
259
250
268
240
58
230
240
230
58
259
237
240
249
56
261
269
50
236
281
249
240
242
50
230
231
230
250
250
241
58
58
240
240
280
230
248
57
239
350
230
58
260
259
269
249
240
231
260
271
242
251
250
270
240
260
242
49
250
239
240
241
239
240
250
270
230
280
238
269
242
50
239
241
259
250
241
230
230
241
260
240
280
58
260
239
270
50
238
231
300
240
239
231
250
260
232
279
239
289
260
259
230
230
239
269
240
230
49
52
260
235
270
239
350
258
249
240
231
49
58
230
239
239
250
240
240
250
269
258
249
261
289
230
250
269
422
231
270
230
50
269
259
230
279
239
248
391
250
240
350
300
278
230
259
239
261
280
231
239
230
290
279
230
240
230
250
251
238
230
250
330
231
260
250
249
239
248
239
239
289
360
231
280
249
390
231
260
58
50
320
258
250
240
240
50
240
272
51
241
230
239
240
280
232
308
239
282
270
271
231
58
269
50
230
240
230
241
239
269
251
278
232
50
240
261
249
242
250
230
238
58
248
240
271
230
240
261
230
58
238
230
240
280
248
259
50
51
258
259
240
259
230
239
230
261
340
240
240
249
249
260
322
301
251
232
240
235
231
250
51
260
231
290
240
259
269
259
269
240
252
230
239
231
260
259
231
241
231
250
230
249
230
230
56
285
241
239
270
240
230
230
249
249
232
240
50
240
251
249
271
239
58
230
230
230
58
240
250
259
252
281
280
231
243
58
230
58
291
291
50
233
58
270
241
50
349
1150
260
50
230
58
1109
250
231
239
268
258
260
230
301
58
258
249
269
230
259
261
230
230
268
239
50
58
231
51
239
230
241
50
50
230
239
58
239
250
230
240
50
58
238
239
273
58
239
249
230
260
230
240
250
230
58
241
299
58
261
370
249
240
280
230
238
249
239
57
300
230
249
258
238
280
250
249
231
280
53
241
270
230
240
261
230
341
230
240
261
251
258
330
58
259
58
300
231
270
280
260
230
270
241
58
230
58
241
248
230
58
231
319
270
280
240
250
230
230
240
230
241
230
237
240
272
249
230
260
370
233
231
240
270
231
241
236
481
240
58
240
231
270
239
240
239
286
238
55
440
250
251
239
237
270
240
230
238
249
289
240
249
261
249
58
268
51
237
237
231
230
250
231
249
350
230
270
50
259
50
250
240
239
230
230
230
230
260
289
58
48
230
58
298
290
249
320
251
240
260
231
259
262
250
58
50
239
230
361
230
240
238
230
230
241
301
239
230
231
58
231
240
268
240
231
269
310
240
58
289
240
340
230
239
250
231
280
240
58
260
58
237
58
1122
241
230
230
241
249
58
58
58
259
260
321
239
240
280
249
239
269
395
231
250
233
50
237
239
349
240
240
239
241
241
260
231
250
230
241
51
299
58
241
50
250
267
1090
231
50
58
302
58
230
58
451
260
58
239
58
51
51
248
51
248
58
58
58
240
58
329
50
300
282
58
319
51
231
231
231
241
273
308
50
230
420
50
50
311
50
250
51
257
251
250
58
230
50
58
243
260
232
609
238
233
230
347
50
281
230
259
231
50
231
50
51
350
50
1130
58
58
250
240
240
58
230
51
259
230
58
249
51
58
239
240
249
281
271
291
230
58
58
51
239
50
230
280
58
319
58
231
289
291
50
58
280
51
289
279
270
58
292
50
50
50
230
241
58
309
58
279
259
241
58
230
262
58
58
58
231
58
240
271
58
58
250
232
58
58
58
50
58
50
240
250
260
279
250
58
259
58
250
58
50
251
349
58
312
280
250
260
231
283
300
233
260
240
231
280
282
51
236
51
58
58
230
268
240
230
233
58
250
242
241
241
262
260
58
330
280
271
241
320
269
58
248
241
58
252
271
251
58
230
269
320
230
58
241
280
50
284
250
270
310
50
51
58
230
47
58
50
242
278
58
239
238
58
250
261
292
50
58
58
260
239
259
58
352
51
311
260
238
230
50
230
57
47
50
58
300
249
50
239
50
239
300
230
340
50
50
250
279
51
49
50
51
329
241
232
58
51
260
50
53
241
240
230
250
51
280
291
251
231
50
295
345
250
51
230
330
240
240
249
58
239
230
244
241
340
58
231
320
58
251
249
50
250
261
250
230
251
251
340
279
248
230
237
230
250
259
230
250
250
231
58
279
240
58
258
239
240
259
310
250
57
258
239
231
231
249
230
239
239
269
249
49
280
50
320
241
250
240
241
270
270
251
239
249
240
239
251
240
238
249
250
250
239
263
260
241
240
251
299
240
351
629
291
231
240
58
239
279
269
250
270
290
230
269
259
51
259
248
309
250
239
230
58
50
240
270
289
259
250
260
250
250
258
239
250
239
261
1140
240
250
240
290
230
240
271
231
281
259
240
269
300
269
240
230
280
230
240
260
258
239
239
293
279
260
340
260
288
250
249
240
259
241
249
269
240
241
261
290
260
230
239
259
260
260
248
270
259
249
240
239
260
251
279
250
248
270
49
231
249
239
58
280
240
240
250
240
241
281
350
240
269
279
271
259
248
301
270
250
279
269
1142
280
241
230
270
240
259
241
239
281
230
271
404
279
270
58
281
340
319
319
309
340
239
240
410
292
249
250
250
320
250
260
279
240
249
270
310
239
272
300
240
240
230
271
279
50
240
310
58
280
301
401
290
230
290
320
280
230
269
250
300
240
259
290
270
239
270
309
271
319
291
270
270
259
230
281
260
311
260
250
260
260
270
280
261
459
250
261
339
239
320
311
240
291
241
299
240
252
238
271
230
259
271
250
298
281
280
260
58
261
280
320
310
231
271
248
268
290
289
249
268
290
260
260
331
279
230
279
290
270
240
271
320
260
268
58
280
279
281
260
249
280
249
281
320
310
269
250
270
259
258
240
232
299
239
270
340
232
269
290
58
1120
270
251
240
290
250
260
267
299
279
392
250
57
260
230
290
250
232
251
230
290
303
58
251
271
281
260
340
311
281
58
319
240
309
290
300
231
280
309
251
270
271
251
270
281
259
272
260
242
250
230
279
230
270
240
301
239
250
259
230
330
310
259
230
241
319
290
248
241
250
58
50
261
233
310
58
277
51
230
260
270
280
251
291
290
270
231
260
261
260
299
259
240
240
310
251
260
270
250
231
280
233
290
267
231
261
310
230
232
230
269
239
269
259
240
250
249
261
250
269
270
259
251
300
260
270
230
230
269
279
261
254
231
270
271
239
50
260
289
250
239
250
58
250
259
58
280
300
269
280
270
261
230
280
249
321
300
280
268
279
251
240
231
249
241
240
230
280
269
260
239
300
252
290
239
310
270
270
281
280
269
250
231
261
280
241
231
250
49
241
280
250
290
280
58
260
310
289
299
310
279
260
260
230
269
290
330
240
241
319
260
260
260
271
260
240
300
280
310
280
51
278
249
288
271
277
280
250
288
251
280
231
281
239
280
250
280
310
241
260
250
251
250
231
291
269
265
269
58
231
340
278
250
250
231
249
230
311
320
319
270
270
233
250
250
260
309
250
260
280
260
300
259
259
58
230
230
251
251
241
230
271
410
278
270
230
231
230
260
240
249
249
289
239
250
58
261
320
230
260
339
249
280
270
58
251
291
280
230
250
261
310
291
58
268
278
270
280
271
260
321
260
280
290
260
300
271
289
311
230
329
259
240
230
291
241
269
240
271
300
310
249
289
300
277
283
250
269
250
239
290
269
329
241
261
239
270
279
270
250
240
260
259
250
340
299
50
288
311
289
248
259
250
258
260
58
50
260
259
240
250
269
249
241
291
260
269
261
237
279
249
258
271
239
240
270
58
58
250
240
269
270
250
290
262
259
249
250
291
250
250
240
251
259
251
241
250
260
239
289
231
1060
230
300
273
241
241
251
240
280
58
259
239
269
249
249
240
280
290
270
230
231
301
260
291
231
250
269
239
271
249
249
241
250
281
261
51
1100
230
259
310
231
290
230
290
269
269
291
251
260
280
280
250
259
329
300
260
289
269
281
248
260
259
240
271
261
270
231
251
309
270
299
261
310
279
249
280
240
251
259
259
269
241
231
250
279
249
280
250
299
260
289
240
338
249
260
280
230
259
251
249
239
259
251
260
250
250
260
281
230
281
261
259
240
250
250
271
280
309
58
290
249
280
260
239
330
260
230
489
290
260
291
286
230
51
261
230
240
232
241
289
251
260
260
232
241
240
258
250
281
279
249
280
58
311
231
230
260
260
259
241
261
249
239
260
281
58
260
280
58
291
250
240
250
260
319
269
251
260
270
330
300
250
250
241
289
240
289
250
230
240
231
280
237
270
50
230
251
251
252
260
248
289
239
290
241
271
285
260
231
331
240
279
56
248
271
270
240
250
319
289
230
239
240
250
259
240
400
287
230
257
240
271
230
240
270
270
239
251
249
310
251
269
281
270
321
250
280
1050
230
258
280
240
259
1158
280
239
240
310
269
239
249
240
258
231
239
241
269
265
260
266
250
240
251
240
1140
269
270
299
240
289
250
260
290
271
50
250
251
240
351
240
231
58
249
259
230
230
238
251
282
249
260
299
261
49
269
230
230
230
240
230
240
230
240
250
290
231
230
240
269
248
230
249
250
260
261
260
286
271
240
260
230
230
230
230
270
285
239
251
279
263
239
239
260
261
300
51
260
249
251
230
260
260
240
259
231
58
230
250
238
270
269
289
230
230
240
281
271
269
237
258
240
260
260
240
249
240
259
237
230
250
230
239
240
259
231
280
250
240
241
251
261
241
250
239
240
240
271
270
280
270
259
251
261
250
270
289
250
249
260
240
268
281
299
360
289
241
51
230
251
240
230
250
230
239
240
58
242
280
391
290
271
239
260
58
291
270
260
259
241
250
280
276
230
238
267
270
58
230
240
270
230
260
259
309
241
250
240
240
270
238
290
259
270
269
240
231
231
230
300
301
230
240
230
259
259
240
240
260
260
231
281
250
252
250
260
240
268
240
290
351
279
58
259
280
261
240
257
269
241
290
260
48
281
251
260
250
230
249
249
50
231
241
280
299
230
249
260
50
58
259
260
230
230
261
230
231
239
280
239
270
270
269
239
239
250
240
231
250
58
251
279
230
250
230
231
230
238
260
240
290
50
230
230
249
250
239
269
270
240
230
290
380
277
278
239
285
260
230
241
230
300
58
239
309
290
250
231
240
231
50
249
250
240
230
260
58
251
281
230
251
269
58
349
231
51
249
301
250
240
261
51
231
230
250
250
50
259
240
230
250
270
263
279
239
239
231
231
290
291
259
241
241
307
260
249
239
250
240
240
261
270
260
230
240
230
230
250
230
240
259
230
241
240
330
239
230
58
231
240
230
231
240
230
249
261
269
278
269
239
239
241
231
251
58
240
250
240
250
299
249
249
250
240
287
230
230
279
268
310
231
261
237
231
351
260
230
240
230
251
230
230
291
231
261
233
291
301
269
239
239
320
300
240
290
249
299
260
246
230
251
250
240
250
249
231
269
250
252
240
260
270
269
230
240
230
300
270
230
250
239
50
249
250
261
260
241
291
260
230
250
269
230
279
278
250
239
249
240
240
314
231
230
231
260
249
339
58
240
250
58
240
231
58
58
58
250
232
260
239
230
239
240
250
250
250
231
270
291
231
279
251
240
240
270
240
249
230
240
279
280
312
251
239
230
230
259
259
240
311
231
289
271
230
339
239
271
260
300
260
231
239
249
251
240
58
230
230
260
261
231
279
290
230
251
271
231
50
238
249
235
250
252
239
241
239
288
260
231
251
271
319
270
238
58
230
231
281
240
230
230
250
270
249
239
249
230
240
250
50
240
260
248
230
250
230
240
259
249
230
50
291
240
58
230
320
230
290
281
249
230
240
249
50
230
248
250
58
410
58
251
260
230
240
290
300
250
240
240
260
231
231
269
339
249
260
231
240
240
55
232
240
230
259
230
230
230
240
271
230
249
280
239
58
241
231
260
260
238
239
231
230
239
260
230
260
251
230
299
320
239
230
251
250
261
250
250
257
240
58
261
280
289
300
51
240
243
230
302
249
230
259
241
231
253
369
230
231
241
258
251
260
230
240
240
240
58
231
261
240
260
230
242
239
259
51
230
281
250
241
240
258
239
241
240
268
240
230
260
236
290
280
231
260
230
311
58
269
289
280
290
230
240
230
240
261
1130
241
241
240
268
460
230
260
230
58
230
259
341
230
240
58
231
241
241
250
230
281
240
230
230
260
250
230
260
260
301
241
53
258
265
251
239
230
231
231
271
269
260
230
230
58
240
280
58
249
311
230
230
230
240
230
230
250
239
230
239
239
249
250
230
259
271
247
260
291
330
267
250
239
230
231
58
260
350
279
230
248
230
249
239
58
350
249
250
280
239
241
230
250
240
269
231
238
230
239
230
263
238
351
230
50
230
231
58
230
291
58
57
251
270
239
270
241
250
249
250
260
230
239
231
240
250
240
239
231
230
280
260
239
250
260
230
239
231
240
269
238
230
254
280
58
238
240
51
1188
240
232
249
278
239
269
259
271
330
58
250
251
250
259
279
235
259
240
252
259
270
230
309
270
290
58
49
230
230
299
239
230
230
58
230
241
320
249
50
240
260
251
350
230
240
231
230
58
423
289
269
238
56
230
262
231
230
239
240
50
51
251
260
237
289
371
269
239
320
231
241
231
248
259
272
230
248
230
241
259
58
230
230
230
58
241
270
259
58
244
240
50
349
301
238
58
280
240
230
241
1121
230
57
50
50
58
58
239
290
242
50
58
50
240
230
309
290
269
230
51
240
232
310
230
230
339
309
50
250
260
231
249
230
259
50
58
230
310
230
56
290
49
251
242
58
230
241
240
338
58
238
239
260
288
58
251
300
230
230
258
58
230
58
240
51
230
250
242
411
259
239
249
340
58
58
340
291
280
270
280
230
261
58
239
241
58
49
249
231
256
279
58
239
58
291
231
58
230
292
280
50
249
367
58
240
50
281
239
250
340
269
231
58
250
261
270
58
231
270
58
243
299
241
253
230
304
291
268
248
288
289
239
290
260
231
231
239
251
289
58
399
280
241
350
259
300
309
259
400
249
251
320
279
250
258
230
242
58
58
271
250
240
240
259
230
246
339
269
318
240
259
260
439
239
239
58
239
50
240
57
270
50
390
240
279
231
300
260
300
251
234
272
231
270
261
269
58
249
230
230
236
232
247
58
236
241
58
252
320