80.
118.
137.
159.
700.
154
79
70
79
79
79
70
79
79
69
1189
79
70
79
79
79
1121
1131
69
79
79
79
79
79
71
1160
1549
79
79
79
71
79
79
79
79
79
70
79
79
68
70
79
71
70
79
79
79
70
70
79
71
79
79
79
70
79
79
79
79
79
79
70
79
79
79
79
79
69
79
79
79
79
79
79
79
79
70
79
79
79
79
70
70
79
79
79
79
79
70
71
79
79
79
1620
79
79
70
71
79
79
79
79
1330
79
70
79
79
79
70
79
1468
728
79
79
70
1380
79
79
79
79
69
79
71
710
1150
79
79
79
79
3500
79
70
79
879
741
79
1391
720
4829
1540
1477
1290
79
70
749
749
1230
758
770
719
79
808
79
758
79
1480
70
70
79
79
711
720
740
750
70
79
79
2362
4040
69
2682
1751
1821
79
739
711
702
79
1679
1220
750
702
1161
749
790
710
748
69
758
79
720
3812
3019
719
1510
79
770
79
739
79
1421
79
79
711
2241
1649
730
791
748
1627
1559
761
721
79
750
760
760
1170
79
1519
718
740
1310
870
79
70
79
1351
731
712
1210
730
6190
731
708
79
740
740
730
711
780
750
721
2731
4147
3841
3300
732
1059
79
713
1470
971
890
760
860
732
1009
79
1119
1170
780
791
710
78
70
1402
79
719
800
729
79
2970
901
751
79
810
720
79
1148
730
1612
791
751
79
2988
3020
729
769
2348
2132
709
3499
3021
3030
2540
758
70
749
71
779
1481
1689
759
70
731
79
860
761
719
740
730
740
789
771
729
788
1510
2109
740
79
1230
1699
79
839
70
1010
79
1821
1530
79
799
751
720
71
79
870
78
840
79
1631
79
739
710
711
739
2010
79
1530
79
79
837
701
769
730
799
760
79
760
737
761
789
841
709
1541
749
79
3509
1601
75
79
79
79
841
79
70
810
79
762
1279
79
851
79
71
710
79
79
780
79
79
2249
1210
749
79
1279
79
859
799
800
880
78
790
79
1641
78
79
761
779
70
721
1601
79
721
871
79
1142
79
79
730
701
1569
740
733
1659
3860
760
79
79
759
1629
79
1009
70
79
708
79
738
719
79
71
1829
901
79
1247
1690
79
740
70
70
751
909
770
817
949
1138
71
79
79
2390
3030
3021
3019
3019
3020
3711
2990
3052
3030
3021
3020
3020
3020
3030
969
747
79
758
79
830
1479
750
710
1803
1620
769
1559
1609
2302
3030
869
782
729
79
737
1092
821
1531
79
79
794
79
981
1011
79
1629
711
79
79
1010
1009
79
79
70
750
71
1690
79
1599
70
79
79
1010
748
79
931
1729
701
71
1649
1590
79
709
1610
79
760
79
750
901
79
761
79
701
999
1580
1050
821
719
79
79
719
79
79
752
1321
1020
710
739
797
940
720
1710
910
1069
79
720
1661
1641
79
1610
1021
718
1621
720
1570
1670
780
1033
1692
830
79
79
730
70
3870
779
78
819
1750
1631
79
760
71
972
79
980
79
941
79
76
739
720
740
69
701
79
1059
1069
701
713
701
79
741
79
79
720
79
750
76
1057
701
810
71
79
1649
810
79
721
809
79
1030
1001
1341
79
729
79
781
79
79
79
721
1592
709
709
729
1752
738
79
1819
701
79
910
751
716
3280
70
971
738
79
79
69
712
79
79
961
1110
79
79
970
79
777
740
1200
70
719
1583
79
780
728
710
1011
79
721
1040
1750
79
2332
79
1139
1629
820
4040
79
1434
769
79
1089
800
806
79
769
747
79
1620
79
732
79
980
70
1130
79
79
1090
77
989
1709
748
1569
1631
731
79
1771
991
1026
771
79
978
721
71
1610
70
70
2071
740
712
970
79
79
79
1750
79
1369
990
4321
1559
70
732
78
71
851
71
790
79
3281
78
79
711
710
3909
3031
3020
3020
2550
1748
740
902
70
731
861
760
869
789
79
1469
941
720
79
940
70
79
828
758
1661
711
819
70
831
779
79
711
79
710
771
980
739
76
841
718
79
871
760
79
79
1700
78
709
71
1627
70
820
733
79
1660
761
1009
79
1730
1340
713
1609
79
79
957
71
70
3970
3801
3020
3020
3020
2750
740
79
748
749
1019
1651
70
770
798
720
69
713
79
750
831
701
79
738
70
730
79
70
1030
79
1051
722
709
789
79
79
2360
750
1602
737
1588
710
1649
79
711
79
706
731
70
1611
79
758
719
788
79
840
720
3749
2919
3020
3020
2719
731
79
3840
2740
79
720
879
79
1672
781
79
70
1672
79
733
701
79
79
720
1729
760
79
782
839
750
712
931
3049
71
711
79
721
79
79
1610
740
1581
79
710
1441
79
79
79
770
721
1030
79
2501
3030
3020
3021
3020
3020
3030
3031
1740
71
731
751
79
800
1619
712
79
1640
79
1590
750
859
1058
1600
778
1679
71
740
1632
752
1570
70
729
1029
738
750
79
731
1059
79
701
79
1208
719
4091
800
79
922
3028
2301
799
750
708
701
2991
729
79
1610
960
79
2781
1927
1452
1050
3060
711
1061
831
79
1379
1015
6688
1640
988
1160
1578
3990
1109
961
839
69
3710
828
79
79
1052
1792
1099
79
1011
1538
710
3412
1250
79
981
1830
720
980
960
70
1392
79
1660
79
747
70
838
1570
730
750
751
1611
718
79
729
79
1659
79
1011
990
69
3490
3020
798
709
70
850
980
740
79
1650
888
701
1621
728
720
1610
740
1552
79
79
1019
70
789
770
78
711
1680
71
79
79
1580
1116
79
79
799
70
748
79
79
1680
72
816
70
757
1678
70
79
79
720
69
812
1750
781
70
783
1681
1639
1610
798
70
1649
1629
790
712
1491
710
714
710
738
79
1020
2043
775
1641
841
1749
1621
79
1009
2521
760
79
70
1710
79
748
861
79
799
1620
79
782
704
79
1040
940
789
1679
750
720
1610
732
1669
749
990
1580
70
79
1719
730
820
939
799
1530
79
79
829
721
3110
79
1382
79
1621
709
1301
70
1098
79
780
1610
79
3821
800
730
869
720
979
70
1629
729
1560
79
849
79
710
70
79
702
1720
1660
79
859
780
79
79
79
800
741
717
79
710
79
1640
737
79
1640
79
1000
79
78
79
1608
3770
3029
1389
708
71
79
1648
1019
69
1569
918
1611
78
790
1058
1638
1500
4422
1221
79
998
70
838
860
719
1558
1250
79
938
79
1961
70
750
70
79
1611
71
79
70
1718
71
79
71
1079
738
79
1697
740
79
723
79
721
976
71
760
760
1050
70
780
1561
781
70
2351
3011
3020
3020
3031
3020
997
859
79
1019
720
79
71
751
710
1579
79
69
69
752
1571
726
770
741
2259
3020
3019
3330
3849
3321
3330
2590
71
1020
729
79
721
71
750
79
1300
730
1592
1710
1390
891
79
78
728
1709
79
71
71
730
78
708
1681
2400
1878
851
1219
71
731
909
71
748
719
70
1559
79
760
1600
69
79
78
1671
79
70
760
809
79
1610
800
79
79
1753
1031
729
1701
1639
79
1671
829
1709
2021
1620
70
1028
79
769
1550
758
742
1050
79
79
1619
873
70
79
819
710
69
710
721
1620
79
720
809
79
722
70
1689
739
71
70
79
1596
69
779
971
79
1750
729
1600
800
799
742
1449
849
79
79
869
730
730
79
70
710
79
709
70
2038
79
70
742
891
70
711
1640
819
71
710
750
738
1179
750
749
2040
79
880
708
79
855
739
800
770
720
838
701
732
712
762
1560
831
1639
69
840
79
79
722
79
79
921
729
808
70
778
1579
1071
769
79
749
808
790
740
729
79
1568
1521
79
1022
759
799
759
79
79
970
1071
721
798
79
830
800
79
830
1520
1611
79
729
78
1680
79
809
70
701
79
757
79
831
79
1029
2069
1568
1020
951
1719
747
740
79
779
79
760
1681
79
770
79
1641
79
1791
711
791
79
751
79
740
709
2189
750
79
1220
1570
79
1271
71
1590
789
3581
705
719
79
839
1549
79
1580
780
1728
819
1580
1031
79
79
79
1610
1280
70
79
79
78
79
754
704
799
770
79
830
740
827
798
757
69
79
899
71
79
751
718
750
78
1150
769
790
70
769
759
1649
71
800
70
79
880
79
4667
701
79
770
1539
3681
3121
79
1240
79
1048
79
755
1560
1600
79
779
79
79
1019
1320
828
950
760
789
79
703
71
719
1641
79
840
790
701
724
729
1223
69
1171
739
1010
70
69
760
829
79
79
789
800
79
70
780
750
1609
829
801
79
820
710
750
71
78
1510
729
1460
980
79
714
79
721
79
1552
69
741
2451
800
79
1681
79
768
79
79
79
754
799
2121
3031
3319
3039
770
79
840
79
819
800
761
790
71
709
809
79
760
830
790
739
701
79
799
781
750
780
3408
79
940
757
79
708
79
860
789
2300
722
1471
760
969
79
777
790
3750
1830
809
79
79
789
1670
899
760
79
709
800
800
821
748
819
751
961
720
888
79
709
70
78
1209
960
1721
70
769
1279
79
880
79
3641
739
1511
721
79
1540
750
79
3812
79
830
729
728
70
1557
1561
1589
79
720
79
758
1579
79
778
810
2290
2061
79
71
79
1651
3840
3020
3031
919
710
850
770
79
69
710
79
780
79
1619
79
79
869
79
1658
79
719
710
750
720
79
750
869
1021
729
1618
70
728
1718
722
79
850
725
769
726
79
79
760
79
79
780
911
758
2541
3019
909
75
1552
808
758
3690
3020
3030
1569
1580
1648
720
707
776
809
79
79
79
1469
1621
791
720
731
1652
1581
841
790
1610
1438
781
79
2190
829
839
79
1510
79
79
79
761
69
779
79
79
79
1551
729
4512
1719
1332
79
1530
70
2060
79
801
79
1071
747
79
741
79
780
1230
79
79
789
2159
1648
79
1560
888
2282
3020
860
821
840
1880
1660
739
759
760
79
79
829
79
759
1555
71
720
760
79
741
2248
71
70
79
3661
3030
3021
3019
2082
856
799
778
70
709
709
710
79
1631
719
79
79
800
780
1569
787
799
69
1620
79
820
1737
770
1019
79
837
70
724
79
759
70
1610
71
71
776
1521
810
1550
750
701
770
70
760
1200
70
778
71
71
818
3951
2279
3020
3020
3019
3131
3019
3330
1600
741
818
1570
3860
3019
3021
3030
3320
3030
1421
800
809
839
790
79
759
79
771
1570
769
701
730
1477
701
740
788
1547
1581
79
842
3840
3220
3020
820
770
69
780
1470
79
711
869
759
711
861
778
70
1440
1622
830
79
79
770
79
3830
2749
827
728
1680
79
770
772
79
751
817
79
79
811
79
708
749
71
71
790
1650
79
1570
1650
71
830
71
740
1690
79
1600
721
711
751
1631
739
763
730
1660
760
790
950
79
759
760
1430
2272
3442
768
1339
79
745
71
1698
1600
718
3710
780
778
1500
1480
740
800
79
759
832
710
3839
1860
719
1641
868
1573
70
820
770
1680
79
1190
3339
761
1091
2291
841
771
2651
4811
3529
734
779
70
831
1579
1550
79
841
789
789
1602
711
1150
839
1471
78
741
750
71
79
1551
79
3801
790
1520
780
79
760
729
78
829
79
1630
721
79
79
759
79
1617
1539
1411
798
79
79
760
776
79
761
740
780
769
79
1950
748
710
823
1480
779
79
70
908
1229
739
779
79
719
1631
800
720
769
820
719
79
2679
752
1169
719
789
79
849
79
840
751
1598
79
79
71
741
929
79
79
749
756
750
79
721
71
799
792
710
800
711
79
739
819
747
79
760
737
739
1651
79
709
800
79
839
869
746
780
79
1559
749
779
70
720
79
817
1920
800
71
710
780
71
876
751
758
79
1090
809
70
69
761
79
79
729
710
971
1111
1308
992
778
790
79
2440
79
1541
71
3450
767
79
801
1639
711
722
79
860
741
736
79
800
1520
788
79
761
70
711
79
715
701
70
728
69
860
71
801
779
70
770
780
1451
79
731
750
759
1569
79
791
79
749
725
759
811
791
79
780
79
1520
1520
3880
1210
751
71
740
751
800
789
749
79
79
79
1556
69
79
719
740
79
1660
1831
750
701
79
801
800
70
778
79
720
70
779
739
70
710
722
1188
79
79
1580
79
79
71
740
737
1698
808
70
79
729
79
709
70
1521
79
751
79
786
71
771
750
79
728
79
1660
750
720
1582
79
1600
790
799
770
704
69
1588
79
739
818
781
760
780
751
728
79
709
761
1719
809
1539
1662
779
1560
829
71
79
821
780
1810
79
79
720
889
1710
826
1181
79
1520
732
79
769
730
1609
79
3420
1109
79
1150
752
790
711
827
761
798
79
701
79
79
768
720
709
79
79
710
760
722
750
731
79
800
76
79
710
771
79
1840
79
783
1170
730
730
79
770
710
1679
740
741
79
2290
750
791
769
1580
730
791
740
79
1538
79
790
742
736
1670
79
760
1479
711
71
792
79
70
741
79
3781
3010
3069
771
748
798
1619
710
730
827
79
760
70
79
3819
768
739
728
1790
79
748
79
79
765
79
70
753
759
711
720
768
728
911
759
702
778
79
759
70
2570
708
750
759
759
718
79
731
801
720
771
788
761
1490
779
762
741
79
751
79
79
769
729
780
79
799
1378
79
730
710
739
1628
1709
70
719
770
732
769
731
720
781
79
800
741
750
761
760
1609
79
1559
79
79
730
79
708
71
709
809
749
720
710
760
737
3701
1490
79
769
760
79
79
840
79
761
79
79
820
1220
708
759
79
741
1349
1029
730
2712
1119
1669
1679
747
79
730
809
750
749
818
79
721
711
2060
79
79
760
760
1530
79
742
730
771
758
730
829
1149
740
827
1620
79
2351
730
79
780
79
759
79
721
3781
1869
79
70
734
771
791
781
1669
1479
79
779
798
79
899
79
1660
740
770
708
1900
79
711
710
72
750
760
79
2300
3049
709
730
79
838
760
799
829
729
1620
70
810
719
79
79
782
780
709
779
729
840
79
1459
1291
730
748
1610
770
1630
841
721
719
810
800
79
760
2431
759
751
789
79
3740
769
730
840
79
739
1598
810
730
79
719
79
713
758
1951
703
731
710
750
769
79
70
820
759
721
79
789
1403
729
79
79
740
738
1607
719
79
730
710
738
837
715
740
720
79
720
770
79
79
79
871
702
780
2790
2190
725
807
751
1540
799
79
710
800
1630
1190
870
70
3491
711
720
1301
3259
791
79
1160
750
79
1640
780
79
1380
71
79
750
79
79
701
760
772
739
770
79
810
750
799
710
759
757
1420
2232
2327
720
1470
709
790
763
741
769
71