48
69.
80.
99.
160.
84
171
170
168
169
209
280
249
310
171
180
179
161
173
170
170
161
208
199
229
169
179
170
169
179
169
190
163
179
167
190
171
180
199
179
162
170
169
189
162
190
190
170
180
180
170
239
229
220
201
270
168
260
230
170
169
181
170
200
169
170
161
170
190
170
190
188
199
210
179
168
170
200
170
170
161
179
179
161
188
179
179
199
179
170
169
171
181
189
171
161
180
170
161
161
171
170
170
180
161
187
171
170
170
170
229
299
240
180
209
161
170
180
177
169
180
170
210
169
169
185
190
209
170
168
161
170
170
180
211
170
213
189
171
189
190
200
201
179
168
161
167
170
199
169
180
161
170
180
171
179
170
201
161
199
390
161
181
179
199
169
180
169
169
190
218
200
177
170
188
161
169
179
190
171
171
169
170
168
161
180
180
189
169
169
177
179
169
169
180
179
170
161
179
169
189
180
340
389
330
210
329
169
169
180
170
169
170
161
199
161
170
180
188
170
190
179
179
180
169
171
207
168
161
161
180
188
171
179
170
208
170
170
188
181
198
170
169
196
161
218
181
180
208
180
170
168
170
171
170
169
178
189
190
170
170
170
169
170
170
179
170
180
170
169
209
161
180
409
162
288
230
210
278
199
168
170
180
162
208
170
169
230
170
161
357
299
162
169
171
179
169
170
230
239
181
300
170
161
170
179
188
188
179
169
169
199
190
179
169
168
169
181
170
270
249
169
349
320
259
171
167
180
161
170
170
179
199
170
177
170
169
169
161
171
180
170
180
180
170
180
230
330
189
170
170
169
169
170
167
161
209
187
202
171
170
179
180
161
170
170
209
170
290
230
260
370
161
169
161
170
169
181
207
170
169
191
169
161
169
180
170
188
161
170
170
439
329
190
180
197
200
173
188
221
170
171
179
170
178
188
169
239
311
232
171
169
241
179
170
169
168
161
170
219
161
269
280
181
161
169
180
210
180
369
210
170
298
249
190
164
180
180
231
220
180
230
169
190
180
190
169
169
170
161
171
169
212
170
279
180
180
178
170
198
169
200
270
209
170
179
164
168
179
169
161
166
179
180
200
180
169
190
169
180
169
161
199
270
228
321
329
199
169
169
179
209
161
171
170
189
169
189
179
178
168
189
180
170
171
180
161
180
180
171
170
169
180
180
199
161
188
170
170
180
170
178
170
190
169
200
180
161
170
180
179
169
210
171
171
168
180
161
179
169
170
171
171
161
180
199
179
169
170
290
181
329
161
172
161
179
170
219
189
169
180
193
180
170
190
190
161
179
169
171
171
178
171
191
180
200
169
180
170
161
180
170
169
170
170
179
179
199
171
168
191
200
189
199
251
279
210
170
169
200
189
169
198
178
190
170
189
191
170
180
169
170
169
189
170
170
170
170
176
189
171
170
169
169
161
179
169
171
171
169
180
161
170
171
171
170
250
229
200
350
220
169
189
171
169
169
180
180
190
169
170
190
207
169
168
179
170
169
170
179
171
169
169
166
188
219
359
189
189
180
179
177
171
169
172
189
170
190
200
198
178
180
169
169
170
170
179
170
170
167
231
378
334
166
169
170
170
180
179
189
169
161
161
190
170
169
169
240
451
269
170
172
180
170
191
177
200
179
361
320
220
180
180
170
169
170
179
170
171
179
199
176
161
169
180
188
161
162
169
169
197
167
179
198
260
288
201
168
170
180
171
161
171
161
169
190
199
170
161
207
178
168
170
167
169
180
270
401
169
180
181
170
161
169
180
225
179
198
170
189
180
170
168
169
170
161
191
388
170
170
167
170
240
350
170
171
164
170
188
169
210
220
170
169
169
178
180
169
179
178
210
200
278
170
170
170
170