30
101.
110.
120.
181.
112
1090
230
235
210
217
190
239
263
220
300
211
200
211
229
271
198
222
268
210
196
241
340
230
182
470
220
190
220
189
190
183
1101
240
200
198
190
189
207
229
231
318
379
572
472
209
189
200
184
190
200
189
219
190
188
322
371
320
190
190
257
189
459
190
1120
221
380
392
183
239
215
201
190
190
206
259
190
190
220
272
189
182
201
199
189
220
240
189
189
220
191
260
589
361
360
221
189
218
220
189
191
190
191
217
190
301
188
222
247
190
521
188
190
201
191
401
221
200
190
190
279
200
229
389
201
191
193
198
198
210
289
200
209
260
280
191
189
222
199
194
311
352
189
262
191
211
191
201
280
240
323
350
201
187
200
184
191
183
192
190
201
191
242
270
271
581
259
1521
191
190
182
189
271
188
231
209
254
272
391
541
231
211
209
370
1131
250
235
264
182
198
191
183
199
225
188
189
198
1170
211
241
266
413
329
189
210
198
230
210
332
339
200
359
191
189
204
190
281
189
559
199
187
211
190
193
190
273
202
233
261
350
261
669
531
361
190
199
191
211
210
229
271
190
281
339
217
210
191
195
191
186
193
209
200
188
762
378
190
302
210
221
220
189
231
182
213
190
220
210
189
191
202
223
192
391
390
583
320
350
310
200
199
201
190
191
239
198
201
291
269
347
313
211
281
271
210
1600
200
239
189
512
212
194
273
211
223
190
211
200
201
243
260
199
200
231
328
221
201
189
191
230
182
182
182
312
230
240
252
280
341
182
201
203
209
251
192
262
309
300
280
200
219
242
278
200
191
191
201
230
220
237
233
336
190
231
191
221
186
234
192
182
331
200
253
331
241
311
211
200
1101
301
300
279
215
241
201
250
192
182
190
188
272
189
192
199
191
240
188
199
199
252
201
229
218
229
230
249
230
220
258
742
218
231
271
219
188
201
210
191
211
182
211
308
220
211
223
271
252
407
321
259
190
229
183
340
200
191
190
250
261
213
221
230
210
262
1192
212
300
190
282
190
191
182
200
260
191
748
239
350
313
360
339
192
189
182
252
229
234
198
210
260
291
289
300
192
269
228
350
213
231
242
582
270
212
228
190
189
201
182
182
207
190