30
101.
128.
149.
221.
127
239
248
351
381
338
479
223
300
262
278
230
229
228
230
241
230
249
259
1291
260
351
612
279
349
233
249
229
230
226
229
228
241
283
300
230
302
280
280
231
229
250
229
290
239
239
548
360
270
403
273
228
250
261
249
233
341
300
230
382
1090
248
348
336
461
690
251
260
239
229
260
228
270
259
349
362
470
481
233
228
361
389
321
231
330
231
232
238
362
321
248
271
261
280
419
440
260
330
228
459
371
350
530
233
249
262
1081
222
259
242
270
258
342
239
370
360
230
248
222
391
430
230
259
249
390
731
310
230
231
239
238
1138
350
390
230
718
331
329
328
307
229
230
229
350
239
268
231
258
521
230
370
341
309
230
260
322
340
240
310
247
233
350
269
240
229
240
341
311
222
268
239
255
260
260
259
1097
236
370
319
250
309
280
280
333
281
600
250
289
317
241
724
361
260
320
222
269
249
600
352
1180
239
350
271
389
245
289
320
1160
360
241
261
328
330
319
252
238
600
230
248
411
261
327
230
240
550
549
370
301
250
230
239
277
261
252
360
331
300
340
310
309
330
241
409
290
229
229
271
370
340
227
360
409
410
310
319
340
230
262
510
239
240
352
361
400
258
270
280
291
241
361
290
250
350
291
222
269
241
300
239
389
360
1159
320
239
251
291
311
289
290
338
259
370
249
251
228
260
311
240
230
240
331
230
378
241
273
1061
360
271
230
370
391
291
311
259
350
410
239
239
244
300
440
1081
224
252
230
230
432
230
632
239
1091
224
320
400
359
363
341
290
450
228
229
228
394
370
231
250
1109
248
330
630
379
288
319
278
351
320
229
222
222
239
259
233
360
310
610
1120
229
270
418
290
350
230
363
353
229
249
451
239
229
259
238
350
226
298
260
299
271
371
299
291
230
1129
229
249
230
310
1240
241
240
314
247
428
299
249
324
310
380
280
330
340
227
245
451
379
251
290
332
311
369
281
270
230
303
540
239
380
230
259
290
277
402
290
309
417
266
679
420
299
339
350
230
1099
321
280
230
269
392
222
412
232
452
448
333
280
709
270
260
230
338
456
250
265
370
230
499
229
240
361
232
229
328
242
375
342
420
292
399
289
248
329
301
279
230
239
230
229
228
340
249
370
239
309
224
410
391
370
394
430
510
348
249
310
330
291
369
360
382
279
271
311
760
311
320
442
390
278
373
449
232
301
339
399
389
1160
238
230
302
271
240
239
222
239
311
380
1280
222
241
289
262
240
249
232
230
229
229
222
238
349
270
228
230
277
280
239
299
341
329
300
233
321
371
330
340
239
249
240
250
269
240
260
311
320
281
240
430
261
381
351
340
330
252
232
291
321
279
269
350
228
292
249
239
479
238
441
228
250
230
291
512
271
361
270
239
260
230
250
241
230
401
372
438
251
280
331
240
282
240
230
230
229
310
239
240
331
422
255
249
363
231
341
402
301
228
447
371
249
281
249
480
229
250
309
271
270
1102
250
340
1111
401
441
260
336
251
330
261
619
230
229
309
419
341
340
228
229
421
228
231
531
379
332
299
381
400
293
230
241
228
228
230
230
320
408
240
359
231
259
239
222
261
230
360
241
311
238
238
279
269
230
490
599
248
380
359
223
250
472
281
360
438
1109
310
260
259
390
240
350
230
351
682
239
370
379
291
272
381
331
270
237
230
280
321
269
242
291
229
280
240
240
340
460
370
350
361
300
228
381
260
230
260
350
330
222
439
231
270
331
238
330
230
228
290
230
261
240
240
252
231
314
290
240
319
500
278
240
290
228
322
390
229
229
291
236
243
269
391
340
229
342
250
394
319
309
249
411
229
227
250
246
229
229
360
1229
222
259
310
241
1100
234
261
231
269
340
239
231
249
259
250
391
290
249
240
351
228
494
270
260
230
320
229
229
351
319
431
276
300
441
360
228
222
250
330
229
250
290
338
371
342
229
290
230
248
298
270
280
259
250
308
310
222
1150
260
227
248
281
441
290
370
319
370
359
260
231
231
238
1140
230
290
230
250
290
429
290
300
230
1139
228
231
321
1098
239
330
249
399
380
230
492
230
359
358
380
239
429
262
229
300
299
391
237
331
239
229
362
330
320
309
1100
230
310
229
369
321
310
311
240
1140
390
230
240
229
331
248
381
279
241
242
270
1080
382
341
240
232
301
262
269
240
1089
280
236
230
389
230
300
248
278
490
269
264
289
1121
231
409
259
270
319
399
421
301
350
300
228
280
240
237
251
240
259
391
248
231
230
232
320
430
321
388
379
227
236
263
280
410
299
239
249
400
290
231
241
421
345
299
311
360
260
390
269
250
228
257
1091
338
251
240
351
250
341
375
249
401
309
240
238
224
312
350
299
401
290
430
1158
229
229
234
281
241
390
310
470
228
351
232
279
519
239
310
227
231
280
291
230
231
227
240
230
232
258
270
280
291
321
309
250
330
361
259
328
284
459
239
280
290
342
300
240
240
330
239
419
269
228
359
332
232
310
222
350
223
229
351
240
331
235
1169
359
320
441
248
254
280
301
340
240
228
249
322
251
229
330
389
399
239
369
329
362
360
369
680
249
310
250
300
391
229
1071
229
367
328
307
229
231
286
321
499
259
470
450
448
302
268
370
230
250
228
361
499
582
419
320
351
338
391
228
320
252
231
229
312
442
227
241
230
289
619
250
269
278
300
249
542
311
320
249
227
300
281
231
291
236
231
238
301
230
279
281
250
229
531
230
380
301
419
388
228
240
278
271
269
331
231
381
230
1113
258
363
341
319
342
458
229
340
340
308
228
229
450
230
271
349
390
332
339
271
311
289
230
389
439
240
230
250
232
249
230
311
398
230
229
422
227
277
226
241
332
230
239
341
1159
261
332
251
399
320
299
261
225
420
291
310
253
249
321
268
300
290
231
240
360
278
300
329
241
232
229
239
259
1108
230
259
281
350
300
382
429
380
230
300
242
1050
377
231
229
239
222
291
322
1160
1119
332
588
1080
239
230
231
441
230
319
391
300
250
263
1248
431
242
280
251
641
412
260
259
241
320
250
1173
239
230
324
269
431
240
249
281
229
250
350
260
360
421
279
222
238
330
331
224
331
230
361
240
229
357
380
480
309
238
239
280
231
371
408
430
373
1170
259
240
362
229
289
290
281
249
581
232
390
236
250
223
261
340
289
229
234
228
291
241
421
311
290
240
291
343
279
671
250
229
540
242
439
351
269
259
332
231
230
402
248
302
340
229
240
300
227
226
224
250
268
310
390
229
259
708
282
331
351
271
230
228
269
278
321
370
469
421
432
299
238
310
222
321
290
408
230
239
250
258
341
349
362
350
237
280
353
321
1147
232
351
290
230
240
492
222
229
229
251
251
280
408
431
360
519
231
361
231
311
332
229
280
241
241
370
328
250
427
291
310
229
229
270
230
237
230
382
241
310
269
420
550
261
331
407
290
810
231
229
244
225
239
268
310
279
280
230
230
243
250
239
229
226
407
429
290
340
240
229
240
431
231
280
230
229
309
269
232
251
340
1182
240
300
490
340
241
239
260
229
367
262
230
230
360
718
338
240
230
241
229
238
1130
330
360
410
632
288
240
290
330
411
521
260
249
231
232
261
238
240
490
360
341
429
230
351
280
226
1401
443
558
330
231
371
281
268
780
230
350
229
249
239
371
399
480
291
359
311
361
281
261
227
320
231
330
290
240
430
301
240
236
249
599
310
440
308
237
412
250
230
239
259
290
229
229
240
320
310
228
291
248
300
310
299
235
228
228
380
229
342
229
228
230
230
280
779
351
381
350
308
239
240
1059
281
270
301
1210
249
422
231
1089
268
241
301
291
258
279
250
350
380
331
278
248
331
230
641
1330
299
370
290
431
309
231
222
239
370
350
481
360
240
241
430
229
290
341
420
230
389
229
279
251
260
390
393
229
248
311
261
282
290
1259
260
378
228
329
249
347
230
240
260
321
400
262
229
223
241
340
240
239
250
279
259
299
230
239
379
248
235
231
230
240
299
381
291
1090
330
238
311
223
479
291
232
238
1072
330
310
230
351
368
600
762
228
291
269
222
400
1090
228
469
1328
279
222
329
291
340
229
231
300
260
280
249
269
252
648
290
229
340
249
345
410
300
460
229
363
241
235
400
229
229
390
229
346
240
240
281
378
709
300
239
229
230
251
320
260
240
310
227
250
260
231
249
370
290
281
481
1111
359
390
351
239
439
351
231
370
230
229
380
272
300
309
241
268
279
449
490
238
242
301
359
301
240
1068
240
229
228
239
230
510
1131
240
281
350
351
269
240
283
281
270
301
448
332
269
370
310
341
223
227
231
228
331
389
228
259
339
429
269
301
241
321
239
730
412
268
380
280
352
231
239
380
260
410
520
260
290
431
230
321
231
230
259
311
247
378
222
1150
268
230
230
620
310
230
241
402
249
245
243
250
350
248
328
1111
250
511
809
270
260
341
240
239
280
329
231
229
459
391
290
300
361
280
340