27
109.
129.
150.
230.
130
458
259
348
420
290
238
380
320
231
320
421
391
231
258
1190
260
330
440
320
271
260
570
250
240
280
359
263
280
252
279
368
291
349
420
330
291
409
256
231
279
239
232
250
260
279
270
249
300
392
390
239
260
231
300
249
240
260
299
238
236
450
231
249
233
350
351
241
288
239
231
279
690
239
300
280
339
250
332
499
238
239
372
480
290
235
240
270
239
263
250
238
232
239
273
250
258
401
280
340
350
270
350
241
301
348
378
240
268
249
310
232
240
231
260
312
320
392
289
259
252
242
239
242
261
349
289
309
330
231
239
249
240
281
388
302
239
232
237
240
330
361
350
239
240
299
292
300
241
261
231
270
250
362
301
291
237
299
237
261
241
261
232
331
247
320
449
277
1120
249
360
241
231
251
240
251
251
239
279
290
275
280
371
310
232
361
1176
270
249
231
231
288
249
260
242
270
240
383
288
259
351
258
309
529
410
348
252
241
231
239
271
250
251
239
240
239
319
312
259
270
310
281
259
233
241
250
319
250
310
1089
260
350
371
289
250
390
339
239
250
245
259
241
342
242
280
379
289
241
240
240
231
271
249
240
240
241
290
239
238
291
240
309
529
600
259
261
279
270
311
361
245
240
260
280
251
261
250
290
291
253
288
231
282
428
318
241
270
299
241
253
248
231
269
249
231
242
233
259
251
279
231
234
260
289
240
249
409
370
360
239
239
242
241
260
310
310
273
231
231
251
316
459
250
237
285
351
480
437
238
241
231
279
270
234
259
557
237
391
341
240
280
269
254
250
341
321
589
270
239
250
233
245
239
239
247
251
241
461
321
422
259
250
266
240
362
508
232
240
238
250
311
300
251
412
361
239
240
399
240
238
249
261
430
390
359
349
382
560
252
239
233
241
249
351
249
282
231
238
291
391
248
361
361
338
340
239
233
290
340
382
268
261
240
231
231
290
271
280
269
249
251
240
250
330
310
320
250
269
232
259
299
331
330
270
281
280
310
281
482
249
360
269
259
253
233
267
242
321
402
448
237
271
256
240
320
650
471
232
258
240
262
290
502
241
235
1080
309
331
370
249
420
280
830
730
400
260
413
248
251
231
259
1150
368
350
281
241
300
420
231
241
231
251
281
350
1150
240
249
320
269
238
278
390
249
348
239
239
291
371
341
270
250
242
314
233
239
280
539
460
241
240
240
259
312
320
392
280
260
310
240
260
277
260
239
232
237
239
263
349
319
320
249
371
519
248
231
341
371
270
291
260
240
231
250
232
251
340
231
240
289
331
360
358
260
260
241
240
250
250
261
242
240
249
239
313
306
301
429
322
251
239
240
241
237
360
239
240
243
231
237
231
240
251
390
248
232
240
1109
272
251
319
382
238
279
330
242
232
259
482
290
250
460
261
270
237
290
310
237
239
282
420
569
278
231
235
240
241
249
460
277
261
231
231
260
240
260
239
282
260
250
331
289
247
342
259
260
439
240
241
241
261
239
237
240
242
250
240
259
320
249
280
310
351
399
470
259
250
239
250
241
231
269
241
238
240
371
299
317
250
249
270
237
249
231
231
257
430
290
350
259
249
232
260
360
1068
240
231
234
260
250
401
281
238
241
420
311
239
259
251
239
234
240
240
231
250
341
343
280
240
251
238
250
250
265
269
239
320
390
279
260
250
278
270
231
240
242
260
240
240
238
280
399
251
300
251
368
331
239
251
260
251
249
231
250
239
243
240
249
233
281
261
266
247
254
240
243
234
261
241
241
1150
302
250
252
251
241
238
249
261
241
278
438
237
231
280
360
261
247
231
270
270
231
239
232
238
249
299
380
361
231
269
331
370
249
232
260
307
312
1411
253
238
231
240
238
371
350
240
450
291
280
250
231
250
234
259
251
373
331
269
352
401
279
250
240
240
259
280
311
301
540
231
670
560
240
239
292
260
322
318
232
269
239
350
231
231
250
308
340
268
249
238
272
232
292
250
290
259
231
389
329
302
238
234
241
239
381
320
249
310
1129
320
249
231
277
238
342
371
270
236
260
280
271
238
240
349
439
290
251
240
260
270
241
301
271
242
240
478
259
238
258
240
310
271
239
481
232
232
234
361
281
285
271
540
249
249
390
320
610
319
581
310
479
239
259
1178
400
581
339
247
239
302
361
251
248
238
409
240
242
241
250
240
235
240
340
361
379
290
250
232
239
291
419
271
250
310
289
260
438
281
239
231
362
419
238
252
270
239
253
239
249
242
492
260
260
449
273
237
448
269
260
300
233
240
240
289
449
401
240
239
320
359
300
234
250
240
258
280
240
235
240
231
270
239
249
261
260
392
259
341
417
240
250
238
239
271
322
420
280
238
240
251
231
351
290
422
235
249
237
238
235
253
249
231
238
231
239
249
360
530
250
252
279
290
239
258
231
371
252
270
245
239
301
356
291
289
251
231
231
290
251
238
251
420
427
247
238
231
428
239
242
231
250
249
231
263
289
249
239
249
278
250
370
318
288
239
441
394
251
261
231
260
250
231
240
250
270
1501
312
440
301
550
260
288
302
250
340
340
252
321
270
232
270
260
240
369
301
270
320
242
269
338
238
281
280
238
249
239
242
351
373
281
231
231
241
290
361
318
251
233
240
238
256
249
241
260
261
380
299
388
238
260
251
269
231
249
239
310
400
279
253
251
237
241
240
231
301
239
250
249
522
261
239
1301
259
532
428
276
233
240
291
240
267
233
240
240
340
577
315
251
238
240
242
240
259
240
231
258
269
239
318
291
321
249
248
231
250
260
240
239
250
249
240
249
270
461
295
290
234
380
532
382
280
239
240
239
242
279
329
329
290
232
247
238
260
250
368
231
271
1420
240
250
248
231
291
250
320
399
389
312
236
268
561
261
263
269
1079
320
329
238
239
231
310
311
331
383
343
489
240
240
253
231
280
339
569
240
380
269
270
269
279
249
240
1129
321
278
247
270
272
231
231
251
232
401
249
250
263
257
231
259
822
268
278
278
261
231
260
240
301
341
319
289
270
340
1211
249
298
260
247
248
303
249
381
239
262
280
239
269
341
259
249
270
239
299
369
669
249
252
249
239
249
251
278
300
440
289
333
270
259
250
291
250
542
241
252
236
249
302
249
420
241
231
511
238
247
321
320
237
291
240
560
330
270
246
300
290
269
1159
381
331
269
260
240
278
251
329
261
251
260
243
259
231
249
240
270
252
240
260
331
260
321
351
381
290
294
296
289
231
239
251
259
261
251
341
242
293
340
360
310
241
232
231
250
258
451
250
240
241
280
292
380
530
290
620
232
278
254
234
235
231
1299
469
241
309
1099
250
250
340
321
401
249
231
260
232
259
260
250
260
240
400
312
271
241
293
360
260
663
250
260
240
277
240
242
259
248
240
240
240
281
367
489
369
232
260
565
239
280
261
248
252
249
370
369
310
260
240
241
271
238
241
242
249
298
1122
240
240
350
362
300
1179
238
250
341
240
260
249
232
359
331
347
242
300
260
471
419
286
240
240
232
311
410
561
240
240
260
279
270
300
290
253
270
262
270
244
253
290
232
240
240
1190
251
520
400
309
440
232
249
270
240
259
232
250
240
259
249
320
830
432
317
236
360
320
282
232
232
240
249
234
259
260
239
250
473
420
330
267
260
261
249
259
291
240
250
237
242
340
299
291
240
340
391
319
260
270
279
232
298
340
269
231
250
240
280
261
264
238
244
238
240
233
270
231
371
280
283
370
391
300
391
234
240
301
238
249
259
311
360
240
240
250
269
239
280
261
250
259
420
1239
282
272
232
279
319
270
270
272
258
290
242
241
239
239
239
250
290
239
250
421
370
272
239
250
240
239
240
250
250
240
310
271
232
482
261
327
331
237
240
252
238
259
281
250
280
250
262
280
1060
910
236
320
240
360
329
250
240
291
240
251
235
243
233
240
569
351
252
240
320
240
290
340
238
301
350
350
350
250
278
291
278
381
509
310
239
232
249
269
231
250
231
249
240
260
290
253
691
239
243
231
311
251
269
280
250
270
314
241
249
300
259
240
511
314
239
241
279
318
269
240
261
242
261
250
338
492
258
320
242
239
252
231
290
378
539
233
290
490
360
240
260
241
242
240
254
240
231
341
321
231
341
1120
240
250
231
310
400
250
231
307
320
530
269
239
239
271
270
239
240
239
269
350
401
240
481
240
360
279
850
231
250
233
238
261
279
490
432
273