34
107.
110.
120.
191.
114
229
198
199
192
230
281
219
342
269
210
302
205
371
330
440
250
221
199
221
198
198
249
219
310
293
229
200
197
200
209
210
229
277
256
291
199
210
203
209
198
230
240
300
201
224
761
209
370
249
231
200
212
210
230
210
200
206
211
199
197
430
341
209
330
210
214
270
240
260
209
230
201
271
250
240
209
200
209
249
212
199
209
251
198
199
301
330
289
299
194
209
367
199
213
269
211
340
219
260
201
210
229
250
211
289
282
330
339
219
254
199
252
238
251
210
201
389
319
422
211
201
201
238
239
280
211
228
201
240
214
208
192
210
199
209
220
220
210
229
209
221
198
200
208
242
198
210
192
238
272
209
300
351
230
221
200
209
219
230
199
193
212
198
212
210
278
411
343
199
231
300
260
279
239
270
200
198
231
220
279
272
200
209
200
230
200
200
201
239
210
199
262
248
201
331
212
220
321
278
248
201
198
240
207
198
219
281
194
220
259
200
252
199
220
342
259
348
207
309
269
200
323
207
369
198
232
222
240
213
204
210
200
291
229
210
232
241
200
338
401
300
208
217
241
219
260
209
201
239
249
299
1082
221
229
231
271
381
301
219
333
221
199
260
260
291
281
230
195
233
200
192
301
192
193
222
210
230
221
312
201
269
292
199
223
200
218
490
219
371
201
270
398
499
199
200
199
220
194
199
231
200
210
753
350
289
300
400
220
199
201
217
200
208
232
220
210
292
290
411
330
270
199
268
197
230
281
200
209
271
201
360
208
221
200
210
207
259
210
301
259
521
330
351
209
196
221
1091
201
330
330
290
211
270
211
212
210
192
259
280
212
230
208
201
202
289
210
200
240
260
419
290
230
329
199
208
209
219
200
220
291
230
600
428
471
402
341
290
229
260
230
268
210
200
298
238
251
229
210
349
248
212
221
241
311
301
260
313
241
230
219
340
220
212
341
268
731
200
487
240
241
251
271
217
251
230
262
222
250
291
222
221
1138
241
221
240
281
200
221
311
210
207
372
311
218
350
259
211
321
260
670
199
260
300
329
272
241
261
359
196
301
221
530
317
198
321
200
241
210
200
227
300
229
319
310
260
211
210
221
213
210
270
261
760
361
221
330
218
250