49
69.
79.
99.
160.
84
369
330
229
200
169
171
179
170
169
179
170
169
201
170
170
171
180
169
169
180
188
180
161
179
180
190
218
201
190
200
161
180
170
169
381
339
220
340
171
169
171
170
161
169
169
169
180
179
170
169
170
168
161
171
208
170
180
177
179
170
170
161
161
180
170
161
200
170
169
189
168
179
180
188
379
202
228
170
178
169
161
169
191
176
220
189
170
178
170
179
169
210
190
171
161
161
161
170
170
181
170
257
177
161
179
169
189
179
170
179
180
161
170
168
178
180
179
178
180
189
179
190
190
179
199
379
200
250
180
184
161
216
170
181
209
170
170
200
163
171
171
180
181
187
182
171
169
169
219
173
170
249
168
199
169
169
169
169
169
161
180
170
199
209
319
241
189
170
170
169
209
170
198
169
170
180
170
170
170
161
161
170
211
179
175
179
190
169
169
199
182
169
190
169
170
189
169
169
169
210
299
270
320
166
169
161
181
170
178
180
171
179
191
161
180
189
161
165
190
169
168
161
169
168
161
199
165
161
262
270
270
220
188
171
191
170
171
178
161
161
190
239
180
269
229
230
282
180
171
161
290
170
171
169
169
161
250
260
218
229
187
189
170
201
167
181
189
170
189
361
380
201
190
219
161
171
191
170
168
170
168
170
161
172
181
170
195
190
161
170
199
190
169
170
372
219
340
170
170
169
179
169
180
168
170
161
170
260
169
169
170
201
181
178
190
170
181
170
171
202
570
347
191
340
179
170
210
169
221
178
170
170
161
180
210
180
169
182
171
183
198
169
161
230
232
169
230
338
169
209
210
179
170
211
171
180
179
182
171
169
199
177
170
169
331
230
299
259
249
179
168
168
170
169
210
169
171
171
170
169
161
211
411
230
169
173
169
170
167
162
229
169
170
161
171
169
220
164
163
257
220
190
191
168
200
215
220
211
180
230
170
181
170
161
189
341
231
210
161
210
163
200
179
340
370
180
190
319
269
199
247
182
170
280
231
170
180
181
163
400
300
228
349
169
200
178
200
319
189
168
180
161
168
189
181
190
190
179
181
161
181
189
170
181
161
171
198
329
161
177
198
181
188
220
188
181
191
379
369
179
167
169
179
170
161
200
179
170
180
171
180
169
199
179
199
161
170
169
181
180
170
188
198
170
180
179
241
311
180
170
190
168
188
169
170
169
161
190
179
200
170
170
180
181
170
191
170
179
219
161
168
170
189
181
200
179
169
190
179
170
170
177
169
169
168
230
230
239
180
170
170
200
190
170
171
170
180
225
180
190
170
169
180
181
171
169
180
180
161
169
179
178
171
180
170
229
171
161
169
169
170
170
170
170
190
189
170
190
170
179
211
320
319
180
170
169
221
169
170
190
190
169
168
169
161
169
190
170
168
170
170
179
190
210
161
441
170
169
169
182
189
163
200
198
180
181
389
180
169
180
168
161
161
181
199
169
169
170
169
161
161
181
170
200
183
170
199
180
170
182
190
161
190
170
240
321
180
161
179
170
170
179
180
168
170
210
169
230
231
239
251
238
229
161
169
170
171
220
180
240
162
232
280
171
230
203
180
170
181
180
169
168
180
331
169
161
169
169
161
171
169
170
169
201
167
161
169
170
188
170
169
162
170
170
177
180
170
161
178
180
310
281
279
168
197
179
170
179
169
169
170
170
179
199
179
180
170
189
180
161
180
189
179
241
181
181
220
190
490
360
250
170
188
180
170
169
161
270
169
180
180
171
201
200
180
170
180
170
172
170
180
170
166
170
161
209
161
171
201
179
170
189
169
320
430
301
179
231
169
170
161
171
169
161
179
190
161
162
178
190
220
170
219
351
190
179
170
180
189
169
169
191
170
191
180
169
169
238
340
170
180
163
180
181
210
211
180
230
290
391
368
178
209
169
161
176
231
177
169
170
174
190
260
240
209
181
309
226
201
200
170
181
211
169
166
179
172
171
180
190
350
329
170
180
162