59
107.
129.
149.
251.
129
270
340
410
390
259
351
269
258
318
350
329
372
350
1112
371
450
269
260
301
271
400
510
311
390
300
299
321
372
279
351
410
279
311
339
534
281
280
350
320
278
261
263
401
510
392
372
308
329
277
360
269
260
408
279
291
270
340
270
590
259
379
270
350
331
270
330
321
353
288
268
258
520
281
370
432
350
260
529
360
1109
270
281
371
260
400
279
259
541
548
350
278
260
352
270
320
259
460
350
299
322
279
349
410
1141
320
281
259
261
279
259
1160
270
390
369
269
299
710
300
300
271
346
290
350
411
328
290
708
311
390
371
302
310
341
301
281
323
360
298
259
400
340
420
268
270
260
330
471
418
262
280
301
259
470
252
349
400
342
363
309
288
488
331
560
290
290
262
260
300
320
259
293
279
330
313
319
1089
324
740
300
410
259
330
322
369
302
280
341
330
321
401
301
290
259
320
329
480
269
430
300
349
290
381
330
292
329
281
300
279
308
292
470
270
441
280
279
271
281
349
340
349
290
261
268
258
261
289
299
280
310
430
269
380
320
281
320
300
337
269
254
260
321
342
320
261
341
440
311
440
381
289
271
310
472
291
314
330
259
271
284
280
379
527
610
319
331
309
300
281
268
259
309
259
320
371
320
271
289
421
283
371
329
280
310
252
279
310
418
280
279
363
271
322
282
380
311
268
258
360
320
361
342
279
429
341
278
381
259
263
331
330
302
333
260
300
260
521
848
267
341
269
277
260
289
373
270
1060
290
512
570
530
871
281
282
1099
269
262
278
371
260
310
419
310
311
280
420
332
318
349
270
280
291
280
261
380
550
552
1490
401
369
1289
370
361
289
410
280
280
310
298
302
310
339
281
410
321
539
310
270
332
259
281
260
339
303
281
258
270
260
272
1117
296
357
429
302
270
290
289
360
370
362
380
410
260
1299
292
310
301
350
399
259
270
289
759
300
268
291
350
260
389
270
261
269
260
270
289
333
350
271
281
401
354
312
259
270
299
361
269
260
300
270
450
252
260
327
298
299
368
270
422
489
790
360
260
422
499
311
310
300
330
330
269
279
329
482
278
269
271
259
311
410
370
270
350
579
361
290
280
547
393
380
300
270
270
264
319
320
291
301
272
319
340
453
281
300
340
582
359
351
280
350
328
289
299
331
261
271
363
259
279
270
309
1121
267
343
310
270
260
1382
290
371
253
341
371
261
422
268
391
320
452
390
279
259
259
341
331
269
347
292
312
307
310
292
259
391
280
310
271
352
280
260
299
260
280
262
270
588
480
267
261
269
300
262
297
312
340
259
1119
280
291
350
266
258
390
280
260
271
373
309
372
289
271
271
291
310
280
282
390
260
339
340
280
260
259
280
1131
280
320
501
270
259
382
273
311
303
1159
279
350
259
391
320
340
340
320
361
430
682
337
308
271
299
431
331
270
409
300
260
290
329
280
280
259
279
360
551
311
370
280
342
378
279
299
300
380
313
339
440
301
660
259
299
300
258
260
277
271
280
449
340
331
300
290
261
462
362
267
320
278
260
369
312
279
279
261
280
259
360
280
588
291
270
291
270
750
279
309
301
319
259
381
302
271
281
510
309
319
271
799
260
269
268
410
272
270
271
331
260
261
261
277
290
351
290
289
260
369
328
299
300
290
278
279
318
328
312
1167
360
260
619
280
291
350
300
290
258
261
257
282
331
290
290
322
332
459
460
360
268
280
270
281
260
310
359
353
299
344
340
331
270
312
260
270
408
462
421
480
390
299
319
380
362
310
270
271
280
410
269
269
380
371
360
290
269
342
349
269
321
280
279
360
399
340
321
392
290
379
260
300
330
269
261
270
571
280
301
400
290
521
280
280
1094
279
300
291
269
269
319
450
410
360
259
380
260
420
310
1149
340
2021
448
311
380
309
379
332
268
310
271
1120
269
269
430
269
361
261
371
350
410
300
257
1171
291
270
261
350
268
259
260
530
320
410
260
260
291
281
329
350
301
290
269
269
380
279
301
280
270
260
281
298
311
261
332
308
321
309
282
270
260
260
260
290
290
269
353
388
278
370
271
254
269
599
280
341
300
258
320
280
360
319
311
510
371
320
260
290
278
370
288
271
450
292
310
291
310
261
254
320
290
381
331
290
870
370
339
270
290
339
372
271
270
330
259
320
361
522
319
260
311
419
280
320
332
371
298
279
321
367
381
279
261
310
281
270
272
310
259
313
570
331
260
461
420
341
310
360
322
340
1881
330
450
281
471
262
329
541
267
630
351
429
260
362
1198
362
311
438
362
431
254
388
381
280
1098
269
262
281
257
260
270
483
311
342
280
390
1172
362
271
282
419
321
321
280
370
711
290
281
290
259
482
612
259
382
309
329
400
310
350
267
270
329
300
318
330
320
330
261
320
930
309
332
271
269
343
392
308
419
269
330
260
319
260
340
360
328
286
589
302
490
310
269
289
281
349
352
340
311
300
466
313
334
548
301
269
270
361
277
330
261
310
570
361
259
350
270
257
358
300
369
269
379
281
299
439
280
320
360
509
271
281
252
261
252
331
254
370
271
262
321
310
699
262
360
540
270
330
270
290
280
419
350
253
332
270
262
370
512
320
419
281
288
259
910
390
269
259
430
379
360
350
259
1119
401
260
401
342
259
381
258
279
280
442
281
261
430
538
268
258
309
330
770
260
268
252
383
392
259
280
290
330
400
391
279
350
269
350
350
509
299
269
290
254
290
259
312
330
340
369
280
336
320
280
439
270
321
260
319
360
269
400
270
280
461
259
351
309
259
339
360
302
259
252
272
279
281
269
320
341
389
1190
400
310
279
288
252
332
308
269
310
258
370
370
320
301
318
270
259
1349
271
478
709
261
320
259
252
267
1111
259
269
458
330
257
260
400
1121
269
268
300
260
300
329
258
260
340
361
270
300
270
721
429
290
350
279
301
281
300
361
280
409
350
390
521
300
270
281
302
282
771
361
340
279
280
279
460
320
270
262
411
252
279
379
270
269
311
450
410
300
349
750
340
309
269
308
279
279
381
280
380
290
321
494
289
420
400
259
279
480
309
498
330
360
840
858
490
340
401
389
379
309
351
259
262
291
279
280
260
310
270
309
311
261
286
420
341
499
291
349
280
269
540
360
461
280
261
449
370
360
299
258
330
269
318
441
269
259
291
489
370
371
270
320
320
450
298
271
259
340
360
302
260
271
270
330
278
312
491
269
501
449
331
279
310
262
270
360
341
491
260
290
261
280
300
430
291
382
259
310
261
280
279
420
300
309
290
349
260
311
459
261
350
319
411
290
282
369
340
608
351
432
260
319
310
289
369
331
271
278
270
258
271
280
356
370
313
320
280
380
261
260
300
410
330
371
360
347
289
271
340
261
278
1169
270
331
392
308
260
270