48
90.
108.
120.
310.
113
340
1101
370
319
1098
350
350
1439
1240
778
362
1099
721
1062
331
578
398
349
341
889
351
678
1631
1260
1350
1200
1679
1490
477
1570
1590
600
1594
1288
333
399
361
1400
1509
1039
508
1399
568
1060
1579
1489
469
409
1110
1458
1420
539
340
879
330
742
1662
1147
819
1590
1499
408
429
1429
430
1481
330
550
360
1210
341
881
415
373
340
1130
499
338
348
849
1632
667
1112
1479
620
630
349
529
700
520
350
868
1091
329
1490
1629
542
742
369
659
1509
473
558
1842
319
390
1619
1430
800
1571
508
450
1090
429
331
411
649
1140
1691
351
359
949
568
809
921
1550
360
331
369
319
320
881
465
1650
360
1449
680
749
339
1220
639
398
1298
462
1479
1623
608
527
1540
1310
1379
1218
1900
1998
970
1079
890
399
588
330
937
949
919
329
412
492
888
459
339
1559
610
881
400
1560
1540
530
1440
638
440
331
341
389
1209
1570
1420
1305
1339
519
1339
1218
1099
330
350
1621
3210
619
1430
459
789
1661
1582
1477
1401
1590
1219
318
1130
1120
399
389
1350
408
1420
1510
540
328
1660
669
458
419
1049
1640
510
898
2118
1791
519
599
359
1470
1951
648
318
1668
2321
579
1429
600
599
1562
960
400
400
838
438
389
900
1488
449
1930
1490
818
1491
1120
311
1721
550
418
1071
337
497
841
1932
1810
419
1350
361
1799
488
2011
1139
1580
649
311
1120
830
340
380
1170
1348
971
488
589
368
320
1598
1581
834
972
1489
1269
340
1081
430
569
320
318
320
340
1622
1569
979
312
349
788
1700
1600
761
1689
311
358
348
359
408
469
321
658
430
331
1013
469
1101
381
771
701
1589
1120
328
311
320
408
370
1191
1698
321
808
900
1588
1431
390
927
312
319
1590
1230
430
1390
380
429
1639
489
341
409
1058
379
1129
360
379
1408
1801
1109
1679
1511
1480
419
1629
370
451
1141
448
399
360
1490
510
340
841
1439
398
1200
548
910
1560
840
1569
312
332
330
332
313
421
1382
347
428
768
410
529
439
1160
728
321
806
439
359
832
322
360
320
1350
928
1399
881
859
1379
529
1538
1491
933
367
2240
579
588
321
342
319
351
769
1619
338
1131
428
389
1068
1149
579
319
1599
1399
321
321
333
369
1219
311
1509
748
349
1300
353
1109
1181
330
1551
1219
1471
1491
1581
359
320
358
337
1659
320
728
429
342
1580
621
579
418
1420
358
449
369
1577
1390
1610
651
1620
1010
330
363
368
329
879
1170
460
1528
1300
408
380
331
1380
519
1670
509
928
440
1579