58
110.
130.
150.
250.
134
650
279
259
370
300
260
299
280
370
269
259
1252
1201
549
1190
449
293
300
270
270
401
381
291
301
1200
350
340
368
354
251
332
451
3119
261
319
1140
293
288
330
259
270
290
469
561
581
269
399
329
371
547
330
280
270
340
550
262
262
268
269
350
262
311
360
251
261
252
300
490
260
359
320
320
259
289
270
340
281
311
270
531
271
390
298
411
340
260
740
348
260
800
262
289
280
269
270
269
252
260
280
362
269
329
360
301
347
331
341
290
360
422
360
251
259
260
589
509
410
763
281
259
291
280
320
260
260
286
260
339
1130
339
318
299
299
400
510
1119
299
289
270
251
350
255
658
252
259
334
342
331
280
264
390
280
271
540
450
1339
361
330
371
291
319
652
290
260
260
251
260
310
329
252
410
358
362
321
260
260
251
399
339
279
330
272
412
300
261
289
310
310
268
252
270
251
350
330
339
40183
269
271
390
252
1239
370
260
257
268
269
371
321
460
260
269
258
361
339
340
350
330
308
262
270
321
257
599
311
310
310
270
340
259
251
379
260
360
283
368
410
542
391
280
282
280
340
251
338
320
307
271
440
300
530
550
261
270
259
251
290
256
301
310
281
281
389
271
331
251
280
251
260
322
273
270
450
254
292
1270
310
259
291
309
321
271
290
259
560
299
260
319
280
380
331
271
358
281
349
301
280
349
412
410
350
420
281
340
271
280
300
251
260
272
382
330
261
280
260
370
270
280
251
732
370
281
251
260
390
359
421
279
349
251
491
1308
270
267
328
311
1072
350
280
1102
334
253
260
259
258
280
262
279
270
369
310
352
360
321
390
810
329
260
310
280
261
370
300
259
271
290
251
260
258
260
340
439
290
290
421
360
380
269
291
291
290
260
252
278
288
311
291
279
270
340
260
299
461
311
280
260
560
341
372
281
279
252
270
251
342
350
370
379
370
282
331
289
280
358
382
351
310
269
259
309
311
319
401
298
420
1459
259
1230
320
270
279
280
351
270
290
359
252
280
291
360
340
440
270
290
310
340
260
290
340
519
318
340
257
690
1241
301
270
270
348
448
371
312
300
281
279
308
319
279
261
290
300
323
310
258
490
702
400
411
421
951
361
289
281
919
371
300
790
950
1540
470
300
440
320
265
1200
268
280
262
270
325
489
1218
2629
1162
299
350
271
360
342
341
390
253
510
300
390
260
1072
319
310
1100
470
451
262
270
290
259
299
270
311
279
310
289
319
313
571
288
270
271
268
262
340
339
519
281
267
272
461
280
268
351
259
329
251
490
256
260
258
298
349
260
319
273
301
522
331
253
288
290
280
289
321
321
302
700
398
288
251
280
260
269
300
439
262
401
300
260
332
419
321
252
320
312
261
270
260
350
361
600
281
430
392
340
283
251
259
300
299
269
252
291
260
300
922
289
339
259
281
292
260
300
408
280
300
277
339
311
580
259
310
251
280
270
290
301
289
290
341
261
288
320
291
279
460
361
350
267
360
261
291
751
390
339
300
338
329
273
380
270
331
319
271
252
372
341
279
266
311
330
290
300
258
319
350
392
310
291
270
40116
280
268
321
351
299
1059
260
359
350
489
251
261
272
261
258
280
291
409
260
282
370
361
340
251
330
529
1100
360
252
440
330
252
359
340
371
450
402
269
359
260
341
290
341
271
280
300
271
361
369
251
251
309
259
265
330
315
340
281
360
271
331
259
290
369
259
278
252
260
269
333
479
311
282
270
1144
262
361
322
393
342
410
274
680
261
261
309
490
360
279
321
690
280
313
350
1128
381
269
359
289
379
350
320
352
258
281
480
321
260
300
281
270
480
300
341
309
280
269
270
252
261
370
279
272
260
300
300
1247
279
272
281
348
1099
308
269
259
310
328
300
388
351
470
288
360
290
300
297
251
269
376
258
320
271
260
400
259
301
289
310
269
259
341
270
259
290
421
501
371
270
278
290
321
350
281
269
401
260
350
270
390
310
330
1171
252
300
570
311
251
260
280
251
349
330
278
381
313
530
369
270
279
299
331
350
429
300
291
420
330
281
341
280
331
419
420
320
279
1129
290
280
270
361
290
271
259
260
322
278
349
282
278
286
297
260
429
561
300
351
340
269
400
257
299
340
360
460
339
310
260
270
290
258
260
251
272
258
273
291
261
1210
260
259
300
341
430
1100
280
1101
280
388
270
1383
1310
1100
262
281
1171
360
360
289
528
1277
1352
259
715
1131
371
320
1051
1140
3089
1120
3130
1180
258
442
459
269
1100
1090
1171
261
481
330
251
1130
299
289
1130
280
269
540
532
252
281
253
281
268
320
549
440
330
279
259
282
260
290
490
290
251
257
260
291
332
288
276
307
300
391
251
272
270
296
420
310
259
310
591
360
361
510
310
252
308
480
279
312
308
281
411
280
271
270
280
260
259
332
259
258
430
270
310
1079
380
311
251
358
289
291
361
328
300
271
299
262
318
290
258
650
251
397
281
331
261
260
270
289
260
351
261
427
919
300
331
330
269
290
281
260
258
361
299
448
258
261
300
269
350
274
270
328
261
260
280
380
349
300
251
300
259
259
320
439
292
280
359
351
300
290
500
442
368
251
420
261
308
351
322
251
281
330
280
619
260
269
259
290
360
341
400
260
290
431
290
299
260
279
279
350
319
380
40101
280
301
391
272
340
341
261
259
260
429
299
411
347
261
274
1150
261
281
390
279
389
260
269
270
272
391
700
341
260
281
328
361
259
290
460
262
562
370
508
350
279
271
320
331
341
310
260
258
1270
251
289
270
270
340
279
321
270
321
260
261
267
320
360
271
279
279
408
350
309
259
251
277
1268
261
331
281
341
519
320
260
350
259
272
300
422
315
260
251
330
452
328
289
260
290
370
502
268
370
259
270
258
279
390
472
400
330
299
269
291
270
341
300
251
300
290
270
259
281
370
279
428
259
288
350
289
251
268
271
361
279
310
270
320
420
260
460
350
320
280
350
1119
290
259
299
260
288
290
310
280
270
317
300
320
493
320
310
280
268
252
290
360
290
300
280
281
289
300
361
319
251
299
290
298
321
299
259
601
360
401
361
540
262
262
309
256
260
270
280
379
279
278
352
371
310
309
261
269
1159
269
260
401
320
281
256
260
268
271
270
279
360
291
260
398
290
252
330
349
290
259
281
341
401
280
291
330
300
397
288
280
330
550
301
310
270
280
260
372
261
399
330
523
260
411
349
280
300
350
251
371
341
270
270
279
398
261
259
260
289
258
390
351
429
259
259
271
320
251
300
468
339
343
262
259
270
253
300
279
310
271
601
350
340
265
669
360
700