47
69.
80.
99.
160.
84
200
199
161
212
181
169
180
169
179
201
170
180
161
170
170
179
169
173
169
180
194
169
243
289
227
330
199
169
187
191
169
199
176
179
169
181
161
170
180
181
170
180
170
179
198
170
179
189
170
170
170
189
199
170
179
176
161
169
180
168
200
188
161
169
169
170
181
188
190
237
179
370
320
420
170
169
170
210
161
170
179
180
169
209
170
189
170
198
167
181
200
180
172
190
162
220
169
180
200
340
300
248
170
181
169
180
169
169
200
165
188
190
189
169
169
197
169
170
169
170
179
170
169
220
189
181
170
170
190
189
169
181
179
217
199
180
170
170
210
240
250
169
169
209
170
161
200
170
161
190
209
180
179
169
161
168
180
171
187
170
170
170
217
188
170
169
169
179
189
180
198
161
161
190
169
179
179
180
179
169
169
170
199
179
179
179
199
170
219
170
209
180
250
161
191
169
173
180
180
180
169
170
190
171
180
179
180
189
199
169
170
179
168
179
169
179
170
169
161
169
169
210
169
169
179
190
220
460
249
179
170
162
180
169
170
169
199
161
161
179
189
180
208
219
161
170
169
269
360
170
190
161
188
170
171
170
169
169
169
190
171
169
161
179
189
179
169
180
169
169
190
201
178
199
170
180
161
169
169
180
167
170
179
181
189
300
317
300
179
180
161
169
161
169
241
170
190
179
169
169
161
169
170
179
170
169
180
299
288
210
170
161
161
170
179
170
179
161
191
169
161
170
241
170
190
186
170
179
190
179
180
169
180
179
161
169
309
211
218
319
170
180
170
169
172
161
179
169
169
179
169
161
190
170
163
169
177
199
179
170
170
210
210
180
161
170
161
199
169
200
170
169
179
169
171
170
341
212
231
291
161
180
198
161
179
179
170
170
168
179
169
391
360
221
709
168
169
168
170
170
170
180
169
161
171
181
161
191
240
711
1032
648
361
200
189
231
240
262
270
270
271
301
201
218
270
199
211
218
290
240
299
608
169
260
241
310
198
221
323
349
259
199
282
227
190
161
229
389
262
509
210
280
251
192
200
191
170
220
180
171
170
180
161
219
201
340
180
169
209
371
330
259
195
211
2911
499
180
211
161
161
188
165
299
181
171
169
171
161
180
161
171
191
162
175
190
169
180
170
170
195
167
181
165
200
350
172
169
161
170
190
200
180
169
162
170
170
170
191
161
171
170
190
199
169
169
191
161
170
180
199
170
200
169
169
218
169
181
209
179
249
290
210
249
171
175
166
170
191
169
161
189
169
170
169
170
161
209
161
171
161
189
161
169
180
180
179
210
410
201
179
191
161
209
170
169
200
198
190
171
169
169
162
180
170
170
161
180
190
170
169
170
179
180
170
170
221
170
179
171
170
169
180
179
179
209
349
180
190
179
199
171
161
210
170
169
211
188
169
162
161
161
169
210
170
181
180
180
170
178
177
196
189
161
170
189
180
190
169
170
189
169
179
161
220
360
189
199
177
170
179
169
169
179
171
161
161
170
169
210
180
169
210
178
161
170
169
170
178
181
170
230
320
320
174
180
169
171
190
170
169
170
168
170
179
161
270
352
461
179
180
170
171
181
190
181
249
330
171
161
179
179
167
169
169
190
191
170
179
161
161
169
170
171
170
191
170
180
189
199
169
210
340
170
170
169
218
179
180
171
180
161
180
179
179
170
171
171
168
169
179
168
180
170
180
190
200
290
200
170
179
161
161
167
170
170
179
169
167
171
211
190
169
360
190
299
179
170
229
161
165
171
169
210
179
188
161
350
328
188
170
170
179
168
169
190
232
161
170
179
310
270
350
170
170
180
189
200
180
191
161
161
170
281
201
188
258
179
170
161
170
162
280
191
689
1052
632
401
180
212
181
208
240
199
301
209
170
181
198
242
239
198
170
203
240
263
181
228
209
543
275
231
189
260
208
260
209
360
202
170
360
290
219
320
199
349
523
178
201
300
227
170
180
168
171
169
180
186
169
170
161
340
169
180
210
170
169
210
220
329
309
169
240
162