28
110.
130.
151.
250.
134
300
281
259
320
271
330
272
260
302
251
301
299
530
382
340
270
301
270
259
300
539
291
320
259
260
260
261
271
288
361
358
369
260
272
340
679
300
350
260
260
391
329
253
421
279
289
263
257
301
312
370
258
321
560
361
382
279
300
298
270
540
251
310
259
400
349
400
300
418
609
281
270
252
289
261
270
370
310
254
291
1400
308
294
257
290
300
262
268
253
251
267
468
255
370
330
322
258
271
341
340
320
261
310
281
260
259
264
252
259
269
280
260
251
290
262
259
330
260
251
350
302
258
289
268
299
420
271
359
300
270
269
259
363
331
270
410
453
360
300
270
299
251
258
259
260
319
329
332
320
339
290
320
271
288
260
291
259
261
431
298
269
259
270
320
252
252
280
269
258
427
329
431
297
280
251
269
260
340
269
473
291
442
439
259
300
361
336
331
260
300
319
272
288
282
259
251
252
272
270
282
280
301
360
276
251
251
280
278
260
260
259
269
280
274
301
422
259
308
251
258
352
558
280
252
310
269
261
262
269
253
260
299
489
280
301
259
264
251
257
251
258
279
300
300
289
808
279
259
269
329
530
370
367
280
407
299
260
302
351
351
271
270
257
260
298
258
251
259
280
279
300
258
260
251
271
259
290
350
251
378
279
770
570
260
269
259
259
360
311
252
301
271
310
321
280
282
303
400
460
280
268
351
390
270
270
310
450
339
251
322
290
280
270
251
261
280
257
271
281
321
370
270
251
260
278
251
267
421
260
289
339
278
280
270
260
282
269
331
252
300
290
361
348
292
269
301
340
270
252
288
260
259
251
260
251
257
268
281
300
254
319
313
269
280
399
261
287
609
350
298
300
529
389
360
270
260
281
299
279
271
280
289
251
280
280
401
461
252
271
270
265
398
281
280
320
270
1110
257
251
259
260
421
460
271
471
413
253
256
401
489
378
271
292
282
251
369
350
303
528
380
252
271
260
259
300
291
400
310
300
300
260
309
312
480
410
401
362
509
382
273
428
312
540
261
271
280
300
290
309
382
253
300
1200
269
492
390
280
350
360
261
270
251
261
381
289
312
290
559
1258
340
270
291
410
497
390
302
438
301
260
280
253
260
350
271
289
350
309
330
263
330
319
279
320
300
251
269
325
299
312
370
310
310
270
329
258
351
260
289
291
258
409
502
400
260
262
254
579
361
269
281
473
260
251
271
287
281
251
260
369
470
362
308
347
291
300
270
375
550
271
270
260
270
259
360
270
268
278
321
259
270
322
370
281
339
252
251
263
430
363
448
399
279
308
331
290
251
260
281
258
251
255
268
571
457
252
299
469
272
251
291
301
511
391
258
258
259
410
330
411
260
260
251
274
261
269
269
282
270
469
252
260
278
280
260
265
293
261
251
261
317
288
340
312
320
260
259
270
260
273
269
252
289
258
270
270
259
329
260
258
330
291
441
271
291
401
251
312
252
258
271
261
271
251
259
312
271
290
410
258
291
301
309
560
372
318
251
301
260
282
251
272
256
290
291
1080
290
259
268
320
258
340
258
299
259
311
271
291
281
280
279
261
330
260
279
270
401
281
329
289
252
278
462
270
259
279
290
300
300
298
270
270
343
251
252
261
270
310
271
331
322
259
391
267
273
261
379
323
318
260
285
288
268
320
280
319
270
260
262
289
301
291
259
261
310
351
290
831
258
311
259
251
290
292
360
271
280
291
291
278
290
280
272
261
261
270
256
280
272
264
338
272
256
300
300
251
301
299
371
261
251
270
252
261
261
251
550
400
281
257
260
251
260
280
271
267
258
251
261
270
322
280
259
251
289
460
299
252
275
280
589
289
269
422
261
460
263
299
260
300
270
260
278
261
251
288
292
300
260
281
272
261
341
279
311
278
301
260
299
277
281
251
259
289
279
275
339
281
321
281
370
280
260
269
288
251
282
279
289
300
259
260
270
260
261
251
319
269
281
309
260
310
311
260
289
270
253
399
309
430
469
580
321
269
251
275
259
252
290
272
411
449
290
258
302
270
308
318
281
259
281
290
471
458
280
300
310
390
279
251
270
331
369
310
360
260
292
341
281
362
369
299
312
269
310
277
269
390
350
341
281
439
254
289
292
252
252
270
269
339
288
311
322
290
251
258
292
279
529
259
259
269
251
301
252
251
366
311
310
300
417
278
252
350
390
300
330
280
280
254
590
320
290
438
302
419
259
448
412
330
257
271
260
269
287
260
281
349
260
289
271
262
252
290
260
271
263
270
291
300
561
331
321
419
253
260
253
270
252
260
267
261
259
330
361
517
252
260
310
260
329
368
270
429
290
289
312
312
281
269
282
311
251
331
289
363
341
311
299
279
253
272
271
272
269
278
343
261
289
262
270
278
331
461
269
429
1260
309
264
251
258
310
461
440
311
300
296
321
488
340
260
257
288
272
259
301
262
340
423
279
341
270
259
269
270
320
280
278
270
289
260
258
262
291
290
289
258
251
341
260
251
309
290
290
251
261
271
268
271
411
258
320
280
309
280
261
264
260
284
283
260
569
329
362
341
260
300
271
310
350
299
270
290
269
321
270
271
251
311
260
379
300
330
301
279
339
360
259
269
320
300
391
261
269
331
299
328
260
260
260
252
369
260
273
340
1123
392
330
351
289
260
342
332
308
266
309
311
1151
301
339
434
386
259
262
290
258
279
300
269
259
271
310
279
260
251
322
409
277
260
281
816
260
308
460
293
251
292
390
290
490
260
259
262
280
260
260
255
251
280
268
260
261
333
264
270
331
350
460
270
261
278
330
400
261
288
260
289
280
290
310
372
270
330
318
261
329
519
260
281
260
300
371
391
273
281
280
501
462
501
300
251
330
290
270
339
290
256
260
299
268
270
350
270
259
290
267
251
289
270
267
311
280
388
280
310
252
272
290
291
272
259
269
300
258
259
290
299
270
319
520
270
280
320
431
279
422
287
271
271
411
290
261
270
511
284
251
260
268
330
350
260
336
451
260
260
392
279
257
280
510
320
311
400
338
506
260
280
370
280
371
380
301
260
259
260
269
350
290
290
409
400
331
320
379
309
380
350
269
269
259
372
350
318
309
460
251
261
282
360
375
350
259
403
330
259
251
252
251
500
260
280
251
320
261
261
280
389
329
292
279
259
270
269
280
261
329
318
300
308
342
330
310
302
310
258
252
319
311
350
409
299
449
278
271
291
269
303
341
280
320
251
281
258
310
260
330
299
290
281
251
275
401
261
270
271
341
738
260
388
261
259
261
330
311
258
560
638
270
251
301
251
251
253
451
328
258
251
261
270
270
312
562
370
390
299
279
262
332
350
352
370
281
950
271
270
289
290
278
256
260
269
280
269
330
289
259
292
258
288
419
339
279
281
391
310
310
263
251
259
262
471
399
251
259
269
271
288
282
290
551
419
681
270
258
281
302
410
260
252
359
339
581
279
259
270
268
281
326
283
280
260
281
279
331
269
260
281
301
307
292
260
271
304
261
270
252
271
262
262
289
272
268
359
330
278
291
291
320
320
274
271
272
271
280
265
300
271
258
421
260
340
272
280
281
288
311
261
371
289
390
280
261
270
270
270
260
261
269
320
362
331
268
310
330
259
265
251
251
301
300
262
251
260
279
270
279
429
331
548
300
294
299
305
270
272
271
292
259
458
338
280
461
410
270
280
271
300
281
270
451
252
280
252
320
522
330
259
339
269
297
324
439
260
271
339
261
278
390
350
261
258
252
1210
389
310
269
288
310
258
271
290
309
260
289
370
261
291
314
261
251
328
821
260
251
259
258
274
308
421
279
301
281
270
269
260
281
289
320
510
321
290
278
276
301
291
262
277
269
300
259
418
460
370
360
261
259
251
269
255
549
432
270
269
259
251
309
280
281
260
310
320
282
280
259
360
263
301
338
279
268
319
1151
266
262
270
319
462
340
271
339
571
280
269
330
301
360
268
261
260
262
269
281
269
272
261
261
270
259
251
259
300
270
329
329
270
311
290
280
339
309
263
260
262
269
252
269
270
251
428
283
259
309
269
290
290
312
471
390
290
281
269
262
449
680
251
280
260
259
461
300
281
261
421
352
271
251
261
409
559
316
310
260
273
252
502
381
540
342
311
307
311
260
269
279
557
269
592
259
309
291
269
251
258
251
279
259
351
270
301
400
282
389
381
311
328
388
310
648
411
262
251
349
371
332
819
260
270
432
320
320
300
269
300
260
270
569
360
262
251
610
287
254
261
389
380
391
278
312
301
260
255
350
261
399
380
260
259
260
270
440
279
282
308
309
270
280
290
450
280
390
259
279
273
280
271
320
398
349
263
440
392