49
63.
79.
98.
150.
83
219
179
290
220
200
211
240
301
227
329
159
159
187
159
201
330
219
160
170
160
163
169
159
161
173
320
160
169
233
180
189
158
151
151
197
160
160
151
231
240
170
159
159
290
229
310
260
181
170
157
161
161
169
160
160
170
165
160
289
161
151
159
159
160
160
180
179
160
170
157
160
419
300
330
157
159
162
159
158
160
160
151
190
152
151
159
159
159
170
154
170
170
179
160
160
180
179
180
240
319
270
250
207
179
170
158
159
170
159
188
160
199
180
159
197
160
160
151
159
189
159
159
160
161
179
158
169
170
170
168
170
190
190
161
179
158
190
208
160
189
160
170
169
159
160
160
172
171
153
160
179
199
159
160
190
179
180
203
170
160
151
152
239
300
236
199
159
169
158
153
170
160
160
159
158
168
180
170
151
160
151
160
170
152
170
151
160
169
158
199
160
160
160
151
170
159
151
170
171
160
180
151
160
160
179
169
159
156
159
170
161
199
190
160
170
169
159
170
161
169
169
199
210
210
159
160
151
170
158
167
160
180
159
180
151
160
200
170
151
170
181
161
180
170
152
161
159
160
160
180
160
206
170
159
159
161
181
169
211
310
249
359
160
159
158
179
170
161
170
159
169
158
151
160
169
169
170
199
160
160
169
160
160
160
181
189
158
160
160
159
170
422
220
180
219
180
160
182
158
159
169
169
159
249
179
190
160
160
160
151
167
281
229
158
160
161
159
160
170
381
191
180
221
161
159
160
151
160
160
240
159
159
168
160
160
181
151
159
169
168
189
159
151
169
161
170
170
190
151
161
170
189
158
240
329
239
170
160
159
151
159
190
157
174
152
151
151
160
178
160
198
151
209
180
172
160
190
160
151
169
151
169
151
180
151
170
330
379
211
240
158
160
159
157
159
158
160
161
178
170
180
179
159
163
158
260
161
160
168
152
152
158
191
370
219
190
190
156
170
158
211
291
340
199
171
161
221
160
160
159
161
159
158
159
188
169
250
350
229
190
160
168
171
313
190
170
170
161
159
157
160
170
170
160
160
190
240
201
161
159
155
166
151
160
151
160
151
201
269
350
250
161
151
159
159
230
339
159
170
159
170
159
181
180
169
169
170
170
180
198
151
178
169
160
159
159
158
158
158
187
159
159
160
179
180
158
239
319
180
160
160
169
170
180
151
158
198
160
158
179
157
159
151
159
180
169
231
480
160
161
161
160
158
156
159
168
209
158
159
151
161
151
181
190
169
161
181
158
151
159
155
159
179
300
168
159
170
160
158
159
161
157
350
290
260
159
230
168
179
153
178
160
159
199
170
170
159
160
189
161
170
160
158
151
170
169
170
180
158
159
169
179
160
166
160
170
160
169
159
231
170
169
170
168
159
189
170
300
330
160
170
220
170
151
159
160
157
169
188
160
160
168
160
151
190
159
160
152
160
159
159
159
210
160
158
159
189
151
179
152
160
160
189
159
189
179
160
160
191
152
210
321
329
200
159
160
190
168
153
160
151
159
179
200
180
189
180
177
159
172
160
160
159
170
196
161
170
179
210
159
160
180
160
170
180
280
210
170
260
171
160
178
159
159
169
161
170
158
160
160
160
189
160
160
179
158
160
180
169
160
160
160
169
179
210
169
160
160
169
160
160
157
178
160
180
151
160
159
180
171
151
179
159
160
170
170
189
319
330
180
160
158
179
169
160
171
161
160
159
180
159
160
166
159
159
170
157
151
179
159
159
170
159
209
352
369
151
161
170
160
159
184
161
159
152
158
160
179
232
170
192
170
180
157
159
181
180
178
160
160
190
159
172
180
169
190
159
175
188
290
160
349
160
159
190
152
159
160
158
170
159
158
161
179
151
179
159
174
184
157
160
158
161
172
160
160
160
169
159
199
169
179
158
151
151
159
159
219
250
309
180
180
223
169
160
160
210
151
167
199
160
157
159
191
168
160
160
159
200
158
289
221
200
310
200
160
151
160
159
160
159
171
158
159
162
240
157
170
170
180
199
159
170
160
239
320
189
169
177
154
159
158
183
159
170
151
190
168
155
160
189
160
219
309
341
179
158
158
158
160
160
170
159
161
160
159
172
151
160
168
160
159
187
351
329
170
159
151
159
178
151
190
160
160
151
159
180
168
155
180
160
151
261
260
329
159
152
160
169
159
170
160