49
63.
89.
110.
169.
92
189
318
180
208
189
208
190
200
239
369
177
261
179
171
250
216
171
240
199
229
179
187
190
178
198
217
170
179
299
359
201
200
170
190
210
170
179
179
171
170
248
179
170
208
768
311
230
218
261
170
200
199
688
210
171
208
390
337
171
237
250
348
170
179
170
429
467
189
238
350
170
418
178
190
180
206
260
380
208
200
172
387
180
213
418
419
320
206
229
312
249
370
170
209
181
203
241
699
178
191
178
188
170
179
170
180
178
309
237
263
190
211
359
290
170
210
200
177
189
175
170
171
170
170
209
418
208
170
180
179
510
299
379
170
198
188
170
173
187
198
170
180
189
180
197
175
177
210
179
259
369
239
329
188
181
189
189
317
268
240
190
178
249
189
397
429
191
584
200
189
229
201
202
219
258
178
190
660
189
220
359
170
311
379
230
330
300
189
188
179
178
239
170
509
331
209
180
170
177
509
170
170
238
210
250
180
179
180
350
378
220
170
187
179
578
180
180
209
210
541
330
184
418
230
210
179
439
250
171
180
368
190
199
197
318
209
209
190
179
197
170
189
360
261
279
259
180
201
190
180
240
179
638
189
188
209
259
170
239
241
320
238
360
249
238
209
170
179
260
180
279
190
209
180
241
180
320
189
192
210
170
180
181
251
239
179
209
200
189
179
198
199
199
430
318
173
179
190
189
250
200
171
198
200
340
229
228
228
191
180
190
189
250
459
170
180
261
188
197
228
170
239
178
180
179
170
170
219
280
360
291
229
260
290
599
220
179
188
429
200
309
399
177
320
430
188
180
249
729
239
178
380
319
231
340
180
189
189
170
220
389
186
189
310
300
189
189
188
178
270
179
229
220
171
181
170
418
219
189
312
171
199
170
210
388
179
177
219
198
231
188
200
259
181
339
175
237
189
191
487
289
170
198
170
208
180
207
208
201
211
178
198
439
179
259
211
170
199
189
219
277
290
187
548
226
200
199
179
398
170
198
180
231
211
279
259
259
230
170
210
228
179
249
198
180
177
189
281
310
278
170
180
249
239
239
179
173
202
189
190
179
200
239
178
199
179
251
181
319
319
170
239
189
179
180
170
190
179
179
249
249
199
189
188
261
477
220
192
243
179
428
178
210
178
189
179
309
170
202
249
219
359
177
304
220
341
181
179
188
269
569
180
219
201
170
178
170
219
188
178
439
208
188
189
260
199
180
264
208
200
200
190
173
179
361
178
349
170
170
170
209
210
250
194
199
171
179
219
229
262
170
220
240
240
177
218
190
189
179
329
269
240
309
230
181
181
199
171
219
211
430
188
231
170
190
200
218
170
179
354
239
220
170
238
180
230
179
180
229
187
551
178
199
182
229
170
200
369
280
239
290
339
311
170
179
199
517
192
180
179
290
300
180
260
279
238
229
190
179
188
178
180
200
250
178
238
176
170
170
181
170
179
220
180
278
192
437
170
230
429
241
260
187
180
340
311
190
192
170
189
202
178
190
180
270
320
181
233
198
220
200
221
180
409
170
259
399
181
187
338
189
325
240
209
179
170
191
218
219
178
178
360
180
180
199
240
299
310
200
189
170
259
179
170
211
270
210
440
179
181
330
477
210
331
259
448
251
190
179
440
230
179
180
249
170
179
221
191
200
459
171
199
320
178
202
188
259
170
279
170
170
279
181
179
198
170
209
310
179
188
211
170
230
171
197
218
180
328
190
188
438
180
468
398
250
171
298
210
170
179
170
178
170
220
170
260
368
177
678
188
177
172
180
238
268
330
300
170
189
171
199
179
187
210
400
229
170
189
219
170
179
512
178
178
180
262
177
357
177
178
519
229
329
173
180
389
289
170
196
438
199
239
190
199
199
543
268
250
199
281
179
250
279
201
186
310
201
170
208
389
186
189
178
579
170
467
179
179
179
180
179
249
180
428
258
179
231
219
218
357
172
187
180
171
180
170
179
180
180
380
190
188
369
171
178
238
251
437
190
179
188
238
238
531
182
319
187
179
171
171
199
188
199
280
869
190
281
230
379
189
190
260
188
209
427
170
198
239
600