59
110.
130.
151.
240.
133
249
250
260
245
360
351
410
321
350
248
251
331
330
250
254
253
480
1100
250
370
320
435
329
331
300
260
251
251
260
250
269
243
241
300
361
331
281
289
510
340
249
260
250
460
371
590
249
250
249
241
271
280
429
312
289
260
270
531
249
260
268
270
349
300
270
329
308
282
310
429
250
279
250
269
249
272
340
311
287
249
340
290
278
298
269
306
290
271
248
289
242
250
291
250
279
349
251
299
290
269
262
260
301
360
331
260
260
260
241
259
280
438
301
251
291
280
409
351
241
260
244
250
279
539
331
350
332
369
243
399
260
330
300
242
249
309
300
321
349
250
241
278
241
269
249
311
271
241
241
260
260
249
291
342
1199
241
319
270
380
370
260
260
270
257
242
271
249
260
300
290
270
311
249
248
330
279
249
250
254
1291
531
290
258
251
241
449
260
262
481
599
269
241
260
259
259
252
289
319
258
249
270
261
420
269
288
302
320
270
249
280
321
274
251
260
270
270
260
241
280
250
269
350
338
413
353
251
289
251
309
241
260
249
270
260
250
241
260
270
261
268
251
439
318
250
310
279
380
241
249
290
290
241
290
300
291
410
490
280
259
249
309
649
241
260
311
429
280
299
250
1180
290
250
381
291
270
359
241
300
310
249
301
290
309
292
241
270
248
258
338
278
259
492
254
256
259
249
258
241
530
447
281
257
249
541
280
250
250
341
260
301
270
241
370
280
250
280
267
380
261
389
313
241
380
272
248
337
260
260
251
290
320
629
251
270
300
250
249
249
261
251
440
570
259
241
290
270
422
351
249
309
579
510
241
351
350
300
260
299
540
280
308
260
281
241
430
390
269
319
248
339
256
412
288
410
270
248
399
264
319
329
333
429
279
539
250
370
290
349
310
260
259
300
311
278
251
360
459
269
984
291
378
701
361
372
288
242
249
241
330
281
450
780
492
737
410
301
282
287
281
260
250
270
267
411
339
300
280
280
268
280
340
409
280
310
388
297
270
420
280
330
251
250
250
371
443
260
1252
269
500
340
251
258
262
299
297
251
441
269
259
251
251
341
248
260
252
401
250
452
288
255
261
250
550
322
379
1170
255
271
430
260
259
317
267
271
339
261
269
310
290
1242
260
390
410
321
242
300
382
278
259
250
251
250
341
381
280
293
310
242
311
260
250
259
270
251
259
250
412
328
310
299
249
249
241
260
268
351
251
270
251
320
271
258
270
252
270
258
241
250
398
621
260
280
250
340
241
520
242
273
250
279
301
331
249
270
279
280
259
241
279
280
280
272
308
250
271
248
249
640
259
249
311
243
249
249
252
272
260
274
260
260
280
251
330
250
270
249
290
320
249
290
241
290
341
281
271
290
291
242
260
250
250
280
249
260
250
370
291
270
269
249
250
251
270
401
260
261
241
242
250
249
259
262
250
280
260
381
331
257
248
291
261
268
269
243
291
429
411
402
251
429
251
420
371
319
259
351
419
290
280
259
351
247
241
279
308
249
271
267
241
248
272
270
280
299
340
241
280
251
278
241
339
251
300
270
241
250
250
270
269
291
259
265
269
261
260
340
270
270
310
300
280
370
330
269
251
249
241
251
250
380
271
280
470
261
302
250
259
300
241
256
300
250
310
243
241
273
278
430
310
301
292
252
251
250
258
309
270
260
387
280
249
244
259
271
310
461
247
440
939
408
300
269
250
280
252
241
250
242
280
280
331
341
471
351
290
289
243
271
248
250
268
269
260
330
481
272
279
249
260
245
250
258
242
243
250
272
242
270
420
431
278
319
480
260
391
270
290
411
351
321
278
320
241
320
280
259
309
269
270
249
339
250
389
400
541
269
252
290
250
250
259
241
251
421
249
280
291
279
381
300
369
281
260
312
242
250
269
320
320
258
330
411
289
249
310
270
571
279
341
390
291
261
260
270
254
339
241
252
249
340
333
320
250
251
260
260
429
419
248
280
402
468
251
438
277
571
432
301
479
261
258
498
251
245
248
310
298
318
384
258
531
249
1240
249
309
292
370
448
350
471
271
380
258
250
370
291
262
270
341
259
420
409
548
469
731
279
250
249
309
269
250
241
271
351
268
370
702
487
700
268
250
360
309
300
418
291
349
260
291
362
400
241
245
280
439
311
1341
249
407
400
250
380
292
241
249
270
291
249
440
259
250
250
360
351
290
299
320
331
267
420
302
481
300
340
290
241
250
280
310
250
260
360
390
368
420
319
321
320
291
311
258
319
420
300
270
290
251
291
262
541
260
251
241
251
249
241
300
272
458
310
333
312
241
261
259
311
381
275
270
250
260
32899
275
259
268
432
708
359
490
250
249
250
260
331
321
320
269
419
250
292
249
249
250
370
249
248
253
251
261
1241
272
288
290
282
492
278
370
262
250
251
258
260
251
331
522
310
261
269
243
259
280
470
541
250
300
252
268
241
310
339
301
270
270
250
351
268
260
250
608
290
339
301
249
350
296
279
259
339
269
241
270
280
249
250
300
249
259
301
271
261
282
280
270
253
311
302
350
269
291
250
249
244
428
321
350
310
250
259
470
331
270
439
410
560
330
301
320
432
248
272
260
279
321
291
367
262
243
260
241
251
290
249
288
260
243
261
270
261
251
319
270
293
248
350
303
281
340
321
261
250
280
280
300
271
241
321
247
259
351
260
330
260
249
280
253
251
321
272
269
460
330
252
259
249
271
249
290
422
386
251
241
259
275
291
249
251
247
290
260
319
252
251
309
280
289
299
320
249
251
257
269
288
270
281
251
280
270
309
321
430
278
449
321
340
339
300
281
242
248
300
248
241
250
290
261
270
299
320
311
351
511
329
342
242
299
249
259
270
259
320
510
331
340
440
250
1140
948
249
263
260
270
271
421
251
460
511
242
271
290
332
260
349
320
340
280
289
292
340
250
259
259
300
430
529
300
241
251
241
251
370
268
282
258
371
410
241
250
270
420
479
370
241
250
418
301
259
270
251
250
250
422
358
371
519
252
242
269
319
369
290
270
409
259
440
547
250
241
249
291
242
252
349
320
431
260
310
260
259
250
250
499
312
311
522
288
350
311
348
270
270
279
512
268
241
270
259
421
309
300
331
251
281
301
249
489
323
289
250
260
241
360
301
421
379
470
309
300
521
390
300
371
259
279
251
270
300
301
269
430
241
760
713
249
370
249
312
291
249
310
259
260
279
241
371
368
560
519
620
501
301
318
379
318
241
311
290
250
258
257
361
399
250
270
328
251
252
262
425
301
392
440
450
269
241
279
249
371
410
249
242
249
421
569
250
301
381
351
261
279
250
391
351
290
423
351
242
259
250
301
329
542
370
248
261
310
350
259
620
660
269
251
291
269
272
332
341
251
290
712
248
310
610
280
290