56
110.
130.
150.
229.
131
251
248
230
231
250
250
360
250
539
260
380
249
239
431
281
298
279
258
288
250
330
240
230
323
433
1250
609
290
259
240
300
230
285
242
360
249
250
250
236
230
232
240
241
238
240
248
230
400
499
398
249
579
290
239
231
238
232
230
237
259
240
242
240
491
409
242
240
281
250
230
241
252
240
649
290
370
260
244
268
230
260
238
251
232
230
237
231
279
249
240
241
419
398
299
232
239
311
270
239
230
242
231
240
230
241
249
270
238
239
259
269
259
300
271
231
239
250
348
250
449
279
360
230
231
230
250
231
242
241
259
409
299
240
231
250
230
271
230
230
238
231
279
260
230
230
248
250
241
349
411
332
271
379
361
380
239
231
249
233
280
259
250
270
340
290
240
240
230
270
241
300
321
232
241
319
461
230
233
231
268
361
361
591
240
271
441
280
289
248
230
249
249
261
269
260
230
271
561
240
310
239
231
240
459
350
323
620
231
238
259
230
274
280
311
550
351
309
230
235
239
240
252
351
230
230
231
392
390
320
260
359
270
249
539
231
270
237
240
370
290
259
237
242
240
239
230
343
313
258
240
238
250
234
312
360
301
319
490
250
339
249
231
250
281
230
230
241
230
231
231
258
390
328
310
260
289
290
769
341
288
230
269
231
540
350
290
230
241
230
248
349
298
230
250
230
462
242
248
249
290
349
331
560
231
250
289
231
254
231
419
331
289
239
230
230
231
341
328
1180
239
313
428
351
1221
252
241
241
230
269
240
291
271
378
281
251
240
250
232
280
248
290
1239
232
231
490
350
270
312
252
330
240
259
230
231
230
240
230
250
240
400
300
240
430
259
258
361
290
250
261
234
230
491
242
416
290
243
380
441
360
258
260
232
282
302
236
241
269
338
270
421
268
230
241
241
450
1399
242
230
232
286
590
710
241
270
341
310
249
230
340
361
377
260
250
252
250
231
242
248
351
239
237
240
330
331
329
230
288
341
299
420
239
280
231
381
440
279
332
359
260
511
312
230
240
260
283
269
238
329
311
510
282
340
371
360
359
230
269
340
320
240
359
360
351
311
269
270
330
508
240
259
450
260
230
231
239
260
361
300
361
330
440
240
250
344
561
600
260
251
330
260
370
290
470
889
241
1091
1382
269
291
391
321
261
279
249
259
238
231
230
269
249
341
399
290
430
284
271
438
230
230
290
240
240
350
418
340
251
243
248
231
242
440
380
263
326
230
239
241
239
308
230
249
260
291
238
309
389
240
250
239
361
240
661
240
239
302
239
230
230
241
261
249
249
279
241
252
230
491
562
270
230
290
266
230
270
239
236
258
269
270
359
401
249
241
238
238
300
239
241
230
260
240
402
329
230
230
368
340
249
263
243
238
242
291
230
250
302
240
258
269
1120
230
340
279
230
239
511
261
251
238
290
281
240
289
269
240
240
293
407
279
269
270
250
290
243
259
243
231
292
251
290
240
231
249
261
260
600
500
311
310
259
361
238
250
251
239
241
281
300
327
249
241
288
259
249
238
310
260
230
282
281
462
280
291
239
250
391
310
311
299
250
420
230
279
231
270
250
240
233
399
340
350
239
258
239
240
261
358
290
230
301
249
251
270
318
360
240
249
230
239
290
270
231
232
250
267
230
257
230
230
230
251
371
371
309
249
312
230
230
239
331
270
261
399
251
318
364
230
261
259
291
240
301
289
270
250
249
230
252
418
458
350
360
231
291
240
240
240
253
250
240
270
251
231
240
230
240
230
237
360
250
290
322
411
239
240
230
252
230
260
252
235
323
359
259
260
378
260
318
308
469
232
232
240
289
450
240
230
360
309
281
231
248
230
240
282
250
348
290
241
240
233
280
230
301
279
290
416
320
241
260
230
232
230
230
310
291
470
400
231
239
230
249
237
310
280
230
299
248
252
230
233
238
230
231
251
329
301
599
289
340
312
240
232
240
240
299
257
241
349
330
359
299
332
250
270
448
231
261
320
340
411
290
291
230
301
451
340
231
270
230
239
250
259
452
658
280
230
327
350
288
400
240
252
230
232
319
251
299
369
381
320
332
240
300
381
305
240
239
240
289
280
271
231
240
238
251
230
411
1079
240
239
329
539
230
261
270
390
249
288
420
321
1090
230
240
250
438
230
339
251
518
359
270
268
311
239
231
240
233
230
380
350
289
250
230
230
231
250
381
280
311
239
381
230
241
360
460
239
239
230
270
230
281
249
441
320
230
280
252
350
361
401
290
429
231
231
410
558
330
310
259
239
278
299
240
388
230
290
231
239
310
320
352
300
241
289
429
239
240
241
251
240
377
269
247
243
243
371
230
291
235
240
239
232
240
270
260
340
350
242
238
250
261
250
260
610
480
302
231
231
240
233
231
270
250
230
269
251
271
250
251
231
230
237
230
273
392
409
230
290
231
300
249
230
230
243
260
238
261
231
240
578
400
290
330
371
420
251
250
243
252
230
289
239
252
292
290
231
260
239
230
290
230
269
254
232
240
238
239
313
309
319
249
560
251
230
279
240
230
350
302
327
360
240
248
230
252
280
249
240
251
231
262
230
244
237
247
416
350
291
361
310
241
230
239
261
250
239
230
230
240
260
230
470
370
250
250
249
241
241
260
240
237
300
233
241
259
308
310
232
289
230
310
291
371
253
230
261
437
240
250
230
250
254
260
260
279
580
360
249
241
240
419
288
259
240
250
237
230
262
240
231
282
310
292
250
272
257
260
251
234
241
243
242
241
319
402
319
248
1290
250
260
240
279
240
250
231
231
252
240
350
260
271
269
389
253
233
269
280
279
240
482
233
233
232
237
269
281
260
320
330
231
247
230
230
238
231
231
230
341
252
331
259
272
251
391
230
251
260
239
248
260
239
320
369
349
330
230
241
260
231
381
234
300
260
314
351
310
230
250
310
232
230
239
306
230
230
231
425
390
360
311
281
608
281
350
232
240
400
429
680
239
248
230
238
231
270
240
271
399
522
256
238
267
312
370
231
235
230
238
230
231
237
292
301
230
230
231
241
240
259
381
307
251
418
253
240
239
253
488
251
230
239
270
340
352
429
389
339
230
249
231
241
230
250
241
320
440
239
290
560
320
242
240
230
230
539
240
251
250
278
249
280
230
319
339
501
360
290
330
371
230
230
240
230
230
249
240
269
279
289
499
352
230
250
230
341
1350
230
238
250
250
259
300
1280
231
260
230
259
330
289
420
231
249
260
350
319
510
420
339
240
290
271
370
230
270
230
361
330
390
290
250
300
513
316
250
242
231
252
1091
311
420
351
239
281
269
249
419
230
449
900
240
240
251
230
270
361
232
351
520
379
240
320
291
231
244
279
260
1369
239
230
359
250
262
316
379
330
431
240
249
420
280
351