30
110.
130.
152.
250.
134
320
439
272
489
290
350
431
380
471
269
1300
259
262
260
262
270
261
270
1198
270
270
382
252
290
253
360
390
300
379
300
310
258
269
259
261
258
261
252
330
272
259
271
280
259
270
270
330
301
291
371
440
400
320
269
270
338
259
271
350
540
270
269
299
322
267
258
288
259
269
268
300
520
519
271
271
278
282
252
252
279
350
259
282
270
361
390
391
251
269
272
260
261
259
303
290
262
259
366
259
271
289
290
328
398
300
289
290
260
399
279
270
280
261
270
270
259
260
291
259
260
281
280
299
269
391
421
538
370
260
289
270
259
260
278
308
280
272
259
253
259
261
300
311
261
392
299
400
372
769
302
282
264
252
271
300
270
261
280
270
259
306
300
271
254
269
309
288
269
261
259
360
1210
259
271
251
280
280
491
279
290
310
392
382
330
288
400
269
271
291
270
300
260
264
351
259
260
349
270
269
260
332
501
281
310
330
253
260
261
271
251
339
391
291
416
268
270
278
301
311
370
308
300
272
310
251
258
281
251
270
270
400
269
310
400
340
431
289
262
280
370
320
270
320
259
269
281
252
251
268
278
260
268
273
270
301
291
459
411
330
370
559
293
268
259
251
300
260
260
259
278
260
260
271
252
290
259
310
269
257
288
398
311
260
260
269
271
269
280
301
260
300
349
271
259
259
429
312
318
411
392
290
290
281
290
310
258
260
341
260
351
299
281
279
270
310
259
280
310
309
254
360
441
329
339
259
320
270
278
260
271
260
259
298
310
318
251
260
270
260
280
270
258
269
541
261
260
259
301
279
271
279
278
251
412
347
358
269
301
280
279
292
290
281
319
258
260
330
281
740
279
270
261
271
489
290
265
270
260
282
300
360
320
361
281
280
252
281
270
270
299
389
310
311
389
270
320
308
272
259
280
299
251
291
259
279
429
611
399
251
260
321
401
252
471
361
258
539
260
370
259
260
371
399
270
260
269
280
271
799
360
292
259
258
260
420
279
269
401
301
270
270
340
700
479
279
271
251
341
339
270
280
342
490
251
259
278
351
290
321
312
259
279
360
488
252
252
399
359
611
470
260
290
257
349
278
280
361
303
350
260
263
370
369
321
389
320
391
370
288
430
321
311
309
400
421
369
277
309
252
280
419
470
270
410
272
1120
254
290
252
268
257
270
260
259
310
292
539
290
264
253
281
299
261
260
258
251
259
270
259
301
331
290
263
273
260
299
269
260
312
262
291
270
290
428
358
330
259
259
261
252
459
550
290
260
371
259
261
290
251
300
259
270
380
359
262
270
258
399
276
262
260
319
280
259
260
308
301
258
293
260
251
269
251
278
291
279
278
259
292
282
270
349
281
320
260
253
281
290
270
261
280
258
258
282
251
320
283
270
299
401
372
251
320
380
261
300
251
269
260
320
278
251
268
258
252
253
251
270
372
279
288
287
280
332
308
628
320
348
480
261
273
269
262
279
254
261
329
251
282
309
309
260
309
289
350
350
351
309
320
400
260
278
301
260
260
251
307
491
269
269
410
369
412
533
301
319
440
356
251
288
261
290
260
289
280
252
280
351
362
309
309
251
269
320
261
287
260
278
332
300
278
270
260
252
259
259
261
252
419
321
300
252
261
251
290
300
281
260
269
340
300
1301
348
370
251
261
340
262
270
349
256
263
258
279
280
261
260
268
317
260
270
290
280
278
262
270
258
280
376
569
481
352
579
300
270
270
340
259
270
301
261
272
279
311
258
370
269
281
389
268
260
283
290
278
259
320
278
270
328
291
279
270
260
281
270
281
260
364
361
301
270
313
262
271
269
257
301
451
263
252
380
291
260
282
268
340
322
402
251
259
251
290
264
280
277
299
269
261
388
291
272
302
291
281
308
300
269
261
270
262
278
390
289
280
310
251
279
271
317
280
252
260
309
251
259
251
261
501
409
291
272
310
300
1138
260
259
271
259
368
279
251
270
272
270
259
380
269
279
339
380
289
290
319
268
330
269
290
361
342
258
270
269
258
297
280
260
279
260
290
381
260
261
359
429
330
251
432
287
290
269
311
310
280
261
291
340
309
258
369
350
255
258
258
311
265
270
260
1221
369
302
257
251
280
252
370
360
301
321
320
1061
281
268
340
341
310
333
337
280
395
331
339
491
323
251
290
271
351
1160
379
320
411
271
289
251
289
290
420
251
658
310
332
289
380
310
422
282
268
510
260
269
370
390
480
268
1141
360
260
358
371
341
430
289
260
251
271
270
258
280
252
320
300
261
321
450
269
298
289
252
259
279
261
382
379
269
290
300
371
268
280
251
500
280
310
518
251
259
257
252
272
290
260
259
262
270
280
531
387
462
280
259
270
259
279
252
301
481
271
285
261
278
259
270
260
259
251
301
379
321
251
260
300
341
269
271
281
280
329
369
271
269
400
310
280
251
271
260
251
300
261
309
271
260
279
251
251
267
261
262
270
299
251
302
1110
429
350
261
269
292
270
280
279
279
319
290
260
289
260
278
297
309
330
271
260
281
258
260
281
300
302
278
300
473
269
269
280
251
261
279
322
282
290
260
281
252
259
283
251
280
261
251
320
301
271
291
400
289
279
309
280
370
259
251
526
321
351
260
361
290
251
364
260
280
270
268
258
450
262
260
370
349
289
251
303
260
268
300
419
320
259
318
280
257
280
300
272
260
258
258
429
251
260
252
268
259
251
281
258
400
360
260
260
279
281
258
260
290
309
251
371
269
261
570
257
270
369
280
252
259
321
269
260
299
340
260
299
259
271
279
347
313
742
329
491
441
341
261
259
278
261
280
271
283
279
278
259
292
271
280
390
272
251
339
270
261
251
270
278
260
259
290
251
352
339
251
251
310
301
290
259
301
269
299
260
290
260
298
300
268
271
279
321
281
270
280
269
260
330
271
259
289
270
253
251
271
311
271
268
338
281
280
270
258
270
286
258
310
281
301
309
305
258
290
280
481
375
270
260
300
263
252
269
280
270
268
340
258
291
251
295
278
253
310
271
499
261
271
252
300
251
289
251
261
251
270
275
310
270
352
260
281
251
259
251
289
269
251
270
340
300
260
258
279
281
339
282
279
291
259
258
271
281
310
349
310
281
261
260
260
314
259
251
339
292
338
280
261
320
271
251
281
410
362
1060
290
252
320
251
311
389
318
256
380
308
401
290
270
260
272
323
281
291
257
282
381
301
400
339
260
258
281
251
309
341
272
298
622
464
295
269
280
331
280
353
257
261
311
322
337
393
258
271
259
301
268
291
260
600
289
1229
290
282
290
310
269
270
301
269
292
352
380
300
332
258
253
340
412
451
342
260
270
461
261
301
261
268
719
579
489
266
270
1141
340
259
269
270
264
280
270
290
391
254
360
268
361
270
312
300
260
408
540
300
300
331
252
280
279
265
269
431
320
263
291
251
319
329
413
281
268
330
580
350
370
270
300
262
270
258
290
272
320
291
300
260
280
282
451
350
260
259
280
270
279
279
270
260
268
361
289
411
272
260
299
289
280
272
270
279
460
390
490
261
289
290
1199
259
262
270
340
408
359
341
279
260
262
323
288
269
271
261
260
268
256
259
258
258
290
290
268
271
280
273
270
380
479
339
371
360
448
310
251
261
282
290
269
350
269
280
290
259
259
259
270
299
270
310
270
281
251
279
290
270
270
270
270
530
369
290
329
350
271
272
301
290
260
260
288
271
252
399
628
521
261
251
361
270
370
269
280
399
421
492
259
317
270
312
253
300
410
288
258
329
262
290
270
260
281
382
479
252
278
259
330
340
330
251
251
251
280
260
450
290
260
251
251
361
258
280
380
501
288
260
268
258
259
268
270
310
360
299
270
278
390
251
278
330
350
340
259
252
280
269
312
251
259
281
252
309
278
259
299
252
261
291
372
579
510
251
269
420
309
431
311
260
265
287
272
290
270
260
251
260
260
280
289
251
260
261
253
252
330
310
402
382
260
269
301
270
400
260
268
313
283
278
289
308
340
342
251
311
260
301
329
411
251
259
279
309
264
271
432
291
280
270
288
322
400
540
259
523
370
253
269
261
261
352
542
253
262
257
269
292
285
270
258
279
270
280
259
381
420
489
251
251
268
278
320
470
271
270
302
251
281
260
310
259
252
349
251
309
251
319
270
300
270
300
260
269
280
270
263
282
420
520
289
261
272
268
409
258
448
490
260
252
252
280
267
271
511
709
251
291
261
280
281
275
280
540
649
432
358
251
261
290
271
300
394
321
391
281
279
256
365
298
419
761
280
350
1240
261
439
530
360
300
267
353
282
259
310
579
449
610
330
270
269
268
280
290
590
1099
262
341
287
1173
282
382
379
562
259
330
340
260
310
279
1222
390
399
480
298
429
290
300
272
261
290
341
373
340
301
339
359
279
252
261
401
282