37
66.
79.
92.
148.
82
179
152
180
159
150
149
149
178
160
160
149
159
160
159
200
151
179
322
151
211
370
149
159
170
149
166
149
149
149
149
177
170
159
180
219
331
151
150
179
159
151
149
149
167
178
176
149
159
188
149
150
149
150
209
310
220
320
149
150
150
150
150
160
149
153
149
157
161
149
170
149
158
158
160
149
159
149
150
190
300
149
332
150
165
151
170
149
150
149
149
249
149
149
149
150
150
159
211
181
250
241
169
156
149
149
169
149
179
150
149
149
149
149
169
160
161
171
157
280
361
159
200
149
160
150
151
150
157
161
159
151
159
157
222
169
160
149
149
160
149
150
170
149
150
150
220
220
540
210
309
170
151
159
154
149
149
159
158
177
149
151
149
169
150
169
159
149
149
158
150
150
151
210
160
150
210
360
219
179
156
149
149
190
160
160
150
149
170
149
191
149
355
161
149
160
192
160
152
150
159
159
149
150
149
191
370
340
220
190
180
149
149
159
150
150
183
150
169
158
158
152
149
150
161
149
150
160
159
151
150
150
149
181
239
320
230
370
149
149
160
151
149
159
154
149
149
189
149
149
152
158
236
150
149
151
150
158
151
169
149
291
230
158
259
220
159
150
150
149
160
168
160
150
160
149
159
214
149
150
169
171
149
200
150
191
221
211
184
150
150
149
150
150
149
149
160
1250
221
149
150
150
149
159
149
149
166
160
149
170
151
189
331
339
170
230
340
149
149
157
149
149
169
150
149
150
170
161
150
149
149
178
151
149
151
149
150
149
159
149
169
179
361
158
241
178
340
150
169
149
160
159
161
170
159
149
149
149
149
169
160
159
169
149
149
150
159
160
150
149
171
190
150
160
150
369
350
201
400
159
149
149
150
151
170
150
169
159
159
149
149
149
150
193
149
163
149
170
149
150
175
402
429
200
211
190
151
158
149
159
159
158
159
160
189
149
150
190
181
250
189
149
150
149
151
158
169
149
168
160
160
269
160
160
151
429
190
221
279
190
149
150
180
200
180
161
160
160
149
151
160
200
150
159
154
149
159
149
189
180
149
149
158
149
178
150
149
160
169
150
149
149
149
150
150
178
149
150
159
176
234
159
159
159
159
149
149
160
158
158
179
300
159
219
160
159
149
160
160
151
173
150
154
149
149
150
149
150
160
153
149
149
149
159
149
160
169
151
149
155
247
150
160
149
150
158
149
150
149
220
300
310
170
149
149
160
149
151
149
149
156
159
160
149
191
150
160
149
151
150
149
239
150
169
161
158
161
149
149
159
150
151
160
159
150
159
149
149
167
170
149
160
159
150
149
150
150
210
200
309
900
149
159
149
157
150
149
151
160
150
150
160
188
164
160
158
179
160
150
180
230
340
199
149
149
150
151
150
150
149
157
151
161
159
149
159
159
149
150
149
179
168
160
151
160
389
340
150
227
150
149
150
160
150
149
150
151
151
149
149
171
438
320
170
180
173
160
150
170
160
149
159
150
158
169
167
149
159
149
150
149
150
171
171
199
160
159
159
150
149
149
158
171
159
158
149
157
149
149
181
170
190
161
151
160
177
162
150
157
149
165
151
169
170
150
187
149
150
150
169
191
158
153
151
151
151
160
160
169
150
149
170
149
149
149
159
150
151
171
149
160
150
170
154
149
280
160
161
190
150
221
169
179
150
161
150
159
150
172
159
150
150
150
161
160
150
232
149
150
166
149
169
161
179
160
149
149
200
171
350
158
149
1208
149
155
149
151
189
150
156
168
189
150
159
170
149
149
198
150
150
151
150
157
170
150
149
180
150
281
280
359
159
160
149
180
161
151
149
160
149
170
150
150
160
160
150
161
159
150
159
149
158
150
149
150
159
150
159
150
150
152
158
189
150
149
159
160
170
160
180
179
200
171
151
150
158
166
149
150
172
149
150
149
150
149
161
169
150
169
151
160
149
149
149
361
320
149
160
201
170
160
161
170
150
150
150
149
179
150
159
189
169
173
150
169
162
170
157
158
160
168
159
159
160
180
319
540
331
149
161
150
149
160
150
155
149
149
150
159
158
149
150
150
158
149
151
149
240
299
231
162