31
109.
129.
149.
220.
129
260
230
261
251
222
248
231
311
221
239
230
230
340
230
350
440
311
291
300
229
230
223
250
299
408
249
249
227
270
299
811
369
231
250
411
222
240
252
232
360
373
230
241
221
418
640
340
530
260
229
229
260
229
349
289
260
229
261
363
309
221
320
340
411
589
249
281
262
339
230
380
249
486
250
263
222
250
229
259
239
320
302
368
270
301
429
360
231
230
240
228
241
259
1269
1190
228
230
1189
290
279
311
418
221
228
248
221
221
240
259
229
319
229
648
421
291
223
241
229
289
382
242
260
310
390
271
270
300
225
229
249
230
260
259
250
280
449
221
279
222
261
258
226
239
230
231
231
280
240
269
528
282
511
301
231
229
229
260
221
230
269
271
410
371
412
401
399
530
222
228
228
221
231
232
229
230
222
290
239
251
1270
259
229
365
390
1209
381
430
289
228
243
230
223
260
229
228
221
350
230
280
227
222
230
451
439
238
490
239
580
240
222
253
229
251
380
231
241
270
239
240
375
282
229
230
251
232
241
240
302
321
372
248
230
290
329
1259
380
227
223
228
226
231
258
240
289
430
239
250
228
228
280
230
238
261
410
301
225
230
241
240
240
230
341
499
570
225
226
370
291
320
340
250
239
260
242
259
240
299
279
410
560
240
232
261
358
320
290
230
227
255
240
259
422
309
277
250
230
231
230
230
379
260
1159
270
259
251
289
227
242
228
230
310
230
230
229
240
229
229
280
281
330
340
250
230
260
291
230
229
271
248
221
270
230
231
248
239
240
939
240
501
221
351
250
231
350
491
313
222
230
229
239
433
279
231
350
318
319
270
270
239
250
438
300
221
250
239
250
230
222
221
223
241
269
440
480
228
231
470
1070
221
221
228
221
228
229
341
398
450
239
362
329
310
230
222
271
270
260
310
529
224
240
227
320
291
270
492
300
222
230
221
240
240
221
369
320
470
222
439
240
408
231
223
259
230
252
240
242
221
230
270
260
271
280
312
420
250
221
357
240
339
221
230
221
280
800
350
280
230
229
252
231
232
223
421
228
221
221
231
239
238
238
236
229
231
229
310
296
223
230
380
410
549
263
231
231
240
290
371
249
227
229
259
441
239
290
247
308
302
232
370
497
272
280
223
229
240
350
318
380
240
331
232
240
259
290
229
1190
231
221
340
300
238
279
221
350
278
499
222
230
271
240
221
228
221
229
232
290
249
521
340
221
240
290
262
231
222
229
249
230
228
240
231
372
329
229
320
401
232
271
369
309
230
262
310
320
360
261
230
349
371
390
230
222
279
379
293
430
249
229
250
238
230
290
380
309
222
252
231
259
390
270
361
310
221
241
249
291
231
222
240
229
241
230
222
260
260
231
289
311
225
360
239
230
230
240
350
240
228
221
229
290
230
230
302
369
809
320
230
390
229
449
233
230
230
232
231
229
230
230
250
261
268
652
589
521
301
222
258
240
260
227
224
230
221
250
240
228
438
302
221
232
253
229
229
241
310
289
248
229
250
253
250
232
230
222
230
359
421
311
221
321
400
271
290
271
268
260
260
282
226
258
428
250
240
230
229
361
239
229
240
230
243
229
342
229
249
443
290
270
230
249
253
341
381
312
221
228
259
359
1151
270
250
243
221
239
341
230
221
247
240
235
229
223
341
290
431
221
229
249
221
302
1180
321
229
300
240
229
248
230
242
250
381
281
240
239
228
241
231
233
270
228
250
271
260
319
222
229
301
330
259
271
299
269
230
278
240
379
341
319
224
239
221
221
271
228
221
250
225
229
301
499
322
329
331
290
240
228
690
280
239
230
233
229
231
230
228
849
222
231
352
409
467
259
301
504
286
230
228
270
233
245
300
230
221
221
320
228
310
232
223
321
237
251
410
269
330
248
229
224
226
430
361
320
470
230
351
249
240
240
250
241
310
230
250
410
271
239
272
350
350
230
241
238
221
320
317
648
230
221
280
329
359
512
233
250
250
269
280
260
311
440
300
262
251
278
228
311
269
235
350
249
318
282
249
270
820
221
229
252
230
279
229
390
407
300
331
238
239
231
249
260
290
239
221
232
228
229
229
261
310
300
241
271
359
331
448
260
310
241
230
371
279
270
230
679
260
251
230
462
319
272
221
221
401
231
351
300
240
231
228
360
317
360
228
230
229
230
255
240
390
340
230
223
251
380
301
249
230
243
250
350
381
252
311
391
230
230
301
329
227
229
249
481
222
230
230
221
228
228
1050
269
430
440
332
230
221
230
249
230
230
228
230
330
360
541
422
239
338
229
250
1238
230
223
261
228
259
234
227
221
239
250
388
561
221
410
789
226
240
260
262
221
231
248
230
300
231
290
380
280
270
340
400
230
260
263
289
221
230
260
231
228
430
320
239
240
281
241
230
260
310
289
269
392
298
508
239
237
310
432
300
221
230
239
260
269
249
229
381
221
279
379
241
239
258
229
229
234
221
258
230
230
221
260
239
593
248
252
261
321
298
411
228
230
290
380
236
229
221
227
230
361
366
280
230
270
238
269
259
240
511
240
239
277
222
287
249
281
239
411
230
221
349
241
240
229
371
342
331
241
231
221
239
290
300
240
239
301
591
221
229
221
292
421
309
229
250
221
379
400
222
233
300
291
299
243
331
260
311
230
240
249
230
261
240
230
238
240
330
341
370
229
229
260
259
330
230
231
229
240
279
306
240
241
230
230
370
260
350
240
360
280
230
221
312
360
238
250
237
230
239
221
240
230
270
240
249
229
230
221
230
230
228
230
292
261
309
260
230
222
380
222
228
240
228
840
407
311
411
240
260
340
224
229
361
551
230
238
231
320
569
240
269
230
221
420
340
299
229
250
229
221
229
230
300
271
249
428
739
360
269
232
242
252
239
239
270
319
227
315
268
247
382
438
271
279
229
280
241
241
250
229
230
250
240
239
321
338
260
247
320
320
239
252
230
229
250
231
229
299
231
231
230
252
320
281
230
240
230
229
329
229
250
241
300
241
239
230
238
231
252
410
239
411
350
381
260
240
239
351
290
618
399
459
230
321
320
235
230
291
302
379
370
229
221
510
260
539
230
233
240
222
222
601
221
231
289
250
330
312
300
230
232
229
230
221
240
1199
340
340
331
228
360
360
364
261
351
352
390
440
269
318
279
289
239
230
231
230
271
294
320
799
231
221
259
258
358
499
230
229
230
230
281
230
231
230
268
251
221
222
327
332
240
279
689
488
251
229
228
250
230
380
230
232
310
289
389
369
281
372
412
231
228
239
228
240
230
230
259
270
290
312
240
240
221
228
232
248
232
357
238
261
229
238
340
330
279
289
311
327
239
331
240
241
223
249
229
231
255
239
250
239
429
581
539
241
259
410
250
291
223
221
251
229
221
250
254
329
529
360
229
232
280
340
420
228
428
400
301
250
239
240
231
221
231
228
230
320
280
309
228
228
226
282
269
440
300
290
350
248
230
241
260
320
251
370
230
231
248
230
250
419
230
541
340
342
221
229
230
229
230
291
269
230
290
240
299
261
321
231
310
239
1001
519
228
248
230
230
251
231
339
229
231
232
229
298
240
258
230
279
290
221
250
230
230
221
244
250
370
320
1188
224
371
289
233
310
221
228
240
247
1252
277
242
221
239
261
260
300
339
249
238
231
221
249
245
260
260
331
229
230
222
240
260
222
358
311
228
240
409
330
299
221
239
221
260
222
260
349
230
221
229
239
229
250
221
230
237
240
230
280
304
341
610
231
261
222
231
238
223
260
230
480
230
290
228
230
240
229
231
240
270
232
810
230
250
271
360
400
281
450
250
271
250
311
340
230
222
1339
222
229
222
229
312
376
310
399
232
239
238
240
481
290
221
243
250
278
250
279
330
750
228
321
310
229
227
241
230
239
250
230
241
279
441
228
252
413
350
230
269
230
779
222
300
310
318
232
489
1250
221
229
230
231
240
730
480
470
268
318
321
229
249
239
221
240
232
243
230
310
230
379
233
229
418
352
529
270
230
230
259
221
299
233
300
322
229
255
269
241
241
291
229
230
250
230
268
1070
321
330
259
301
440
315
390
271