36
101.
110.
120.
198.
114
208
211
203
231
281
240
209
330
240
241
271
200
199
271
309
361
210
251
273
221
240
263
212
341
350
211
229
268
1123
201
201
221
209
199
201
272
219
201
229
250
241
201
291
209
380
213
199
200
199
240
292
200
320
280
200
241
220
199
204
218
199
220
215
261
379
319
400
212
340
290
231
381
200
210
200
241
269
221
212
231
220
333
200
215
222
208
229
212
211
228
219
209
232
344
265
211
229
1210
392
219
242
208
214
200
232
390
328
301
210
332
341
241
381
249
218
210
310
269
221
282
200
211
260
231
200
242
340
200
240
199
268
201
269
231
209
211
209
281
351
300
239
331
219
222
204
220
211
259
220
218
231
310
200
225
231
256
238
330
260
361
281
229
331
201
199
220
210
221
231
200
260
391
201
267
331
249
239
221
231
250
228
210
248
213
277
199
214
289
232
229
260
210
301
238
279
260
230
303
270
209
231
210
199
265
213
208
209
200
221
410
310
271
262
242
210
220
230
219
251
199
209
340
299
367
320
671
230
247
400
201
221
323
313
341
211
200
260
230
229
270
292
361
199
209
230
262
201
241
261
210
209
360
379
351
212
211
258
271
230
241
210
281
210
201
208
280
272
238
249
332
199
219
199
281
331
291
200
522
419
268
207
238
221
289
277
211
220
419
209
260
199
250
411
2668
243
250
211
224
230
250
289
247
250
219
219
264
211
250
230
259
207
270
361
341
879
315
199
240
809
202
200
279
200
291
262
211
230
302
211
219
221
202
213
238
212
271
269
301
330
239
242
212
238
201
200
210
271
221
211
259
239
349
270
321
349
199
330
223
210
226
211
241
240
241
220
201
201
332
200
342
202
382
319
413
240
222
200
199
202
199
874
200
621
240
215
312
207
220
312
203
204
232
300
217
373
330
201
230
212
258
270
211
312
280
441
290
309
201
211
227
202
261
218
203
199
342
740
231
220
317
228
221
210
219
200
263
580
203
248
309
811
199
212
219
228
228
264
201
290
598
260
268
226
252
250
208
322
342
221
201
241
333
398
209
200
211
205
211
239
221
204
229
211
231
291
741
220
339
221
232
220
200
239
242
199
210
280
229
279
250
591
200
349
21192
260
302
310
211
1171
383
243
219
220
420
250
221
228
240