66
100.
120.
149.
640.5
141
1260
1169
1120
1162
1070
1168
1130
1127
1159
1219
1178
1151
1118
1139
1340
1188
1210
1081
1131
1190
1201
1190
1110
1420
1161
1128
1110
1090
1150
1109
1140
1139
1110
1150
1129
1110
1151
1097
1209
1229
1149
1151
1213
1091
1599
1190
1270
1198
1239
1180
1167
1108
1139
1369
1700
739
1119
1230
1140
1151
1200
1081
1200
1131
1159
1189
1322
1261
1149
1139
1130
1620
1250
1178
1122
1091
1130
1351
1160
1209
1229
1119
1100
1574
1099
1149
1150
1070
1257
1220
1140
1127
1111
1111
1149
1180
830
1260
1177
1339
1108
1309
1070
1279
1161
1308
1159
3004
3330
3629
3641
3940
3839
3041
3330
3169
1222
1157
647
1159
1221
2090
1150
1140
1179
1793
886
4030
3662
2471
1130
1121
1217
1120
1080
1137
1391
730
2049
1121
1160
1139
1181
1272
2568
2570
1181
1150
1728
1228
1108
1170
1306
1328
1159
1111
1144
1129
1160
1110
649
1589
1310
1141
1100
1191
1080
660
2589
1291
1137
1150
1600
2492
752
1184
1199
2891
2330
1320
1120
642
1270
1151
1289
1150
1139
1122
1131
1203
1998
4360
1142
1131
1139
1159
1080
1099
1152
1300
1169
1150
1190
3272
3019
2999
3051
3330
3430
3039
1929
688
3801
2289
1169
1139
1070
4392
2550
681
689
1110
1131
1149
1139
670
1061
3040
3021
2048
1181
660
1189
1111
659
4389
1239
1539
1140
1120
1301
710
1158
690
669
1100
1080
950
1078
2100
1361
690
659
1180
670
849
1129
660
660
750
818
669
669
1320
1321
1319
690
1240
739
660
680
668
1220
670
1260
699
730
1440
679
690
1268
691
740
1131
730
687
1331
749
1090
661
691
1939
680
1178
691
3760
3089
720
651
681
650
679
699
659
721
680
760
709
789
700
720
1350
670
729
710
710
701
770
740
737
700
666
709
700
1160
1470
689
1340
730
647
738
670
1439
710
770
670
881
1151
659
770
643
1399
660
700
1521
749
649
669
1120
1630
740
695
749
687
738
1411
699
701
719
641
699
1481
669
680
720
779
928
701
760
731
649
1458
669
677
679
910
769
980
642
747
650
681
739
751
761
708
720
899
660
719
680
759
781
768
711
690
728
760
657
1048
1469
770
830
740
1201
729
750
697
1149
740
691
660
1151
729
660
1631
660
1501
1771
690
1450
1679
681
1140
791
649
750
811
2049
831
870
710
728
1100
708
800
1750
1909
729
1397
830
847
729
721
1480
800
740
810
690
1100
669
1498
770
740
759
780
750
650
650
2000
820
1531
741
657
738
1491
670
651
1387
838
729
641
729
650
1599
651
779
751
863
770
692
1419
670
759
777
729
720
1582
718
652
660
650
798
670
798
1129
1449
780
671
1160
719
769
770
852
744
711
2290
3008
3011
3030
1852
800
731
779
3641
3020
3618
1880
810
670
740
769
746
746
1569
1381
711
1020
720
1196
811
1620
1509
749
758
719
800
858
688
1468
700
749
1119
748
738
749
678
1131
1580
680
751
730
829
760
732
681
719
710
772
691
1979
641
1559
690
2499
679
2139
661
3939
3040
3030
809
679
1790
750
649
678
661
2910
950
779
822
791
659
708
740
729
699
761
1240
700
737
670
710
749
810
679
696
680
661
648
1150
699
1491
808
719
739
830
1459
710
653
830
758
1150
819
659
908
3411
649
1430
798
1550
651
710
831
660
739
740
660
670
770
749
652
801
719
1079
699
3510
1069
669
720
789
3520
3038
3020
3019
731
660
739
1500
690
829
980
671
649
758
730
740
1407
700
800
669
714
902
1188
761
708
720
930
648
1531
800
779
699
700
740
679
650
970
1160
970
1122
979
650
2141
650
730
679
1618
763
740
740
1180
704
720
688
872
759
709
710
810
728
670
650
740
1460
669
1310
1760
1190
691
1488
740
659
728
952
801
1430
1361
730
739
797
681
1511
749
830
760
720
730
710
659
1462
828
689
760
746
751
699
690
641
1501
1138
869
1152
710
763
1449
761
709
740
990
680
849
729
789
670
741
692
831
643
721
709
3581
1569
800
810
650
740
720
680
1110
719
939
730
1561
861
1228
1079
697
827
3400
709
840
679
659
770
768
720
808
1500
660
770
834
720
720
730
680
789
1520
669
699
748
690
679
689
660
749
670
672
710
658
661
759
1500
670
1690
680
1398
722
1483
756
670
660
788
689
710
790
760
769
961
644
641
650
1471
641
730
730
730
1621
890
690
1439
659
1491
736
800
646
1570
751
740
651
710
751
650
761
659
670
680
679
720
739
1641
1590
700
723
739
786
755
719
696
810
770
730
749
699
719
718
659
641
848
1470
718
650
720
921
1560
711
770
699
699
719
642
649
766
649
1389
719
699
2218
760
739
769
670
838
790
670
660
661
661
780
2491
3020
2338
740
699
780
720
730
750
649
757
790
861
720
1550
749
700
705
698
691
690
733
738
749
694
780
670
738
720
712
730
681
791
690
679
840
750
798
839
791
1399
1620
760
700
720
729
859
711
720
670
799
680
1570
1429
699
670
1428
660
680
730
680
1429
820
769
750
690
709
709
742
741
852
789
645
740
709
696
670
738
720
889
689
729
738
741
1429
680
722
740
739
642
670
1430
840
1860
1151
661
649
1501
739
769
1299
701
1600
1362
759
718
709
721
1380
750
670
799
3590
951
761
695
1480
641
801
689
658
790
2252
650
770
730
730
710
850
771
931
760
751
820
759
3282
3000
1820
799
1440
749
730
657
740
769
759
689
689
780
1812
3690
711
679
670
781
1170
741
779
761
650
650
720
643
739
660
697
730
1370
710
710
770
770
800
718
650
660
710
1480
680
776
760
800
981
718
703
1562
669
749
680
687
696
651
759
680
660
690
702
687
650
699
669
700
720
829
1171
790
710
721
662
700
699
3792
708
790
710
701
680
729
749
811
659
708
888
750
759
709
878
747
647
820
721
1412
711
3660
3027
3020
3051
2988
2741
1450
740
679
689
700
695
1309
699
690
720
839
1171
1188
1260
710
752
1622
740
793
1120
750
661
1450
749
690
769
720
648
661
729
831
670
685
648
714
719
1710
800
781
739
730
680
740
751
1171
1340
2100
1460
680
759
688
789
750
718
800
762
680
1070
771
738
1350
1149
947
710
1640
739
1440
739
700
671
1100
4561
3879
1490
770
660
749
720
660
1372
641
700
1190
970
710
708
709
721
729
740
661
714
1560
1399
711
690
860
3600
670
867
1501
720
752
770
661
671
651
781
742
1558
1429
1408
1441
648
753
699
831
790
669
5060
700
660
839
739
699
1330
712
750
700
1099
670
671
771
720
841
1550
758
700
1469
880
650
1650
731
641
740
710
1139
740
760
750
820
657
750
688
740
700
742
641
700
680
690
752
700
720
711
780
751
659
651
763
799
750
730
770
1229
820
698
1139
710
711
709
800
741
721
720
700
1218
690
765
700
660
740
641
720
720
710
739
691
699
751
719
730
889
650
770
741
720
720
711
650
740
799
1519
800
720
690
2220
1712
719
699
790
1378
1100
705
694
762
920
681
1031
690
9590
729
739
3691
990
1039
799
671
1090
970
721
769
680
1729
680
710
720
679
681
688
758
720
710
709
1111
1380
670
739
680
740
700
689
700
641
739
660
690
1609
847
651
1379
3802
648
709
740
747
729
730
740
720
670
671
730
730
681
710
660
691
669
720
790
722
892
721
740
760
4051
680
720
761
801
739
691
741
720
3340
720
709
740
708
760
671
739
739
667
729
821
1468
779
680
1530
698
671
681
748
730
761
731
680
770
658
3100
1479
690
680
720
720
650
669
1082
851
1107
1007
1130
1189
859
1400
1380
1480
680
690
720
650
710
697
649
750
708
730
691
1442
758
720
700
649
660
651
710
699
680
1160
691
692
681
670
759
700
1310
711
719
710
641
690
1420
681
3690
3009
1950
730
710
739
1580
699
660
720
719
710
860
1850
674
711
700
980
701
689
660
651
682
799
697
809
659
650
654
711
1500
669
662
649
739
719
679
701
1430
1400
662
749
740
757
821
650
730
1259
751
730
730
739
879
660
750
1381
708
680
681
1791
751
739
789
1208
688
1040
729
790
700
720
720
690
661
661
1190
1081
878
730
731
740
719
658
711
1150
1430
1111
1212
5171
1610
909
758
980
678
758
1020
750
679
699
1101
739
718
660
641
769
700
774
1400
780
670
671
702
720
741
4150
3039
3033
2999
3019
3060
650
725
700
768
718
1562
721
670
720
740
670
660
641
810
730
689
650
689
691
730
710
691
670
649
679
651
689
731
780
1220
667
731
680
710
707
810
680
698
671
650
651
1359
690
682
1150
730
750
665
641
680
680
670
1120
681
730
670
650
701
691
1090
650
720
659
659
870
1380
651
700
739
780
799
699
1410
680
669
650
699
659
669
769
1439
709
2541
710
689
740
660
760
700
671
741
750
719
3780
720
711
719
735
649
727
660
698
682
739
661
718
718
906
669
689
700
740
759
691
810
654
736
682
990
670
1380
681
670
731
661
720
669
680
779
1656
3990
1100
798
670
731
1310
701
710
723
1399
791
669
3418
3740
2929
710
699
1451
679
719
680
730
710
670
667
1380
679
671
641
1301
650
1311
671
659
660
711
710
651
678
669
652
1680
660
709
711
650
750
719
1341
779
750
659
710
670
691
720
749
1350
3651
1960
661
742
699
669
690
701
720
770
1848
690
721
718
661
706
680
659
698
867
641
699
701
701
642
679
3297
700
741
680
681
651
728
651
681
670
731
1410
789
698
650
710
669
1310
673
708
709
690
700
641
649
670
701
747
3202
2958
720
670
660
680
708
709
719
660
721
2170
3310
3040
3010
3131
690
680
701
731
941
671
700
1427
700
650
1402
650
1249
680
4079
3061
3020
3049
680
731
721
690
761
860
711
709
1370
770
1109
1769
685
5731
659
1200
1169
1169
1169
750
691
681
691
669
660
807
670
2250
3009
1270
659
730
698
720
709
660
691
649
710
2132
3020
3020
3065
703
680
709
1121
729
1354
711
652
1110
1130
1360
719
721
2160
3651
1368
657
681
680
1017
1141
720
1100
1130
690
659
1172
748