88
141.
161.
188.
280.
167
343
311
351
288
309
450
350
328
311
310
311
281
360
320
300
342
301
331
339
299
498
300
301
330
291
340
321
281
281
321
311
301
330
301
450
291
299
311
350
349
400
371
470
360
320
290
321
389
309
330
310
289
346
330
299
310
300
300
290
329
300
311
378
310
340
299
291
298
299
330
371
330
339
430
299
310
289
320
331
290
289
308
290
290
289
350
350
400
360
420
290
339
310
299
340
309
340
309
300
289
410
390
289
540
479
290
369
309
399
490
321
321
371
290
286
299
291
349
359
360
320
299
450
370
291
470
300
351
310
292
296
329
359
281
390
410
287
281
300
359
290
328
300
320
321
311
310
290
409
309
359
310
289
300
291
451
333
301
341
310
339
330
430
350
340
288
301
300
288
300
310
320
320
320
431
310
310
299
291
300
339
299
380
288
312
290
321
310
300
340
351
350
351
389
311
330
320
281
359
300
360
321
340
458
299
290
310
339
340
299
321
379
281
290
289
329
320
331
370
329
331
421
338
287
309
310
440
331
319
429
330
301
301
289
341
311
359
321
291
281
320
320
410
321
319
349
318
290
291
339
350
289
310
420
359
299
290
289
291
290
351
300
291
281
282
309
310
421
309
311
319
290
359
298
291
311
299
290
348
309
329
298
310
300
281
308
320
297
290
322
308
339
289
340
281
310
331
300
288
360
409
319
389
328
539
320
340
360
340
320
391
439
320
311
281
339
330
400
380
319
281
291
309
299
291
301
350
290
357
310
389
350
299
300
482
287
299
289
300
318
300
300
329
301
329
340
310
331
369
293
288
380
320
320
311
359
330
310
320
371
301
400
382
281
371
310
310
371
411
350
347
300
329
320
290
359
410
300
420
321
350
290
320
281
450
281
290
301
300
298
381
290
300
289
320
341
281
309
281
370
291
301
290
291
321
480
289
330
329
309
380
291
390
299
289
320
290
300
290
441
291
359
281
399
350
290
380
310
299
370
320
300
431
341
281
361
290
320
390
361
348
292
340
299
310
341
329
370
371
301
291
290
299
301
282
298
301
390
281
281
291
299
439
361
430
401
440
350
380
320
300
370
420
330
338
311
281
289
330
400
310
298
300
290
310
421
288
339
340
403
320
430
405
320
320
357
410
289
341
360
379
350
309
299
299
291
339
309
300
330
381
291
290
350
360
321
281
301
289
330
291
289
337
359
289
291
301
310
319
340
319
291
360
340
311
310
290
291
300
322
329
299
350
311
289
361
281
379
341
299
320
388
401
421
300
299
371
389
310
281
399
440
321
329
311
351
341
310
341
392
311
300
320
301
400
310
301
338
440
328
331
290
300
361
310
311
320
300
290
350
291
362
329
320
380
330
341
319
290
309
380
329
290
340
301
289
290
288
290
290
290
550
610
301
379
291
401
361
310
310
308
371
311
308
340
282
410
391
300
311
290
291
351
360
310
351
300
381
359
347
461
281
380
350
360
301
309
292
329
338
340
290
350
360
281
298
281
291
291
331
331
321
451
329
411
301
290
299
319
301
300
289
300
329
330
340
352
410
360
350
350
439
331
402
310
289
340
429
389
319
299
334
369
319
322
288
340
300
330
290
300
300
310
281
459
300
340
360
351
311
419
329
360
290
288
410
411
401
349
296
291
319
500
291
310
289
290
499
400
399
381
320
360
350
300
350
288
309
340
290
332
470
341
420
291
350
310
311
320
289
320
351
290
329
281
290
492
349
350
301
311
301
320
641
741
319
281
290
301
350
341
290
281
290
320
390
431
356
370
330
330
320
281
411
289
511
371
289
309
351
360
390
478
310
380
420
330
289
320
397
290
320
290
398
379
401
330
300
289
309
285
311
350
349
300
430
389
289
300
338
310
318
401
370
299
299
299
330
310
281
290
1110
339
340
290
360
441
400
370
360
379
390
300
341
291
389
283
360
311
310
350
281
299
330
301
350
470
300
289
360
390
510
460
289
369
301
289
330
281
324
301
310
300
370
369
340
351
339
309
339
321
310
286
420
401
330
300
470
340
360
318
310
311
310
390
470
290
319
330
290
290
289
289
340
349
302
409
390
309
320
320
282
480
360
290
340
320
410
371
320
291
281
291
359
379
329
291
281
319
310
299
370
290
311
321
310
309
289
310
401
350
330
380
309
329
301
288
341
410
301
319
299
329
320
281
300
380
320
310
309
301
299
300
301
350
460
289
310
309
320
328
320
312
300
301
343
361
300
481
301
302
388
309
340
332
301
371
320
349
419
290
420
381
340
318
288
306
302
349
291
330
301
331
288
290
282
289
358
451
290
281
459
432
409
300
350
349
421
388
281
371
342
330
281
340
290
328
299
340
289
399
310
370
281
319
312
349
290
430
282
290
281
330
300
290
309
282
281
290
310
381
309
310
340
380
290
290
289
298
299
330
320
359
459
321
351
301
308
320
331
329
311
309
310
321
291
290
291
389
351
301
289
301
309
398
309
310
290
319
389
431
340
300
281
300
329
340
299
289
320
540
310
300
399
330
308
349
311
300
310
331
291
293
301
291
284
380
290
320
329
281
300
460
301
290
481
400
371
439
440
420
320
340
411
381
409
281
310
331
318
291
310
299
290
319
330
300
329
360
300
400
339
312
330
291
421
320
281
339
290
291
299
291
319
321
292
341
401
319
360
307
329
320
321
300
324
359
300
321
331
310
289
307
450
330
296
289
361
291
360
299
300
342
370
320
421
310
281
291
390
320
290
359
329
312
289
340
320
460
290
329
297
420
340
370
301
290
292
331
330
310
299
320
290
290
339
420
300
310
300
500
339
309
289
339
419
299
310
320
290
360
330
288
459
290
319
281
300
371
371
300
328
311
300
389
330
320
290
290
340
339
370
341
301
310
321
341
281
337
320
359
309
299
350
340
409
291
329
410
302
320
350
290
289
308
281
308
320
295
349
449
331
308
291
310
320
300
293
470
330
370
320
341
368
319
411
371
350
349
320
318
289
291
360
340
301
340
330
341
321
330
340
500
281
309
281
320
380
388
381
301
311
331
379
380
371
391
350
361
450
319
281
301
360
300
339
301
291
400
391
350
312
339
341
380
439
331
389
399
477
368
290
289
470
322
300
341
290
330
292
399
359
471
310
399
330
281
301
380
350
300
281
409
310
340
310
301
302
470
319
330
310
361
339
341
308
299
290
499
290
370
361
339
320
348
320
300
560
400
290
380
321
380
310
330
321
369
329
300
380
381
360
341
300
571
409
368
451
549
481
650
592
406
401
483
291
370
320
419
391
299
980
359
399
361
319
310
340
340
349
471
360
350
329
348
451
351
319
360
310
320
299
319
282
371
308
290
310
320
299
292
680
400
290
339
311
320
320
430
380
312
350
330
282
349
291
320
289
330
361
399
300
290
291
321
300
520
292
291
310
359
323
300
360
302
291
300
339
340
380
310
339
431
430
338
349
380
348
310
321
289
291
400
339
381
391
389
311
308
281
311
321
410
311
290
330
309
300
470
291
289
359
329
299
299
469
391
310
301
312
320
346
360
370
302
311
290
290
301
389
289
330
371
320
461
290
329
281
320
360
300
360
450
390
340
289
419
299
302
291
320
410
331
320
419
289
319
310
301
489
360
400
300
290
301
290
340
351
359
349
301
429
389
499
320
499
289
510
299
431
381
319
330
311
309
522
349
291
371
300
311
281
440
343
311
339
319
450
289
281
401
311
340
380
319
329
301
311
509
299
360
290
290
331
369
329
300
390
358
461
290
370
370
291
300
290
430
410
306
411
319
380
360
282
541
301
320
290
291
340
410
379
361
408
342
301
340
343
289
289
440
360
300
479
328
511
389
309
469
430
281
287
348
381
290
290
490
341
410
321
439
361
450
341
310
311
297
381
489
438
360
440
300
481
320
290
392
330
430
290
330
369
319
331
310
389
340
400
290
289
341
360
471
301
292
289
382
282
430
290
431
289
471
361
340
320
310
300
329
339
301
299
289
301
330
310
329
320
370
291
550
339
298
358
289
441
349
351
360
319
339
350
350
450
409
390
461
418
340
328
319
360
388
320
341
379
310
429
332
300
300
301
359
331
288
290
402
400
298
361
381
360
371
399
383
361
311
370
330
301
439
470
395
281
301
310
430
380
360
290
450
281
380
310
397
309
360
340
380
340
491
340
311
300
310
281
370
300
400
380
291
349
370
319
430
359
361
390
290
309
310
339
360
330
310
319
351
348
311
311
380
340
281
291
289
291
360
300
339
300
329
281
310
299
299
351
330
290
291
379
450
331
300
320
340
310
312
288
352
349
330
310
320
351
281
499
341
321
340
281
320
299
321
300
290
330
330
301
289
319
350
370
301
310
300
321
330
319
350
290
290
359
391
461
290
430
310
300
309
322
299
340
291
311
290
382
309
330
291
352
290
340
290
321
290
311
359
301
290
281
340
361
351
300
309
342
330
389
341
290
398
301
368
389
289
340
291
340
340
331
360
301
283
309
300
291
310
300
310
286
360
317
313
370
410
300
291
291
660
330
310
281
299
418
319
309
330
1188
309
319
309
330
401
481
302
329
390
290
290
350
290
290
300
320
350
350
301
289
370
281
339
330
410
300
290
501
391
310
291
300
350
299
360
300
410
364
289
369
320
310
289
349
330
290
389
321
290
321
351
281
300
391
290
320
291
319
301
289
289
351
309
290
300
290
330
339
370
360
290
311
291
311
291
310
300
349
371
290
370
370
290
340
309
299
291
340
339
300
281
319
410
320
300
340
331
350
290
341
349
370
420
291
340
389
370
331
309
549
369
340
340
319
410
320
291
323
327
291
290
320
290
391
330
299
470
309
349
290
321
339
310
310
361
389
324
290
281
420
331
289
310
292
307
339
299
338
301
308
349
350
291
430
290
430
381
379
340
310
359
410
401
300
359
291
290
350
370
301
281
370
309
291
330
399
310
330
310
281
290
340
349
330
291
340
330
310
400
459
330
291
289
281
381
301
281
320
310
481
370
289
330
281
420
299
309
402
290
294
330
302
350
360
281
282
309
490
350
308
281
409
351
501
320
291
281
329
352
299
349
289
290
319
310
340
370
300
300
281
312
359
282
340
300
289
330
289
310
281
390
302
331
360
340
300
340
289
370
290
371
301
311
418
309
320
290
330
310
340
300
281
290
341
460
310
340
331
328
301
310
361
282
308
321
470
329
310
370
451
350
341
350
309
341
302
288
289
310
320
380
310
341
290
340
331
288
350
389
341
300
300
289
291
310
283
308
289
340
300
281
300
399
369
309
349
319
340
359
290
290
400
530
350
341
300
289
399
281
300
299
350
290
320
289
281
299
320
289
320
330
301
350
290
330
291
420
297
311
299
429
320
318
290
321
320
409
410
290
300
331
291
320
330
300
330
339
499
421
340
360
340
351
400
341
331
340
289
340
289
299
331
341
320
290
360
301
421
319
309
289
410
420
321
302
289
399
329
350
310
320
339
330
319
330
281
320
290
292
330
311
310
330
331
319
289
319
439
361
300
358
320
310
289
290
281
360
299
289
290
288
349
342
338
311
329
410
299
309
299
400
310
331
282
320
350
291
301
301
330
283
300
360
298
300
309
290
349
550
330
391
360
301
288
330
299
311
331
283
291
330
300
380
419
301
310
400
449
301
290
297
460
320
323
329
340
350
430
290
309
289
290
339
350
352
289
291
320
309
290
289
329
401
340
370
381
290
310
321
370
382
300
321
300
319
282
340
324
310
290
330
291
284
290
309
310
390
290
290
290
299
300
331
310
411
361
430
330
351
290
288
320
311
310
289
330
330
340
281
340
299
370
402
339
321
301
299
402
289
309
309
357
289
400
282
388
290
296
310
320
401
329
282
338
320
470
291
289
290
311
330
340
350
299
311
360
409
431
420
350
281
381
301
299
290
349
283
300
289
319
310
289
320
310
281
330
330
369
310
320
320
300
340
399
319
290
291
289
330
301
300
320
420
480
351
291
308
352
329
301
330
359
350
340
319
450
349
358
291
381
331
288
281
300
320
309
360
361
311
291
289
301
309
410
289
330
290
287
290
320
420
330
359
300
301
320
299
419
670
720
339
339
298
289
370
349
409
291
300
450
410
291
369
281
311
290
290
301
289
430
410
350
341
291
309
392
410
350
330
340
330
299
281
298
400
288
370
371
389
328
300
319
300
330
309
310
291
330
351
282
290
307
301
400
430
341
391
310
299
320
329
331
307
380
290
291
510
380
461
281
454
350
290
310
330
310
300
310
350
339
361
291
321
290
282
360
440
331
350
298
330
337
301
341
359
331
309
288
299
310
371
290
330
300
290
341
349
421
290
370
340
319
299
312
323
480
330
420
340
370
289
431
419
310
309
359
330
319
290
319
321
341
290
372
300
451
290
350
330
320
401
360
609
359
319
301
330
318
311
390
700
671
290
290
301
380
351
289
319
299
311
349
359
360
350
392
319
390
370
309
470
330
321
321
300
300
480
609
290
311
290
400
319
300
321
299
361
310
300
360
450
311
309
301
300
370
331
300
351
320
351
290
289
331
281
310
299
439
300
282
389
281
350
390
420
331
301
290
360
300
370
320
291
410
339
351
330
319
440
310
340
311
311
420
282
373
481
339
321
358
501
291
300
310
390
400
312
392
409
312
391
470
340
300
331
309
301
340
310
321
320
389
281
330
390
411
301
300
290
341
419
330
329
340
297
309
380
289
340
309
321
330
291
290
290
369
319
300
341
380
300
330
380
360
430
319
301
389
390
341
320
330
309
350
331
329
312
349
351
391
310
310
309
298
381
390
310
340
319
330
291
329
290
281
289
291
389
349
321
289
281
290
301
313
288
318
311
350
337
379
299
370
339
349
311
281
290
410
491
281
290
340
461
310
299
321
420
329
401
310
310
290
291
310
319
471
410
300
330
299
310
321
360
300
340
380
389
311
291
331
333
281
330
321
300
360
370
370
291
320
311
290
392
431
320
299
359
341
410
360
350
329
310
310
309
290
310
310
310
300
410
330
340
291
310
281
290
371
281
300
371
310
305
341
331
300
309
321
281
369
292
299
290
329
401
359
331
341
321
299
341
319
521
339
341
291
331
300
311
302
360
339
300
291
330
291
369
350
291
381
310
290
351
310
300
321
370
310
289
310
301
410
339
320
459
300
311
290
380
319
431
289
289
301
288
391
281
300
289
291
282
300
281
290
320
469
341
370
519
311
330
459
291
470
330
301
360
289
390
381
360
340
340
314
330
290
300
330
290
349
300
349
469
291
289
338
290
281
360
365
359
281
421
299
290
490
290
350
289
301
320
290
340
369
320
329
382
319
330
339
319
340
390
289
380
299
390
299
300
301
289
381
410
321
300
281
288
281
380
320
341
330
290
329
431
319
320
281
319
380
350
321
310
349
360
290
329
311
361
419
360
282
300
300
341
289
290
310
439
317
311
301
291
319
289
290
361
380
281
290
300
470
339
300
449
289
290
302
290
300
399
297
291
359
299
500
310
310
341
329
307
370
300
340
300
328
329
381
341
289
292
440
329
355
411
289
299
301
289
290
291
350
309
360
318
359
281
290
411
389
292
309
301
339
417
320
288
291
371
350
299
320
310
299
341
390
290
299
290
331
319
289
359
391
400
411
417
330
289
290
320
310
293
330
320
291
359
381
340
400
290
290
388
320
319
350
450
341
321
341
311
350
370
441
298
320
360
306
290
339
329
299
380
430
300
290
321
370
630
330
499
451
290
320
290
281
301
482
321
281
369
329
289
309
300
380
300
391
379
310
329
340
350
379
328
340
301
330
351
310
291
310
281
349
300
281
361
471
350
335
298
331
310
300
361
309
290
520
300
379
287
370
389
429
470
293
539
290
379
421
300
290
360
289
300
378
300
349
359
301
359
414
290
290
690
319
489
321
299
358
440
309
459
410
551
309
281
290
339
350
298
319
379
659
300
850
339
311
330
319
331
300
320
360
300
290
369
311
310
300
333
292
289
289
441
349
351
311
310
379
361
309
321
289
339
302
340
339
302
290
528
419
381
336
320
380
338
320
290
368
300
299
341
470
330
291
310
380
380
349
319
351
290
290
318
370
449
330
290
321
340
371
319
326
411
390
311
300
320
480
370
320
340
399
290
341
359
301
410
450
340
389
321
391
410
371
299
290
290
311
481
320
290
350
330
307
450
349
420
310
310
310
291
311
301
441
300
309
320
540
301
300
301
291
290
288
300
379
401
311
289
350
389
459
359
309
291
448
372
351
310
340
299
350
300
380
310
299
400
381
301
371
312
290
301
320
289
369
321
291
470
300
350
481
360
310
369
350
342
350
399
441
370
500
360
511
350
392
430
339
300
300
540
360
307
301
290
321
300
419
380
349
360
350
441
500
340
359
329
330
510
300
406
330
370
351
319
379
300
309
350
451
289
329
360
340
431
400
300
290
369
292
320
309
369
419
290
329
341
310
401
321
289
299
311
310
300
287
389
300
379
320
319
300
330
462
429
531
370
360
290
310
300
441
290
390
301
299
300
289
311
291
321
290
398
351
341
320
321
328
329
460
310
310
310
371
290
459
321
481
311
390
380
391
410
410
291
300
291
340
391
330
311
430
379
320
390
402
311
310
281
300
441
311
411
331
479
390
300
359
339
360
319
329
338
281
310
348
350
292
281
300
372
311
371
310
321
350
460
420
372
350
392
370
300
290
380
309
360
329
381
351
420
380
350
379
530
320
291
309
290
479
281
431
300
339
291
330
291
290
319
390
430
349
360
289
360
371
321
330
350
411
299
351
299
389
320
509
301
310
340
289
350
301
300
390
293
320
330
420
380
311
370
400
309
311
290
290
290
429
335
360
310
398
380
310
400
369
301
291
351
360
381
391
299
380
289
339
561
1180
411
408
299
290
290
350
361
339
379
340
300
310
319
382
310
311
330
330
300
300
321
590
339
329
369
360
309
320
290
460
300
370
308
370
292
309
359
330
291
340
470
360
290
320
309
290
390
339
360
300
459
1160
350
329
350
289
340
281
299
310
300
299
281
361
301
349
319
340
291
490
321
359
291
291
320
290
342
320
390
298
299
309
299
299
369
289
311
301
310
351
400
370
330
480
361
331
349
301
310
291
419
320
310
301
369
320
310
310
301
360
310
281
379
290
299
320
369
312
379
291
318
290
360
290
299
372
330
282
290
339
281
370
429
281
339
319
331
421
289
289
290
391
339
301
300
290
309
298
311
300
294
1130
290
301
410
299
301
319
281
340
282
369
290
320
281
440
390
300
350
319
289
362
290
300
309
320
312
289
349
389
302
320
370
412
451
341
300
310
302
330
300
291
290
350
390
321
289
301
411
340
370
291
290
319
330
327
341
481
310
349
290
290
362
291
360
295
385
339
321
342
331
281
309
359
340
351
290
310
320
290
349
369
287
310
311
420
310
341
301
300
381
311
300
290
349
361
350
311
350
370
310
320
340
380
298
349
306
349
330
450
321
300
341
401
290
301
331
300
290
380
330
300
330
331
309
379
451
369
329
299
311
309
310
480
290
330
311
330
309
290
300
290
320
360
299
301
282
310
310
319
359
311
291
304
310
309
409
290
360
290
330
300
300
401
291
359
340
328
311
289
281
281
350
340
351
411
291
319
350
430
423
341
330
291
312
329
340
359
322
330
361
289
350
318
331
420
351
390
301
301
390
310
340
330
310
300
449
281
322
390
300
291
289
290
290
349
281
309
299
369
340
309
350
310
310
282
309
352
299
281
309
331
359
311
351
470
281
289
302
350
341
301
349
360
297
511
309
290
291
320
281
289
360
372
400
300
351
350
301
358
362
381
300
380
299
310
348
300
358
340
340
309
300
319
289
320
370
281
290
300
300
300
300
361
301
370
320
281
290
319
300
290
420
300
300
330
318
519
301
341
319
358
379
291
300
300
291
290
321
311
309
320
360
309
338
299
340
300
330
281
351
308
324
301
400
381
360
361
300
289
291
300
391
489
319
301
311
350
330
281
369
330
301
281
302
340
320
289
321
350
300
320
310
290
390
290
290
330
299
409
308
341
310
290
360
340
331
291
284
309
390
331
319
480
331
290
301
291
330
349
379
350
370
320
391
451
281
288
300
310
382
300
310
308
290
281
352
299
291
369
499
329
311
340
349
290
299
329
300
291
310
330
281
299
330
296
300
381
400
331
320
351
300
370
310
330
309
360
433
440
320
300
311
290
450
309
310
300
311
287
301
399
300
291
299
400
281
291
320
293
350
300
320
340
380
349
330
549
300
322
291
330
390
349
420
329
300
321
291
320
339
420
341
300
470
289
391
290
391
289
281
361
291
331
281
290
289
290
311
311
320
321
399
290
329
290
342
281
331
291
322
389
346
320
330
312
300
299
290
301
300
300
320
321
300
399
392
320
400
340
300
351
310
411
350
331
340
369
320
389
490
301
391
300
281
310
420
281
309
290
299
460
299
309
291
350
319
301
360
329
281
399
291
319
311
291
291
300
299
411
332
310
354
348
320
340
339
321
390
461
380
289
290
309
338
299
350
360
330
320
342
360
289
300
319
300
321
291
300
311
285
390
400
320
290
289
290
298
291
308
327
290
319
300
400
370
320
290
332
290
309
291
340
300
339
399
290
289
321
390
368
380
320
478
329
391
432
330
339
310
300
291
320
301
360
341
300
299
330
340
320
300
321
310
301
290
301
299
289
299
531
601
480
439
289
370
389
451
400
281
450
281
371
301
372
448
362
369
340
291
330
306
313
320
299
308
439
389
320
311
360
301
301
380
328
291
361
292
341
329
321
309
300
314
290
330
329
290
449
340
311
319
300
300
300
310
290
304
359
321
530
421
361
370
309
290
294
290
291
361
289
400
329
281
309
332
337
330
281
339
332
300
331
379
288
310
319
361
320
302
381
317
310
290
480
449
351
321
340
331
301
299
301
369
360
391
301
350
370
439
331
310
290
300
330
310
433
381
480
289
390
300
429
300
319
310
289
288
428
620
359
361
431
321
659
731
320
330
399
321
282
319
310
311
319
300
351
320
430
331
370
366
369
429
309
299
320
400
419
359
401
370
310
290
380
301
460
290
312
310
350
290
291
319
291
310
368
440
301
341
320
445
289
309
311
299
350
350
321
380
309
362
421
361
350
340
300
350
330
290
380
400
329
331
360
351
312
339
399
329
410
290
310
300
321
300
510
422
330
352
361
310
370
290
281
289
321
320
389
370
309
290
330
281
281
430
309
370
321
347
460
301
339
301
450
283
331
320
351
339
300
426
350
308
300
285
358
311
320
300
301
399
331
299
289
360
281
290
281
340
370
340
380
329
289
301
320
299
360
330
329
290
321
290
329
299
309
310
391
289
281
330
281
330
290
310
319
360
281
300
290
330
330
300
321
310
288
311
291
290
320
370
390
289
301
290
281
348
289
290
313
331
312
300
350
300
291
501
290
400
290
392
310
350
309
331
331
281
308
330
500
351
300
320
307
291
309
341
302
340
281
379
320
340
333
351
289
359
309
340
440
319
381
420
289
311
411
380
362
290
380
349
290
299
360
300
328
350
540
290
331
299
297
300
302
281
300
379
300
318
300
310
318
287
360
341
310
300
360
318
320
290
300
341
348
330
371
360
300
369
329
330
293
320
331
340
299
320
301
290
311
289
359
361
299
309
300
320
300
329
336
341
320
311
290
310
330
299
290
530
301
281
510
330
282
310
281
371
309
320
310
320
300
289
431
319
471
378
331
370
420
392
291
323
342
391
281
310
360
290
291
310
309
308
301
320
310
290
301
430
459
329
360
289
300
298
320
440
390
310
370
301
309
301
339
339
311
301
331
339
300
349
469
411
290
301
341
412
289
311
291
359
347
310
320
300
330
290
291
310
321
301
321
301
341
369
380
360
291
459
419
299
281
410
320
300
309
480
293
281
300
431
290
311
290
320
450
289
350
321
310
339
291
290
320
321
299
290
379
327
291
481
308
300
340
281
399
330
320
300
380
294
421
289
300
291
364
351
310
281
350
291
340
298
290
330
281
450
301
300
320
282
290
351
309
299
321
299
299
291
309
328
440
314
300
380
358
339
281
371
349
281
311
290
329
339
340
341
430
311
320
290
340
282
330
339
350
310
340
430
341
289
581
291
301
290
320
340
440
331
340
281
401
329
361
330
360
440
430
372
350
300
331
319
421
291
400
371
398
290
320
329
291
379
310
299
321
380
361
649
419
399
400
310
390
321
371
320
440
310
350
301
291
289
301
289
282
381
310
362
351
339
281
290
329
320
379
319
329
419
320
321
360
290
300
290
330
411
291
358
321
381
291
339
391
289
360
419
319
324
489
420
310
291
302
290
339
330
319
371
370
370
511
470
300
311
359
282
410
330
301
349
429
350
330
390
523
360
371
328
860
320
291
370
350
310
310
450
340
320
332
299
310
435
391
339
291
349
330
308
301
309
291
319
291
299
290
320
290
420
690
340
351
350
329
382
361
360
289
380
340
341
409
360
470
370
340
320
430
281
321
329
290
370
340
422
318
379
306
308
319
309
282
380
300
431
331
390
300
350
312
300
380
420
321
291
330
330
479
349
510
310
328
310
360
290
490
300
328
319
326
420
310
340
300
359
288
289
351
331
309
310
412
416
290
360
291
469
340
361
339
290
420
371
290
400
290
321
480
391
290
350
380
340
309
319
401
289
329
371
411
320
461
350
289
289
380
401
340
301
459
400
360
309
350
539
319
290
308
411
388
320
330
300
320
380
310
291
281
431
340
300
361
458
490
310
370
289
339
299
491
310
440
301
299
350
399
360
309
321
310
308
461
350
360
299
421
380
378
330
302
291
309
540
288
319
340
381
300
359
340
320
330
310
341
480
281
410
299
312
290
281
449
440
449
561
372
331
310
451
310
308
362
361
499
459
421
310
300
331
317
344
310
457
300
352
289
310
384
319
370
370
317
360
332
289
288
376
370
351
360
329
380
290
351
360
391
370
339
368
330
361
420
420
351
340
309
309
321
310
339
451
390
301
300
355
350
371
429
329
340
310
499
309
319
290
329
370
380
399
291
310
447
349
330
450
430
439
290
371
350
320
500
339
329
281
320
330
420
472
311
300
359
289
320
369
369
290
291
400
410
319
319
351
321
300
281
361
309
290
350
620
430
349
310
289
390
311
321
430
290
340
282
320
289
390
299
290
309
390
311
291
341
341
341
380
390
359
329
361
319
281
348
361
290
311
360
299
310
291
610
281
431
361
332
320
302
401
310
321
341
301
290
281
341
290
309
341
321
320
309
330
320
286
401
370
311
440
331
290
320
290
451
291
301
341
332
291
399
309
281
350
330
380
320
329
379
329
351
301
281
330
300
330
341
321
401
369
301
316
309
331
289
370
290
359
402
321
400
390
300
350
329
421
309
331
351
299
370
290
471
499
390
331
298
321
360
309
326
311
310
311
311
299
379
350
430
311
301
290
368
330
310
299
284
290
300
290
370
321
290
291
290
321
321
330
339
391
410
289
300
329
310
290
312
291
301
309
292
300
281
318
291
311
288
289
380
401
309
291
301
352