65
108.
130.
159.
359.
146
1209
468
388
391
512
558
369
1110
409
498
479
370
487
480
418
490
397
379
1097
402
3070
829
3112
1090
618
440
3111
540
4139
4230
379
400
1129
787
3728
2330
401
690
3118
458
2330
1688
1917
410
361
429
859
3139
3851
399
1480
391
413
2049
2628
447
1348
668
3110
2997
2300
381
410
3000
368
2929
1080
549
588
800
3208
2579
1338
1708
596
3434
3321
450
3150
3679
1220
989
3100
2999
389
3088
3062
3331
2329
360
1118
439
3079
3060
409
3160
429
380
2289
870
878
439
399
458
479
3090
1379
3126
3311
550
362
460
1487
1338
397
669
458
5230
378
427
470
370
2046
480
3370
3971
2761
2097
407
1528
3186
580
3449
2864
2099
1579
568
381
1389
3180
2999
3309
3060
451
4078
570
3661
1339
419
1649
1218
3109
3030
3327
1106
639
399
2042
2980
3020
3009
1761
415
1858
381
1918
639
668
789
4371
1418
3081
4849
1420
2038
369
508
440
3138
3309
869
399
3140
419
429
2538
2928
3061
3000
3319
3161
360
2921
3039
2330
397
1598
1478
586
1081
4180
1220
369
2879
2038
1228
1359
439
1698
718
369
399
910
1731
398
458
777
659
1958
2900
3060
2883
370
3039
3022
3037
461
369
392
378
1530
2708
628
2490
360
3158
3031
2151
3089
387
639
3079
2412
3100
449
3001
381
360
558
3730
929
719
1239
877
368
1520
477
2598
448
391
372
381
899
1158
3269
3129
2740
3140
2939
3020
2968
580
400
360
509
529
1210
3040
1589
3253
1339
3009
3329
3020
1579
408
379
391
374
369
1927
498
429
500
420
2567
3181
2200
3111
2981
3010
3069
592
1730
369
448
3192
748
389
361
989
400
369
408
361
418
3621
1209
989
797
3470
549
360
768
907
1529
3270
1791
3149
2999
3031
3022
2858
391
1468
408
360
3120
378
1300
2129
407
1059
1997
1071
1298
738
409
398
2990
469
363
390
368
3107
2021
2219
417
371
3089
2008
1160
430
3169
2093
494
401
379
440
1141
899
3241
3040
2471
400
3081
3039
3010
1699
388
451
469
1129
360
450
3059
608
400
478
919
2830
3121
618
360
3260
2360
3122
548
400
1158
576
3009
3041
3320
3050
499
362
430
800
538
1580
640
2989
2340
669
369
409
380
1199
2229
1168
3110
406
3359
2240
399
2206
1130
1210
1049
3030
3022
2088
371
361
3160
828
1138
3019
3000
1660
3118
365
418
451
1459
419
454
628
2798
3135
3369
500
508
469
3111
3309
2030
366
3200
2999
1890
382
509
2777
1288
429
388
489
361
1960
1118
1219
560
360
1129
3589
1560
571
440
2410
1708
2838
412
469
3159
3020
2931
398
1049
410
1152
3159
2568
379
400
4009
3050
3000
3020
588
2621
1259
400
370
1078
369
3129
3010
840
4030
391
419
378
371
499
371
2080
1187
1269
588
812
3091
2808
1149
380
399
399
388
398
459
551
3121
879
2951
3061
3019
489
450
3020
547
387
2899
1861
3030
2998
3381
3650
450
400
4519
2110
1439
3239
4551
4238
580
1528
1927
3522
3349
979
3098
3100
489
1090
1007
1499
1348
2697
759
1259
419
429
3399
420
2989
3380
390
366
369
3149
3050
3019
1640
2729
380
451
1189
2420
3001
3008
2570
420
370
3120
891
429
371
728
457
589
948
3098
1881
369
698
361
469
1118
369
618
3158
660
1209
3100
3442
3329
3209
1921
450
360
1978
3068
3012
401
378
409
1200
2517
2318
470
401
2479
4161
2850
3170
749
408
1140
509
1648
489
390
429
570
1167
2910
3000
539
1169
3089
461
3110
1861
2329
360
370
1211
1170
540
1399
660
3179
2948
420
360
448
375
1251
3040
869
388
2758
3120
3009
3330
1850
828
382
629
2238
470
1089
780
3141
3039
3330
1679
3160
3089
2140
2600
360
387
730
878
399
669
3459
3087
389
2250
1166
1660
1638
389
380
2830
3037
819
618
950
2880
469
402
1688
1188
658
389
409
421
367
369
429
380
2871
3039
2589
390
360
648
479
3721
3020
2919
2639
1230
410
360
1198
360
2999
370
5120
3332
411
678
3158
2950
498
769
439
409
639
668
370
3151
519
2030
3629
2030
3281
3040
428
1928
3540
3071
1288
539
3370
3041
1659
918
399
3160
1129
3019
3030
859
679
588
3039
3020
2831
390
430
380
381
3150
3330
3320
3331
3140
2980
3041
2750
3032
2980
3359
2080
361
480
4081
1108
838
2170
429
2464
439
3380
3097
2150
479
480
420
2910
3960
2531
1139
1117
408
1457
1169
591
1380
448
3742
1200
1690
4350
481
698
461
4602
1678
370
1970
1431
437
521
647
1150
1698
4030
389
431
459
2540
1209
469
2728
730
3369
3040
2158
368
401
1498
1311
1399
386
689
559
1278
378
848
1222
1145
3470
599
4449
1269
364
400
528
1341
409
1528
361
369
551
3360
3012
1360
952
689
399
370
1950
827
659
389
618
480
691
2109
2960
2070
919
3028
1699
490
499
1119
420
822
410
3250
360
1189
1327
366
2989
559
1930
951
419
1171
6143
420
379
3140
560
439
370
1198
512
408
480
401
2570
1008
606
1200
489
368
408
3099
530
3039
3057
447
471
609
2160
669
401
1750
3000
3320
3028
381
521
1250
360
361
1340
2438
720
461
1159
3117
446
1221
2240
1928
391
3430
419
399
399
371
2210
2180
2268
479
371
648
3138
851
390
618
2781
769
3171
3311
3080
1150
380
1200
2999
2380
3160
3060
3139
2040
459
701
3108
1480
3349
620
441
1139
3378
2240
420
3440
471
640
427
1140
1158
740
729
569
387
1919
1210
429
3040
3028
3029
3052
1568
1169
420
1458
399
3161
3040
3018
1610
397
1789
430
510
1219
550
396
2518
620
1479
480
1108
1419
370
890
540
509
1070
499
1138
1140
979
1447
369
1548
390
1029
1190
4787
4190
369
370
461
420
1159
4400
2480
370
409
1528
529
718
499
388
400
572
1199
380
418
409
498
3250
497
2431
2968
3308
508
1145
431
440
409
1178
768
3127
1200
1130
461
1990
2642
2330
490
409
1260
1160
419
4381
619
485
1231
360
369
2621
430
3140
490
539
2199
1259
379
3139
2240
1099
630
1181
498
741
410
2069
1180
370
3109
1220
3530
1669
1157
590
720
1170
1107
3051
3007
2480
1671
410
1149
400
360
1118
380
559
371
759
422
1211
1228
3908
3031
3330
3010
2651
460
420
1140
1190
421
449
1185
1130
390
410
1180
1349
430
476
1431
2897
1290
531
461
2950
2180
1168
381
360
371
409
1139
2468
3039
2070
1161
1121
429
1160
487
1216
1148
1181
410
1270
1129
1589
1168
2880
1089
879
470
460
599
459
389
1160
3180
1910
1190
380
430
2760
3050
1369
400
430
360
979
989
371
578
443
399
3287
1189
407
410
3189
3041
1070
420
480
1978
2988
1221
1150
489
880
497
3139
2339
3178
1579
451
1070
379
439
2981
397
539
360
363
519
379
3157
590
1032
1719
1199
430
367
378
1120
459
488
420
1329
370
1079
369
1175
3049
1111
1248
1149
1441
437
2800
1239
1160
2729
1152
448
370
3189
3319
3539
410
1101
420
391
1209
1629
408
800
361
372
975
1508
459
3109
3018
560
370
3028
1090
1660
659
1569
468
1149
1160
449
360
1170
1990
470
439
1211
1100
488
2621
2710
2468
1139
1210
610
1119
1240
3069
2600
369
1130
1221
390
428
409
627
429
1049
360
509
2898
2120
619
3410
706
1069
1448
3418
1850
1181
1119
470
3200
3141
849
3439
3000
1079
1271
1169
489
627
1949
999
1481
360
2960
1090
1318
481
399
468
3100
1850
1260
360
1130
417
3159
779
2049
429
1208
1180
370
3250
1310
1541
399
468
1138
1167
477
948
1230
718
1131
361
460
391
1268
1150
1140
370
3159
3030
539
429
3470
2039
670
3128
2529
3181
637
400
1109
3011
3050
1870
2980
2340
3079
3019
909
361
1199
2421
428
418
2941
2939
1140
1120
1147
1201
361
1621
678
767
361
361
4719
3009
3021
3081
401
1170
1300
369
1171
3400
2545
422
1420
1190
1139
1245
1239
1150
390
419
1240
999
2118
368
1141
1193
3160
3019
548
511
520
1140
3421
3330
3030
3350
1170
409
392
1191
909
388
360
560
1151
418
599
1120
410
361
1170
1140
1210
2237
3260
950
3109
1202
2541
2620
379
1189
361
2209
360
1152
759
3149
3040
430
3157
2951
3061
1508
1131
450
510
1230
529
1080
1172
501
427
1220
1129
380
470
509
378
3622
538
629
1288
1248
3160
1110
420
1160
470
3067
380
589
411
1208
1580
3158
3031
2998
1961
408
1099
1180
940
440
369
398
1143
1678
1190
440
430
1131
1172
1170
1179
2049
1180
419
370
1129
1188
1401
409
381
398
2630
2510
710
1881
627
1879
399
1169
460
430
3740
1219
1309
360
1181
2959
570
1188
4110
2708
1170
1139
1159
1500
1650
1200
380
1091
449
1180
1140
496
1089
1140
1250
1479
2699
1729
481
580
1250
480
1179
1599
1152
1130
360
1160
600
1560
1070
3361
3059
1139
450
440
430
490
431
1221
1158
2818
3020
2342
3268
2750
1179
419
370
1231
2480
649
1319
1809
3040
3001
2778
560
1143
459
1129
2211
411
1101
1221
421
4079
797
430
380
2560
1086
419
500
1249
429
1119
389
445
469
469
1499
520
377
409
460
1190
459
610
592
1180
411
1189
1195
1198
1360
1161
418
1160
450
469
434
1092
380
1184
1621
1193
429
370
380
1150
408
4360
3070
361
429
401
1371
1140
1170
700
569
391
380
448
1140
360
398
3130
3030
3011
549
1099
1070
539
1109
439
1149
710
1120
410
1139
1201
450
1070
1190
419
438
769
1940
650
2519
371
429
1149
1189
518
1180
858
1582
421
1137
1219
530
1779
1639
428
499
3460
2999
1589
1560
1151
1140
2499
2560
3010
2661
490
1245
411
1217
1200
1200
1170
1180
1197
668
410
1260
1177
370
1230
390
1240
530
538
550
729
1528
1600
1129
5050
2270
450
460
489
520
1110
1280
412
419
450
1110
1150
500
1079
620
457
2752
3069
420
370
2191
2921
3020
3330
3021
2381
1961
450
640
499
460
380
1290
1149
418
2570
429
5481
1070
394
1181
409
1132
529
1150
1241
1608
490
1219
380
1220
1100
458
1179
1109
399
1169
499
955
669
380
390
429
419
2868
1102
830
367
360
460
1201
1158
470
490
390
1141
1198
1198
1155
402
1159
432
1529
1301
870
1100
3321
1160
1790
1164
1239
868
1070
438
499
1167
1120
1170
551
1070
1250
428
381
480
1581
1130
800
2291
1180
4728
360
1039
1099
1642
4000
360
1140
449
668
1350
1159
360
649
2300
1450
1130
1368
1150
1102
536
430
1111
1149
1270
1090
1190
1200
1161
387
1260
1131
669
1091
1180
378
461
1130
1119
1211
1158
1680
570
1150
1120
1180
910
1488
1101
1180
1610
420
750
679
468
710
1479
1107