89
151.
170.
191.
260.
175
380
310
261
310
271
310
289
400
360
350
290
349
440
280
280
339
261
262
311
350
269
290
261
301
291
350
290
389
269
270
269
412
311
320
381
270
320
340
298
271
329
300
272
320
268
351
342
320
291
270
380
300
361
320
341
299
388
261
340
271
291
321
271
270
271
368
270
270
380
301
261
261
311
330
410
310
330
320
321
321
367
320
470
290
379
270
440
290
319
290
439
300
350
288
310
289
380
299
310
261
330
370
270
361
329
261
271
279
350
268
279
268
331
291
280
300
279
311
279
370
270
279
380
261
290
269
301
331
309
269
310
379
280
270
301
261
291
300
279
271
270
469
277
291
291
370
360
262
289
379
341
280
271
281
401
279
351
280
299
270
261
291
359
270
330
271
410
469
300
330
311
312
270
308
261
450
369
310
410
270
420
280
351
280
261
360
279
399
340
400
268
269
329
330
320
270
399
269
381
322
340
270
291
330
268
301
290
374
321
290
279
280
340
331
371
381
421
301
271
319
310
391
360
319
311
290
320
288
269
310
269
300
272
341
395
311
299
421
309
261
268
261
270
410
279
329
279
280
300
350
280
321
309
270
280
289
282
411
331
390
310
359
339
380
281
290
421
291
290
390
269
340
311
271
288
310
310
271
329
299
351
411
310
320
269
350
270
321
270
261
261
269
261
300
340
299
301
360
309
270
267
399
290
269
270
281
370
288
280
279
340
270
379
262
270
307
279
399
262
270
289
281
271
371
271
299
281
399
270
320
391
270
381
336
320
279
279
430
450
281
270
271
361
281
261
287
291
279
270
271
280
280
420
389
289
270
400
340
277
460
391
270
270
331
310
380
261
261
351
280
320
330
350
310
261
269
320
280
268
302
261
262
271
310
261
321
550
299
347
370
380
280
470
280
280
280
281
290
390
270
411
269
310
271
350
270
269
340
261
261
310
291
360
389
291
270
390
280
300
390
300
261
270
290
290
370
311
359
261
301
280
272
310
271
284
380
351
342
330
261
289
270
280
269
331
310
270
430
270
330
304
360
311
401
321
481
270
485
440
302
449
289
512
300
340
300
281
372
270
339
369
281
310
479
269
398
331
280
270
409
340
269
270
360
360
270
280
269
359
300
268
412
261
310
261
269
289
310
269
280
331
269
401
280
332
270
280
291
389
299
281
300
300
341
270
460
321
431
320
269
359
281
279
320
269
340
270
361
319
292
310
320
351
350
279
349
270
338
330
280
289
291
279
271
299
289
280
390
381
270
279
270
261
399
330
291
291
279
369
270
281
269
309
269
339
269
261
271
272
300
380
309
440
350
340
270
321
271
270
309
300
350
270
381
298
310
340
290
331
341
301
330
291
310
310
289
319
280
450
271
271
300
339
440
350
290
290
300
349
261
420
411
340
350
262
270
279
400
420
350
261
291
400
290
290
311
270
390
341
328
270
341
310
300
390
270
320
409
299
449
300
261
310
290
389
289
300
390
379
330
310
261
438
348
341
329
310
300
291
269
299
400
270
429
290
300
280
360
271
281
462
269
270
270
320
289
301
300
290
283
270
390
292
269
301
275
391
290
312
290
271
280
270
360
370
270
271
270
421
269
281
299
329
271
359
270
289
281
390
279
360
291
441
291
268
300
262
331
300
270
340
290
340
280
279
311
350
270
307
380
261
320
360
281
310
270
421
299
281
280
270
280
290
310
310
361
301
300
280
270
270
412
330
269
300
390
290
340
309
289
279
316
320
390
278
278
289
281
270
311
290
269
269
280
341
270
360
279
280
351
379
281
261
351
309
261
269
299
292
270
271
289
270
271
270
361
269
298
271
341
330
340
300
320
309
290
261
340
430
280
298
270
289
321
520
400
280
299
272
289
390
280
328
290
300
269
321
330
319
321
290
269
341
330
291
290
369
271
280
311
279
319
300
270
269
309
321
261
321
279
290
280
261
280
331
270
270
380
302
278
326
300
291
261
270
269
319
430
271
261
349
361
271
280
399
261
339
341
270
280
271
279
269
449
320
280
269
310
290
300
351
299
279
368
310
280
450
299
271
280
290
278
362
269
269
370
310
401
290
280
460
276
309
299
321
290
300
309
299
291
460
308
261
410
321
490
270
401
290
310
290
269
331
320
320
291
261
270
329
301
371
270
280
319
350
291
269
440
280
261
280
390
291
294
271
270
300
280
269
280
268
270
390
291
270
430
301
269
269
269
261
410
280
340
340
290
280
261
270
350
280
310
279
309
261
261
271
300
261
330
270
288
270
360
300
320
270
341
300
290
350
289
280
269
310
380
320
290
270
321
300
350
269
271
269
287
320
280
280
269
313
320
270
279
270
270
329
401
290
339
348
270
331
261
330
270
329
320
300
281
270
420
330
271
270
290
270
270
279
280
280
271
320
330
268
372
300
269
339
310
300
322
290
270
410
291
310
310
340
310
299
269
300
321
280
310
300
351
329
298
279
440
290
349
269
270
283
269
279
270
279
410
269
319
290
269
370
269
269
411
269
380
311
319
271
391
261
280
327
330
269
280
419
280
290
1190
271
380
319
270
322
279
310
270
369
278
320
460
270
279
381
301
281
350
280
289
321
270
261
400
341
322
262
319
272
262
309
328
280
280
281
270
291
261
280
299
270
270
270
330
380
270
320
320
262
279
280
310
430
269
270
380
261
269
280
340
370
270
279
270
290
261
268
311
330
261
291
361
319
270
350
261
303
280
321
271
269
270
300
281
380
291
341
279
350
341
340
330
280
289
269
351
290
339
268
400
440
261
369
268
270
300
300
261
269
321
389
351
349
309
320
281
380
261
369
369
270
419
290
280
268
350
279
490
280
262
391
350
261
289
270
300
288
349
270
269
349
379
280
379
282
308
272
261
271
391
331
310
270
261
339
280
360
330
269
351
431
281
300
270
322
290
280
341
309
271
401
261
270
269
280
279
300
331
261
270
370
270
300
261
431
360
269
300
322
279
280
280
289
352
270
279
301
280
471
270
361
299
381
290
370
321
281
269
296
269
300
290
269
279
421
269
280
309
338
270
329
360
261
401
270
280
311
270
291
269
610
270
280
280
269
268
360
270
330
314
271
280
269
280
271
300
420
360
409
271
351
329
343
340
331
280
349
301
271
380
290
270
371
261
289
280
300
269
341
310
261
290
287
280
299
270
291
279
380
261
459
280
301
359
269
311
431
400
291
270
270
270
290
269
261
320
291
271
300
270
300
300
301
330
371
290
351
261
301
300
270
270
269
261
311
271
271
300
271
269
289
299
270
278
270
270
390
340
281
281
270
281
301
269
315
350
280
310
269
269
280
280
311
309
350
277
290
261
391
268
380
281
330
331
281
310
280
330
270
541
351
261
300
320
261
361
279
382
268
300
261
269
338
268
269
289
290
279
261
270
301
308
261
300
269
320
300
261
380
270
270
269
339
290
261
340
300
310
298
289
280
270
339
300
310
301
370
339
429
385
291
310
271
261
290
269
290
351
261
289
261
291
280
280
299
360
261
269
268
429
269
320
269
360
269
269
269
349
369
290
351
270
391
419
271
261
289
360
370
261
431
269
422
289
339
280
261
320
261
319
342
261
410
310
330
290
291
261
320
281
262
261
279
340
269
281
270
270
270
341
290
269
280
261
431
311
269
270
270
280
320
271
269
270
280
291
308
261
361
309
310
270
290
270
338
272
309
283
420
290
261
381
279
281
381
261
271
270
280
309
311
261
411
300
278
420
299
269
350
361
300
261
299
312
271
261
270
269
270
299
270
261
289
270
267
389
280
268
269
279
269
280
269
269
270
261
269
299
270
261
270
299
300
300
281
278
280
270
270
281
269
300
270
270
270
269
271
270
281
269
300
268
271
309
300
279
261
279
270
277
270
379
309
319
320
290
270
269
289
279
270
330
269
280
261
272
273
261
297
330
268
269
271
349
278
341
380
291
300
320
295
269
270
290
281
330
410
360
271
300
310
268
421
269
270
270
350
268
281
261
270
308
300
280
269
411
300
291
340
319
270
371
319
319
261
320
280
329
361
261
380
320
309
271
360
360
319
289
361
270
270
300
280
389
268
261
270
359
270
299
301
321
290
291
279
300
330
330
309
300
321
442
271
322
309
290
300
271
360
280
279
330
291
429
349
270
330
261
270
280
261
410
351
270
299
359
341
270
310
280
270
421
272
270
261
339
310
279
291
340
261
299
290
280
339
320
330
385
329
382
330
429
361
340
300
279
410
310
270
340
360
270
393
267
269
310
402
329
311
362
371
270
279
450
320
349
290
330
261
350
269
290
389
290
299
310
299
279
421
270
277
290
340
340
270
261
301
401
291
290
341
361
350
299
310
280
330
279
309
309
319
261
270
300
409
261
321
330
270
369
272
290
280
309
272
401
280
290
359
290
261
379
261
300
261
280
320
409
331
282
382
271
371
367
291
263
269
379
289
420
269
370
300
300
280
280
390
271
319
270
300
320
469
279
439
419
341
271
279
289
310
331
310
360
280
280
321
290
270
290
281
420
359
269
270
289
289
269
301
290
370
290
350
261
270
351
280
351
261
279
281
351
290
261
287
281
269
370
269
261
261
300
280
419
271
281
270
460
400
331
330
301
278
280
279
261
329
291
269
360
320
309
300
261
330
340
340
280
270
280
300
311
269
299
270
279
431
280
270
389
291
271
369
291
261
290
309
301
281
321
341
262
290
291
261
311
321
381
351
269
311
291
311
309
300
310
279
290
270
271
391
309
407
280
279
320
290
331
289
280
280
269
380
339
269
279
291
340
330
280
290
309
390
269
300
279
310
290
282
320
261
279
300
270
289
321
281
280
261
309
340
491
291
298
320
300
341
269
280
271
279
300
291
290
300
279
269
261
279
270
291
280
320
309
349
279
270
280
320
390
281
290
349
290
279
269
409
269
270
369
261
280
279
261
341
320
340
340
270
321
262
310
270
342
360
300
262
310
270
431
391
290
420
270
279
351
261
261
410
300
309
261
280
319
390
291
280
289
279
261
338
321
300
302
420
290
438
271
321
291
270
311
281
270
298
289
329
270
261
301
270
341
320
279
278
311
281
261
378
261
290
439
290
269
310
280
301
270
299
421
281
330
270
360
300
390
269
269
300
300
268
341
321
261
261
299
322
322
281
261
351
291
290
340
261
289
290
270
330
479
329
271
419
400
490
359
450
291
379
469
280
299
300
270
369
290
300
379
301
280
281
441
270
369
291
300
279
279
279
289
267
309
340
280
419
290
340
329
301
261
290
378
271
270
450
289
322
289
340
370
271
262
399
278
310
310
330
349
330
289
370
361
331
270
371
279
270
401
309
332
331
291
269
280
399
339
329
271
271
441
261
350
291
360
278
261
310
278
359
299
261
276
470
269
350
261
290
261
379
270
290
380
290
460
411
310
360
268
360
306
280
410
270
280
280
281
290
309
269
320
281
268
310
372
360
270
280
340
270
360
270
370
270
270
281
309
261
261
292
263
300
1199
279
265
360
269
271
279
359
269
270
310
271
400
309
280
291
339
300
469
261
280
272
331
290
271
312
371
289
280
261
270
350
290
271
300
268
261
451
301
269
340
371
348
491
269
270
280
280
331
328
281
289
330
300
270
391
270
280
451
340
361
359
290
320
261
321
329
300
279
261
361
279
499
380
320
310
269
361
289
261
340
290
271
270
388
409
371
298
339
261
289
290
279
333
350
310
299
282
389
279
281
299
268
279
279
279
480
282
270
350
281
340
310
261
311
381
281
310
271
360
261
300
308
309
291
270
330
270
270
341
269
271
291
269
261
261
269
380
290
269
350
280
280
329
400
300
320
270
288
1180
320
310
370
280
300
270
329
281
289
270
349
280
286
310
271
381
301
331
280
261
292
281
268
262
301
330
370
271
389
270
393
280
270
351
268
270
290
391
280
291
270
290
300
280
279
269
289
269
287
280
351
361
269
289
330
269
431
271
389
302
380
291
320
261
270
301
270
310
380
261
270
300
270
340
331
261
270
321
311
271
271
300
269
290
269
300
311
360
291
279
389
269
390
351
291
320
389
262
269
261
269
391
271
311
270
300
339
269
310
449
499
290
270
271
281
269
270
431
280
360
380
282
270
261
270
420
309
271
270
460
350
300
349
390
270
320
300
410
320
269
390
263
269
290
270
272
371
261
288
261
280
301
280
379
361
271
349
310
269
301
311
321
270
278
379
309
280
291
290
310
461
310
279
430
310
389
289
290
300
261
281
310
370
280
281
281
359
321
270
399
291
291
320
290
270
460
270
320
290
379
272
280
370
261
270
299
380
359
270
291
330
261
279
279
320
312
321
278
310
300
301
369
281
270
269
311
290
270
351
280
271
391
261
291
451
350
268
341
270
280
270
321
279
370
271
401
359
270
310
370
270
300
320
261
310
321
330
280
280
320
399
290
290
440
281
461
292
270
362
370
300
279
280
330
491
280
270
301
300
290
410
270
272
339
280
300
280
261
279
279
280
270
261
339
410
299
308
328
340
271
331
290
308
361
279
270
340
269
280
379
289
339
381
290
420
270
309
300
310
261
268
320
290
267
299
301
340
270
270
350
280
291
310
270
319
290
267
299
271
268
360
390
290
320
300
261
399
319
280
371
331
300
350
291
311
390
320
330
279
279
291
289
330
270
270
291
280
332
261
261
380
271
269
300
290
331
269
270
361
270
340
279
299
310
289
280
350
280
391
271
334
269
290
271
290
271
279
280
281
270
289
281
400
299
350
371
300
390
290
299
271
262
310
290
371
281
300
310
290
300
270
300
318
300
269
359
301
321
397
270
320
380
269
360
473
371
302
379
271
310
352
390
269
270
264
270
360
280
291
261
290
299
380
270
278
292
319
330
279
290
270
450
420
299
319
331
269
270
361
368
330
389
281
269
330
269
269
301
379
261
334
391
278
320
261
261
300
270
270
270
349
279
261
309
280
280
269
340
270
269
280
261
269
271
330
284
320
300
321
280
261
361
279
270
271
329
300
270
430
310
360
289
279
269
261
269
301
362
280
390
319
310
299
268
390
280
261
302
329
281
261
331
270
271
349
361
269
309
340
261
340
320
300
329
282
369
349
310
329
271
261
349
280
370
267
371
290
450
340
269
380
349
290
280
378
292
298
401
310
280
290
261
299
390
310
389
269
341
270
269
341
261
289
340
340
350
291
299
269
266
380
281
299
270
290
280
351
419
270
261
279
262
289
261
341
261
280
281
289
391
343
291
307
360
280
270
339
278
370
369
261
270
360
269
269
291
270
278
271
261
280
261
350
270
369
290
292
330
450
269
299
261
311
263
278
290
351
350
279
261
301
310
359
288
289
268
430
261
280
410
269
261
280
301
341
270
270
261
321
421
390
271
282
271
290
320
371
640
280
261
299
360
440
310
489
300
290
271
369
380
270
261
309
280
290
428
270
270
309
290
289
290
270
269
372
300
291
269
269
262
290
281
318
271
290
429
270
289
270
381
261
261
391
330
261
269
268
311
261
289
280
431
270
290
270
400
290
289
291
349
320
270
308
269
300
269
261
299
271
330
330
270
311
270
350
261
280
269
320
331
280
261
261
299
321
279
279
261
271
332
269
270
269
301
269
261
331
309
270
341
290
281
269
270
270
290
360
261
270
300
290
350
271
270
261
289
400
261
281
279
290
322
261
271
280
381
269
270
270
350
269
290
371
289
285
280
280
280
269
261
349
271
279
271
261
290
321
290
271
270
279
270
309
300
310
329
271
360
390
660
340
420
320
267
329
261
312
269
382
301
280
280
340
289
340
301
371
271
296
269
270
330
419
261
280
328
261
300
270
261
261
291
411
270
261
280
280
308
271
271
261
269
279
291
290
290
329
269
269
436
311
291
270
270
329
270
280
331
310
268
268
270
270
299
261
271
271
281
341
280
309
301
290
321
291
290
271
280
290
321
410
271
279
271
270
370
270
300
261
261
290
301
280
400
289
279
268
270
430
261
279
269
269
330
280
261
318
419
269
261
268
282
261
271
281
331
271
300
1222
421
281
408
261
270
270
270
290
279
271
278
261
390
270
261
279
261
371
300
261
269
270
308
269
311
301
300
450
270
269
261
320
261
351
290
270
319
350
267
271
271
280
270
301
300
261
290
311
262
297
261
271
279
360
321
269
310
300
267
281
269
261
290
270
261
270
350
288
271
261
261
340
270
279
280
261
349
291
308
270
267
319
391
270
290
269
349
261
310
309
266
268
399
300
309
300
279
271
440
269
401
380
267
272
270
269
329
340
279
279
268
261
270
281
401
271
330
290
270
278
280
261
269
261
270
269
390
269
290
270
270
261
279
270
261
271
389
268
280
360
271
269
289
299
280
290
280
270
290
280
269
265
279
270
301
300
280
279
269
261
270
320
281
280
371
270
270
329
280
291
281
278
269
270
280
270
271
261
272
261
270
280
261
279
391
272
279
271
291
279
268
287
261
280
319
261
308
360
279
268
270
419
300
351
299
449
261
311
338
261
291
311
262
280
270
279
389
297
279
299
279
319
261
288
300
270
270
460
329
300
268
320
269
281
290
280
280
331
409
301
300
270
291
261
300
288
280
270
269
321
280
370
300
311
290
290
300
361
270
312
301
300
340
270
270
300
299
300
350
270
359
281
301
268
289
289
331
280
370
301
310
449
720
718
270
380
269
289
360
292
300
350
300
391
290
301
420
268
340
389
310
329
349
270
281
320
327
272
311
271
330
299
290
430
440
279
351
298
270
330
270
320
350
390
299
330
309
320
280
310
449
370
300
281
301
408
321
412
370
278
269
300
291
269
300
321
370
361
289
270
269
340
381
269
409
290
339
319
410
301
270
339
430
328
269
371
271
280
359
289
279
340
290
269
410
301
421
309
298
300
381
360
261
390
261
269
358
339
270
270
360
276
388
269
288
328
349
270
339
290
261
409
281
410
270
281
278
341
299
279
349
290
270
360
270
330
280
280
280
279
411
280
340
310
370
430
340
320
360
268
299
390
317
269
320
320
298
300
271
300
270
310
311
310
261
289
310
268
451
261
299
270
300
320
340
409
261
298
290
299
268
340
301
300
261
269
310
362
300
280
310
379
280
300
340
261
330
430
311
278
528
269
301
360
390
360
419
271
280
341
320
270
310
279
381
269
261
301
280
270
300
350
320
341
281
290
270
280
330
279
261
349
391
322
390
271
300
267
289
261
329
290
300
350
289
291
301
341
330
289
269
291
281
301
329
310
299
359
290
329
309
300
309
291
280
290
279
409
401
360
301
261
291
270
300
350
270
299
339
290
270
281
380
270
321
310
340
280
269
310
270
351
261
262
370
269
410
320
310
431
310
440
290
369
300
340
431
509
451
451
279
366
301
270
310
290
271
270
319
331
285
290
319
331
320
360
271
410
291
320
380
299
319
400
308
270
339
279
281
450
291
270
270
310
428
319
270
340
292
310
262
300
401
349
360
341
279
269
311
381
270
279
379
312
261
320
270
299
310
321
261
310
301
261
271
271
340
419
271
339
480
400
281
297
298
351
292
390
370
460
438
261
261
369
310
350
361
280
292
301
370
449
440
270
390
331
270
270
289
269
262
318
268
271
339
340
329
261
299
291
370
309
269
310
261
270
391
261
261
310
271
261
282
361
310
340
289
380
270
450
439
281
301
329
307
309
280
280
450
289
340
400
319
432
280
340
356
267
289
420
289
323
319
420
329
369
280
280
350
261
380
280
319
350
269
279
320
311
261
308
291
321
271
310
280
280
270
262
289
261
350
291
379
490
286
261
371
291
290
410
440
271
319
310
280
450
281
298
309
339
370
333
269
270
298
281
270
380
261
459
441
330
310
280
280
321
301
299
370
440
319
279
328
360
290
280
400
261
290
469
330
330
269
318
263
270
380
280
320
270
350
279
290
309
311
280
411
271
310
281
300
269
340
269
410
310
469
280
299
281
271
290
330
309
261
300
329
329
321
390
261
281
271
311
300
289
310
279
268
330
411
350
280
298
301
280
270
300
300
290
360
380
270
270
369
289
300
270
400
269
369
300
341
271
320
261
310
269
270
318
311
281
331
301
301
280
321
301
269
270
270
421
350
355
278
370
330
280
319
291
309
370
261
329
310
418
470
310
280
370
291
340
300
300
280
300
280
269
410
280
271
270
270
301
271
331
330
261
291
338
268
322
390
283
319
331
370
343
299
300
280
298
300
270
361
440
278
441
340
261
401
301
290
280
310
391
301
300
310
321
411
320
350
338
270
401
310
330
321
280
272
280
310
271
261
371
280
1140
279
300
360
311
290
270
270
290
281
300
330
270
290
460
270
369
410
261
290
365
310
301
278
279
290
350
281
380
339
269
419
290
270
300
261
339
330
280
340
270
321
370
298
270
279
261
270
310
270
269
299
270
451
430
270
261
370
269
379
310
350
278
370
269
400
279
328
330
300
280
358
429
460
269
261
340
269
270
270
269
470
269
300
270
279
283
300
320
270
300
330
281
450
280
370
270
329
340
290
320
280
339
290
399
399
280
350
400
269
291
389
310
330
370
300
369
271
270
390
261
470
291
281
289
370
340
270
360
300
309
380
310
270
319
289
320
321
289
269
280
280
261
270
291
393
300
279
271
309
279
300
349
261
280
339
279
360
340
270
411
301
315
270
310
290
409
507
331
421
279
360
340
289
279
371
301
351
340
269
261
361
270
330
301
321
269
330
311
319
280
271
270
379
289
272
267
350
310
269
271
290
288
291
470
410
299
391
390
270
361
269
279
351
270
290
269
329
291
341
289
321
351
391
421
339
281
320
270
292
310
270
270
429
480
269
391
282
310
270
280
411
280
359
271
380
310
290
300
331
279
279
270
271
262
280
371
270
300
321
410
271
390
390
270
270
280
449
290
270
270
360
310
300
400
289
270
290
264
360
341
271
269
319
279
261
301
411
270
350
398
391
279
261
400
261
301
359
280
328
261
399
262
312
399
290
280
350
319
280
412
310
340
261
310
281
310
269
391
281
269
311
292
421
341
291
279
381
410
311
269
330
280
362
311
341
271
265
270
261
370
301
271
370
279
270
299
440
281
271
341
329
340
281
269
390
280
270
270
360
261
268
340
265
300
340
351
319
270
301
261
350
298
270
270
350
421
278
351
321
291
371
269
301
261
669
291
279
261
400
349
300
270
280
330
350
280
309
320
410
331
298
321
301
351
261
319
289
270
341
270
271
280
289
299
290
270
278
280
309
349
281
389
479
269
271
281
310
270
310
391
290
299
299
280
340
309
380
275
270
279
270
279
290
320
330
270
328
359
319
261
310
390
270
420
300
321
269
270
279
299
310
290
410
268
269
629
321
370
309
279
310
319
330
290
320
271
400
310
268
270
270
300
351
339
410
276
340
340
261
270
340
339
310
290
280
460
380
361
270
269
261
271
330
320
290
290
288
329
370
269
291
360
270
262
280
319
299
261
270
410
269
279
370
290
332
270
300
279
382
370
299
430
309
279
322
341
271
261
278
290
290
261
281
439
270
271
469
289
330
321
261
288
271
271
379
269
279
261
310
379
309
261
281
369
341
329
271
290
319
265
279
330
319
271
270
279
290
440
290
290
367
311
269
450
270
280
440
309
310
310
269
329
281
280
269
441
288
401
321
290
320
261
280
280
271
330
274
329
270
279
271
269
280
268
281
321
278
290
269
290
281
268
310
301
270
270
268
289
279
279
309
270
299
286
262
290
270
270
300
281
290
270
289
349
302
271
269
309
269
330
280
360
271
350
353
309
329
270
289
313
339
269
261
360
271
341
411
299
379
279
271
299
390
262
331
311
280
301
280
290
320
470
280
269
281
320
330
270
340
390
300
340
270
279
289
440
271
261
319
281
270
280
263
270
330
270
300
390
271
330
318
469
290
409
290
299
310
301
338
349
380
279
319
280
328
329
291
290
330
381
281
261
341
321
280
280
271
280
330
319
279
299
289
280
280
279
339
261
311
289
290
420
300
389
270
340
271
262
270
390
279
261
331
329
402
261
281
270
261
298
459
390
350
329
261
371
281
290
379
300
291
297
280
441
359
271
380
310
379
340
288
261
289
330
380
270
330
360
291
310
300
280
289
300
348
280
358
279
261
370
451
270
270
330
321
289
320
270
299
390
429
277
301
339
290
268
290
309
300
310
381
270
449
269
438
460
320
261
279
310
311
440
279
269
290
270
288
330
261
301
301
510
269
330
310
399
309
399
270
271
341
311
261
360
339
290
418
291
531
329
280
430
308
270
280
270
290
400
381
280
281
330
410
289
415
350
299
271
280
270
269
269
291
289
339
271
359
261
401
330
320
290
279
262
319
279
310
270
310
342
270
341
349
281
421
289
308
329
271
409
271
359
270
278
301
331
340
300
269
270
340
299
320
301
270
310
330
320
290
271
310
299
261
280
270
400
270
351
320
301
401
300
320
289
289
430
261
281
290
430
380
371
271
370
370
301
461
300
331
300
270
262
351
269
440
261
270
290
270
280
271
290
290
270
289
291
300
310
340
289
320
329
271
281
320
291
381
279
320
271
361
310
290
310
271
349
301
280
278
330
351
400
280
339
266
279
471
419
261
400
320
271
340
291
270
340
330
490
370
360
261
261
339
271
270
352
270
453
340
270
280
379
290
320
261
351
400
430
280
299
420
360
270
369
269
261
360
329
281
269
319
310
360
301
300
284
350
291
280
330
380
440
280
290
321
261
430
321
299
331
289
271
340
270
270
261
280
271
438
281
330
330
340
328
310
291
320
270
299
270
273
400
320
281
280
319
268
360
262
309
261
350
279
349
269
311
270
270
291
270
370
401
261
344
288
291
300
421
330
270
319
479
350
379
411
281
299
268
317
330
281
501
261
291
430
410
279
391
261
439
360
270
291
341
340
270
340
329
280
262
280
361
419
370
319
320
261
350
300
350
280
380
422
320
291
271
329
269
261
261
401
290
270
280
311
290
270
280
280
291
261
301
350
290
279
281
270
370
450
270
400
330
261
281
421
332
261
373
320
300
311
349
279
288
329
300
550
271
270
320
270
450
320
389
330
341
341
270
290
270
310
290
370
340
280
441
460
290
410
261
280
350
300
290
271
261
271
279
270
291
330
330
291
331
350
321
310
309
391
261
280
271
261
309
270
359
269
261
262
268
280
380
361
329
379
300
261
351
288
341
299
261
290
369
301
311
271
329
311
279
270
410
321
309
371
269
341
378
281
289
290
310
381
330
299
290
312
291
302
290
261
389
429
339
290
280
261
369
379
421
341
290
491
301
390
379
270
330
299
270
299
263
370
390
261
321
269
430
300
261
308
307
340
340
391
310
331
290
279
320
329
270
311
290
280
270
318
286
349
261
431
281
261
289
440
280
261
272
289
410
310
269
278
280
270
320
271
300
310
301
310
280
280
320
270
290
351
270
309
361
303
310
270
270
330
330
324
359
270
269
301
371
262
270
271
288
350
361
311
370
280
269
269
340
271
291
268
338
269
270
270
268
280
371
268
261
449
280
269
261
310
281
371
361
380
261
338
340
280
270
261
261
340
430
420
280
352
309
300
263
270
340
270
320
300
319
299
381
300
281
403
370
288
271
299
289
280
381
299
411
271
261
330
351
371
300
261
360
270
280
341
280
261
400
310
270
430
331
270
270
280
306
261
269
261
411
261
270
450
269
379
289
509
320
270
450
369
291
270
370
261
278
429
369
299
269
391
307
345
301
318
321
330
262
269
271
309
321
261
278
270
460
269
279
320
360
290
269
301
280
271
349
262
290
272
271
440
309
261
380
271
300
280
400
281
272
390
270
310
277
270
280
301
281
320
301
270
349
272
270
269
369
410
281
288
410
341
330
279
399
290
281
501
270
270
270
280
300
279
361
279
331
459
291
329
280
280
270
290
298
290
271
300
310
490
279
290
270
268
370
500
270
331
380
280
270
270
330
361
270
269
281
309
360
330
300
291
360
330
289
329
350
340
350
270
280
269
290
261
270
429
281
440
310
301
339
300
261
300
270
289
421
270
440
310
280
310
300
261
421
272
281
290
310
301
280
320
300
280
300
309
291
340
350
382
321
261
288
412
261
281
308
270
360
280
279
290
400
351
281
270
410
280
310
410
320
300
430
320
261
270
280
270
390
270
261
299
281
328
298
271
280
279
269
339
400
299
310
261
280
320
321
279
421
291
319
270
331
290
390
320
380
321
261
270
270
300
360
270
269
351
310
300
291
370
336
299
459
261
331
330
300
290
310
261
289
281
269
349
299
261
349
281
428
279
300
310
431
280
431
329
270
301
409
271
280
350
421
319
411
310
280
301
297
381
290
330
300
261
350
320
300
271
270
349
291
321
300
369
291
499
290
271
350
321
270
340
311
339
289
279
351
320
261
319
399
340
461
309
324
280
372
361
340
290
379
270
332
359
280
337
339
340
261
359
369
381
289
279
321
268
281
261
261
370
270
291
331
280
270
261
290
280
400
320
311
370
359
331
271
288
270
290
380
274
430
270
261
279
300
309
300
291
281
320
390
261
340
269
261
261
311
298
270
331
301
461
273
401
310
339
290
261
350
280
339
270
350
311
369
299
270
301
280
361
310
280
271
300
390
281
269
370
300
309
270
290
369
301
419
342
310
331
271
269
269
349
300
311
279
270
302
410
310
319
429
279
280
460
289
290
332
261
300
337
360
270
309
271
272
331
279
310
360
360
261
261
311
416
270
271
360
291
272
281
261
329
319
280
279
319
300
291
279
331
261
371
290
261
268
339
270
261
271
361
280
270
280
318
290
320
261
280
301
331
300
270
262
310
381
310
270
350
270
291
330
271
272
309
290
380
401
269
269
270
358
301
280
310
401
389
280
270
279
281
281
391
269
429
370
270
261
331
380
350
270
370
290
261
269
300
340
280
281
381
321
280
311
349
269
327
340
300
339
262
509
261
272
340
340
301
280
320
319
311
330
381
270
369
280
518
270
269
271
261
289
300
370
300
269
270
269
330
285
300
271
320
360
271
270
271
339
339
340
270
280
301
261
261
329
261
359
460
270
380
301
261
280
280
280
290
270
301
279
300
280
270
269
337
400
310
270
341
300
370
271
322
310
272
271
268
319
421
270
281
299
320
370
269
381
310
270
291
690
341
272
380
310
269
419
459
261
271
270
270
339
291
261
281
261
281
280
350
310
269
270
309
299
271
391
269
269
269
271
321
261
300
451
261
340
270
269
261
350
269
261
280
271
270
279
310
290
281
320
300
270
269
360
269
280
280
421
351
300
279
300
349
269
270
289
269
270
269
299
281
288
270
269
350
350
324
270
280
400
261
340
280
268
279
279
331
290
280
371
280
291
269
269
261
320
270
311
270
400
271
301
310
380
310
299
269
281
318
288
271
281
261
270
280
300
382
330
270
270
291
299
271
269
270
280
362
301
270
430
270
330
290
261
261
309
311
311
280
269
391
271
331
271
291
310
280
310
292
279
271
290
261
269
291
289
311
300
400
300
301
389
289
269
279
268
360
390
269
320
275
282
261
270
300
328
319
269
492
401
320
322
267
326
261
330
269
270
371
289
300
271
300
270
269
261
301
351
280
261
340
300
310
271
270
271
351
310
369
310
360
280
489
408
271
331
269
268
281
261
280
298
369
271
261
300
270
299
279
291
320
300
319
292
261
262
261
470
261
261
279
350
311
289
262
280
270
269
278
270
270
269
271
271
289
268
290
261
300
270
261
272
280
270
280
293
279
290
592
310
290
270
280
279
299
270
280
321
279
281
281
266
281
330
300
270
269
369
271
640
319
269
280
270
320
310
409
390
302
289
269
379
310
460
351
471
528
460
590
360
339
319
290
281
309
270
261
289
401
500
270
311
340
340
299
279
310
281
441
318
270
330
358
302
330
371
359
360
401
320
410
270
359
278
269
320
280
309
320
390
410
369
300
311
311
261
280
270
261
370
270
369
269
261
370
271
269
281
281
271
291
319
319
300
272
280
261
280
261
279
280
280
290
370
389
271
273
310
269
270
460
310
271
309
320
270
359
270
261
279
440
289
401
340
329
301
270
289
278
261
270
311
400
400
279
299
449
288
264
269
280
330
261
360