49
79.
98.
119.
180.
99
209
191
410
188
231
259
231
202
209
250
201
1090
260
310
218
230
1122
255
181
230
229
189
329
209
402
182
339
230
229
240
360
230
269
220
249
240
271
251
221
226
209
231
310
269
219
191
290
199
188
231
229
231
300
239
260
260
429
253
221
209
219
230
240
200
278
259
250
199
200
211
227
239
249
188
322
189
249
200
238
209
184
189
250
220
199
200
228
191
251
260
210
210
319
249
221
250
259
350
211
260
230
187
200
251
199
188
228
209
188
1068
251
309
231
300
1090
260
240
200
190
209
189
209
221
190
189
439
189
301
199
1119
250
390
209
290
205
230
260
280
271
280
209
191
219
228
258
209
448
469
181
190
211
259
230
1122
190
279
260
189
227
190
198
281
230
400
259
260
459
219
219
220
239
279
259
199
223
210
189
191
209
229
190
188
459
268
231
220
189
181
192
251
209
240
197
320
220
232
190
369
231
250
250
218
197
209
189
201
220
219
181
280
551
189
210
271
200
239
190
241
281
200
260
221
200
321
192
182
249
188
251
190
247
249
199
220
207
220
374
188
228
239
258
201
270
182
209
270
249
329
200
1110
190
241
190
190
188
186
199
189
181
518
199
291
200
220
198
191
399
430
261
188
188
190
291
190
210
571
251
219
227
270
230
200
283
199
223
231
222
230
429
200
220
261
340
202
251
188
269
199
199
231
419
644
229
199
209
391
210
364
201
201
269
200
440
249
259
250
190
181
228
240
230
219
189
259
188
190
212
249
309
231
270
211
300
191
291
239
242
282
657
250
250
189
270
229
187
190
210
349
1151
289
1151
231
190
219
278
188
271
189
349
199
301
190
241
190
300
1152
399
657
209
188
416
210
238
239
190
220
213
239
249
206
240
182
201
207
239
252
192
250
300
250
230
229
262
199
220
220
210
231
341
387
229
187
188
250
220
189
223
251
191
189
250
199
379
218
330
190
199
221
210
229
239
272
200
200
220
232
189
249
240
431
447
190
181
190
301
560
220
261
211
181
324
300
260
261
242
199
329
188
191
409
229
299
199
218
281
189
188
294
182
181
191
189
219
329
201
232
190
190
249
188
279
208
209
403
192
239
258
271
330
220
249
201
379
230
212
190
260
250
271
210
250
229
248
209
252
290
261
208
332
269
299
199
576
242
188
230
229
230
209
182
217
220
190
311
189
219
191
208
329
199
250
258
221
289
442
328
207
209
201
233
230
189
198
230
192
220
640
259
200
211
428
188
189
188
188
209
269
440
193
192
200
210
330
270
200
262
229
210
182
250
189
259
330
302
258
188
271
211
199
208
231
261
196
221
232
208
189
190
220
201
300
380
209
339
209
199
201
300
250
260
409
200
268
189
250
189
209
219
189
360
230
189
240
1099
197
290
210
1049
408
199
199
189
201
260
210
230
270
189
259
249
230
189
200
228
211
281
181
208
210
240
191
211
189
199
271
220
607
218
230
249
187
269
190
218
260
251
239
231
309
213
216
198
260
230
190
270
244
270
229
241
430
209
337
290
181
648
348
208
199
201
579
188
270
197
229
199
231
260
189
419
229
212
237
259
251
409
211
300
189
270
199
249
232
269
229
239
219
192
230
199
1090
230
231
248
187
189
201
190
210
250
189
469
469
189
191
239
240
289
239
257
208
230
220
279
210
240
188
237
358
298
202
249
448
195
187
228
210
190
198
188
240
230
218
189
183
190
230
248
261
211
229
208
199
191
220
218
210
222
199
191
261
210
241
220
218
190
232
188
279
659
201
201
210
181
200
271
246
198
212
300
200
211
190
240
232
189
260
270
228
228
188
219
260
189
229
231
799
190
273
200
321
230
260
201
199
320
239
191
192
239
190
200
580
198
216
191
190
438
239
270
209
211
227
190
283
190
211
249
239
259
228
221
402
189
190
240
211
418
190
220
1110
230
329
270
261
369
220
181
279
509
220
220
211
289
219
181
210
209
250
199
240
211
211
219
199
230
208
190
268
210
261
199
310
280
191
208
207
241
1068
479
189
190
239
208
279
188
190
332
290
190
251
199
199
239
181
360
223
189
181
221
199
220
250
189
200
211
209
189
191
210
219
189
300
181
360
310
229
199
200
289
190
214
189
210
211
184
227
189
192
231
200
270
189
261
230
1111
187
232
331
269
249
350
259
231
200
249
240
267
209
230
181
340
190
198
219
221
239
201
239
191
231
238
220
182
201
237
190
210
290
181
183
191
200
233
300
199
260
251
254
338
189
190
181
409
181
209
190
209
208
271
250
210
208
231
190
189
188
250
219
217
198
199
218
188
209
199
182
197
230
338
239
240
249
201
211
242
189
230
238
189
280
223
182
210
181
439
249
190
220
208
187
332
260
210
200
189
200
300
650
182
293
250
478
278
189
201
199
249
369
230
232
184
237
321
192
300
203
190
191
209
188
239
190
320
200
238
230
200
250
194
207
377
190
181
227
219
190
211
228
189
190
188
188
261
268
210
231
219
220
188
192
201
189
559
199
207
208
199
359
213
192
239
268
230
188
630
230
370
238
210
189
210
213
279
199
199
239
341
188
200
210
197
226
229
279
190
201
199
188
410
249
239
240
232
219
320
188
229
229
219
190
200
269
215
369
260
258
181
240
300
210
193
190
200
280
409
209
189
260
190
240
200
248
191
228
670
207
208
200
196
198
322
192
249
190
199
224
212
229
188
230
190
270
221
231
198
222
200
230
191
418
199
639
442
321
188
183
278
229
209
290
189
190
199
251
350
258
359
210
248
391
271
242
210
252
190
221
240
250
209
190
200
418
209
210
390
240
341
320
181
200
210
209
210
260
190
250
190
311
239
231
191
191
240
241
250
183
221
250
188
200
258
209
339
298
189
190
196
232
209
209
192
260
240
222
190
220
187
188
191
181
238
188
282
220
198
229
240
239
191
260
200
252
220
399
241
599
229
190
240
589
450
206
190
389
222
260
301
190
190
217
199
193
191
260
229
199
231
220
279
239
210
348
209
248
578
201
261
211
189
249
220
270
199
189
219
259
231
199
229
207
329
368
207
220
219
182
249
379
199
211
239
181
210
219
189
218
230
1100
220
201
220
440
241
203
190
200
298
260
181
192
189
199
189
190
199
200
233
219
199
238
378
249
281
189
209
270
199
788
248
210
380
289
190
239
183
359
200
220
241
181
327
571
200
249
220
200
230
220
183
200
222
439
209
292
460
260
190
220
181
230
229
210
181
197
231
210
259
367
232
210
190
182
249
369
199
280
191
190
209
200
229
209
199
211
560
231
190
348
181
323
199
182
197
291
200
200
211
190
270
221
203
190
199
250
189
334
189
249
187
200
250
199
190
410
300
190
221
199
219
190
219
210
210
190
199
203
248
459
187
188
290
199
239
249
191
230
206
238
218
288
189
258
199
181
362
260
181
310
278
210
199
181
220
190
329
479
198
200
191
231
290
190
190
198
189
190
231
400
372
270
231
190
190
320
320
219
308
197
189
181
241
221
370
200
210
249
219
269
228
210
291
191
501
227
279
189
261
242
189
211
199
250
207
188
300
188
201
190
269
309
221
188
190
210
217
241
181
211
221
218
240
261
219
388
181
1100
188
181
249
259
209
221
249
190
219
190
201
269
202
229
209
209
189
400
417
230
250
477
469
188
222
191
229
259
337
210
192
239
238
211
288
211
190
188
203
191
210
222
209
278
221
210
612
240
271
189
230
201
259
187
229
240
239
372
249
198
250
208
209
221
200
220
197
182
290
222
220
279
220
191
221
279
261
240
189
302
311
280
181
249
184
187
210
191
188
192
192
229
281
219
181
208
210
209
281
189
199
189
280
240
260
198
192
208
188
212
529
200
181
188
457
189
188
249
219
251
321
210
362
199
201
217
260
219
200
190
248
198
190
241
241
209
220
340
282
208
271
219
181
189
223
439
191
238
222
200
208
188
220
209
211
272
211
201
231
230
209
238
189
348
190
220
199
201
272
240
200
181
188
200
210
189
234
228
189
269
203
270
240
230
199
210
209
181
191
260
190
189
280
198
187
359
348
191
249
181
360
258
209
240
209
200
198
207
189
261
190
198
329
249
181
210
188
201
200
199
212
220
238
189
272
199
211
270
200
181
430
200
189
208
198
240
181
198
209
339
189
189
200
219
319
219
189
190
202
190
190
189
188
190
189
247
219
192
292
202
199
250
469
188
186
200
191
230
188
189
271
269
470
201
199
470
200
190
198
250
190
220
399
189
189
191
187
215
260
239
198
259
210
239
300
209
198
250
182
191
181
200
211
271
211
181
367
206
196
202
189
191
200
418
240
190
229
201
199
209
181
220
238
198
189
182
213
302
189
210
408
199
649
198
199
181
196
630
267
208
198
198
198
311
189
229
217
181
220
182
208
290
191
238
221
181
189
200
220
199
191
258
259
189
239
181
219
190
290
260
200
448
229
190
230
220
181
280
270
240
210
199
190
269
233
227
210
230
429
211
208
191
218
270
238
188
181
209
190
231
269
288
211
339
220
658
239
251
219
250
181
188
228
379
210
220
197
189
260
231
221
191
628
429
199
751
210
201
201
209
190
181
190
210
250
200
249
226
269
219
219
361
189
199
249
259
198
251
276
200
362
418
243
248
191
208
208
211
252
280
418
210
190
199
308
208
390
230
298
350
250
188
197
219
181
191
181
300
402
342
218
182
218
239
230
236
239
227
209
208
191
219
201
190
188
189
221
208
209
191
529
210
199
189
259
250
189
190
220
289
679
228
218
619
220
210
229
181
239
190
240
192
310
211
191
220
350
198
189
190
190
359
208
291
299
230
200
190
209
189
190
199
187
210
220
260
189
209
198
190
200
250
190
187
219
231
190
219
200
210
197
229
347
189
260
210
190
331
359
339
240
189
188
199
229
288
229
199
188
189
184
198
189
213
449
189
200
189
181
210
198
228
230
271
188
281
187
207
190
241
190
190
620
261
229
240
211
598
369
240
189
266
190
239
190
209
188
189
281
209
222
428
229
190
249
190
269
210
279
210
247
190
200
200
199
229
220
188
191
198
199
328
229
290
219
279
190
189
249
189
216
338
261
240
229
279
190
268
309
187
214
220
248
191
190
218
199
227
188
289
191
237
207
239
210
228
226
220
196
235
259
269
319
260
199
190
241
282
599
211
200
259
181
320
219
190
208
281
419
199
240
260
408
209
239
221
209
241
190
181
182
190
239
221
200
208
189
200
203
229
198
249
208
299
250
198
220
289
259
188
230
1100
239
200
199
227
231
210
189
297
428
181
221
190
228
229
199
188
199
189
183
209
200
219
233
189
289
219
189
1161
279
189
219
186
249
300
190
260
210
182
189
200
188
211
239
219
220
192
270
220
208
187
255
271
228
340
279
194
189
213
330
199
198
190
189
220
181
229
227
211
219
417
280
189
438
320
250
361
188
349
290
197
188
219
219
182
200
298
220
189
189
250
237
188
190
216
339
210
189
188
371
189
219
229
188
199
190
208
181
220
310
189
229
280
208
199
190
191
181
210
202
271
219
217
189
208
188
260
181
458
188
253
290
188
239
188
288
190
190
341
190
219
189
193
209
188
420
191
199
212
690
320
189
182
188
229
220
227
239
299
230
398
220
191
181
229
198
250
181
188
201
369
219
189
189
236
270
440
230
240
231
500
189
187
218
189
190
271
229
219
190
209
229
188
290
220
239
209
191
188
301
210
239
200
190
219
226
220
182
211
221
190
198
199
305
260
219
259
189
239
250
203
250
231
191
188
567
230
229
210
191
191
309
240
319
195
191
190
239
270
199
190
280
246
235
190
199
181
190
181
377
209
191
212
181
198
236
239
199
259
209
230
283
409
199
182
220
218
275
198
200
309
487
182
210
196
188
209
181
250
499
270
181
339
189
238
191
210
212
247
278
197
189
300
269
389
250
610
191
205
210
220
199
249
240
188
251
230
200
200
190
238
221
301
200
199
222
181
229
281
339
231
250
290
199
210
203
220
258
199
271
459
189
189
188
210
239
208
220
210
220
417
209
209
190
227
210
208
189
220
239
189
190
269
210
358
200
190
218
190
221
189
219
198
577
249
190
189
198
199
370
270
265
249
198
599
181
267
189
187
239
190
269
201
199
210
189
218
237
181
190
189
320
189
210
189
191
189
380
209
358
210
199
230
191
237
208
241
239
197
400
208
187
338
240
218
256
440
358
758
191
218
657
209
191
407
190
188
248
188
229
189
194
229
181
239
184
210
187
209
201
259
248
189
200
189
200
250
199
199
189
182
290
221
240
210
190
227
219
410
401
290
221
210
192
230
190
237
191
245
216
947
310
268
220
188
199
239
260
220
310
288
191
200
189
181
200
190
189
189
210
219
260
199
240
189
199
189
199
239
230
249
201
208
201
210
200
228
427
240
320
228
219
210
182
189
210
258
440
359
251
189
182
220
220
248
182
239
458
200
231
402
199
182
231
312
231
191
181
319
290
189
208
448
208
368
200
258
199
289
224
191
238
229
190
182
190
199
183
212
189
231
220
220
250
285
210
230
223
198
388
186
260
218
181
241
273
265
230
190
190
200
199
199
208
261
248
189
230
200
210
239
191
188
350
192
189
669
214
259
218
249
221
188
270
218
219
181
279
281
259
188
188
223
198
300
190
187
197
189
211
269
182
299
249
230
188
240
239
220
218
190
188
216
189
221
198
200
198
186
279
263
188
190
279
259
231
231
188
189
248
187
239
181
206
189
618
187
210
639
200
189
220
219
211
230
264
220
189
188
219
230
211
190
238
200
188
209
281
229
228
181
221
230
189
280
200
181
189
249
210
199
208
350
188
240
190
350
249
187
281
190
246
228
203
186
608
271
188
219
220
260
229
189
210
190
182
219
207
210
230
376
269
189
219
181
210
220
190
269
619
239
401
269
221
230
519
568
269
188
190
368
188
191
258
271
231
252
208
281
259
199
241
290
190
200
210
199
206
189
360
231
230
199
259
250
191
238
265
185
269
258
229
328
480
319
181
209
350
250
241
182
195
260
199
209
201
181
321
210
231
250
181
268
229
238
230
190
250
333
181
241
241
202
218
189
270
189
260
230
189
189
219
280
248
271
182
211
187
249
579
185
219
200
270
329
257
188
190
209
269
211
210
198
209
224
291
189
219
409
199
311
188
311
619
229
210
314
188
270
190
190
249
182
191
233
209
231
209
270
236
231
211
182
201
215
260
268
191
210
479
195
200
181
239
239
190
199
200
214
689
206
190
181
219
188
270
190
219
190
197
310
250
183
260
254
199
230
190
259
219
242
380
250
189
329
379
249
330
219
221
219
220
213
188
269
261
249
198
189
208
188
309
229
189
190
659
209
249
251
250
200
189
238
189
249
199
189
181
190
240
269
200
289
321
238
301
211
201
229
332
323
219
262
239
181
190
271
209
249
260
249
220
200
189
263
222
189
249
269
200
429
219
220
215
199
267
230
229
240
269
201
202
189
189
188
252
219
189
220
310
207
238
208
190
195
284
189
190
229
200
300
209
269
190
220
430
220
220
240
219
208
188
181
251
189
239
189
242
191
271
361
241
188
191
220
189
239
248
519
209
189
200
188
250
408
310
299
210
381
190
269
250
231
191
188
198
226
211
209
200
191
209
351
230
210
224
199
181
261
190
199
189
290
201
270
229
181
210
181
189
187
189
300
198
189
200
268
209
220
198
189
260
202
250
189
241
351
349
260
190
250
390
190
210
240
210
369
182
201
181
189
251
261
188
210
231
190
188
320
210
200
190
181
189
190
181
189
208
189
221
219
468
201
209
262
239
198
230
269
209
238
242
181
217
309
230
219
192
220
262
189
258
191
181
230
218
198
189
297
311
191
341
187
250
259
587
249
258
241
221
280
200
189
218
240
211
259
230
250
329
231
250
258
209
199
209
199
250
258
209
377
241
187
213
188
219
261
430
389
241
188
260
319
190
261
219
184
290
192
189
210
210
530
431
340
190
250
198
220
211
201
211
290
239
200
230
237
188
210
198
209
245
211
210
337
188
226
217
237
270
219
239
281
261
240
188
188
241
202
218
219
239
249
230
240
300
201
201
200
220
210
190
190
181
185
191
191
221
191
250
210
261
209
191
209
189
210
231
198
305
188
249
230
211
191
359
220
220
208
240
189
258
249
211
271
207
240
230
190
198
189
200
437
198
210
211
409
197
227
182
207
231
200
207
256
230
200
189
200
187
190
229
269
290
199
248
189
199
219
221
292
188
210
188
240
190
250
183
200
207
280
249
231
201
220
210
198
189
199
249
181
188
227
231
199
219
200
190
181
258
181
190
189
189
181
252
189
200
190
210
230
200
220
199
190
188
199
191
208
230
259
202
201
457
220
189
419
238
307
241
182
189
197
190
270
190
220
220
198
218
219
206
181
222
220
219
182
200
209
279
261
241
227
189
188
187
186
608
212
181
189
182
212
191
199
189
198
269
229
269
211
260
201
210
188
191
200
192
210
190
220
329
440
440
181
209
191
191
288
220
290
250
240
318
191
248
227
240
212
188
191
226
190
190
209
241
198
229
189
279
199
189
201
219
273
199
209
186
210
250
190
196
247
229
229
209
259
251
238
182
208
199
260
198
219
200
191
196
210
249
331
239
188
250
199
228
210
199
181
237
290
207
190
221
220
390
229
189
220
228
209
189
230
228
229
220
599
278
300
218
187
198
259
189
359
190
230
291
197
309
188
220
210
191
210
288
570
200
189
238
218
280
260
189
189
237
197
190
230
199
190
210
200
190
229
190
188
210
230
189
261
221
191
181
219
221
239
191
220
240
181
230
288
199
183
199
312
190
189
219
189
221
190
199
199
219
199
358
438
209
319
189
421
231
580
220
230
189
230
198
202
751
389
181
206
238
230
259
350
258
209
242
201
719
212
240
240
398
210
270
208
259
190
221
209
186
214
198
258
190
239
234
639
289
220
240
220
332
260