47
91.
110.
128.
570.
123
1118
630
940
628
1109
658
1599
1490
1480
1491
1471
1489
1467
1512
1486
1598
1371
1490
1492
1551
840
1080
1700
1478
1521
1488
1549
1137
1449
1489
1509
1660
1466
1490
1630
1534
1420
1489
1490
1460
719
1561
1460
1522
1490
1081
1591
740
1540
1500
1130
1489
1688
1630
1481
1470
1522
1491
739
1599
1441
1460
1520
1619
1520
929
600
1420
1459
690
1220
1669
1490
1482
1559
1599
1449
1509
900
1569
1381
1490
1489
1490
1541
1490
1550
1279
599
889
1240
1619
1501
1157
1593
1457
1569
1441
695
1664
1640
1469
1502
1468
1481
1390
1490
1480
1459
1541
1479
1522
1108
1611
1491
1090
1611
1577
1760
1543
1471
1999
1191
1431
1519
1450
1480
1429
1478
1523
1470
1478
1580
1490
1790
1491
1591
1490
1620
1489
1470
1480
1480
1521
1480
1479
1470
1499
1502
1469
1480
1537
1559
1480
1490
1488
989
1569
1497
1480
1420
1508
719
1600
1491
1480
1491
600
1580
1461
1721
1489
1509
1899
1552
1482
1458
1519
1579
1470
1502
1640
1459
1508
1398
1512
1512
1519
1569
577
1559
1696
1500
1331
1489
1460
1479
1531
1577
1472
1810
1069
1549
1017
1630
1789
1492
1471
1009
758
1419
1448
1470
1480
1498
1470
719
1619
1490
1490
1480
1491
1483
1509
1481
1502
699
630
1451
1480
1502
1471
1529
1779
1441
1459
1545
1129
1969
1508
1471
1488
1560
1569
1478
1530
1630
589
1652
1479
599
1150
708
1428
1544
1461
1470
1599
1450
1348
1489
1509
1559
1542
1198
1599
1500
1389
1020
641
1560
1429
1451
1160
1630
1488
1616
1526
2632
1118
1598
849
1442
1491
1441
1500
1490
1740
1480
1620
1489
1469
1649
1471
1499
830
576
1631
1500
1550
1889
579
618
1519
1459
1539
1473
1128
1578
1478
1501
1641
680
879
1458
1771
1631
1459
1441
1840
999
1911
1460
1018
1879
1108
1429
1567
1490
1470
1460
1490
1480
1491
1662
1148
768
1421
1718
1560
1459
1521
1460
1488
900
1849
591
1133
619
1489
1511
1481
1468
1521
1599
1490
1468
891
618
618
1429
1468
1533
1309
669
1622
986
1579
1451
1511
1339
1798
1470
902
1598
870
1380
1661
1470
868
1869
1501
1458
1530
1491
1460
1008
1728
1939
1481
1660
1468
1009
1570
1499
1419
1511
1459
1029
1510
1481
1458
1559
1482
1509
1640
1549
1509
811
1397
1482
1491
1480
1490
1299
1126
697
1610
1309
1640
1579
1112
1117
660
1676
1187
1360
998
1621
1508
1782
1490
1160
1539
1469
1009
1519
1481
1570
1017
1540
588
1640
1470
1570
1499
1600
1339
1660
1560
1487
1543
1650
1698
671
1599
1548
1470
1479
1119
618
1453
1479
1490
1470
1801
1870
1490
1490
701
1620
1523
1807
1799
1610
1480
1809
708
1889
710
1050
1490
760
869
1381
1901
1129
1640
1690
789
1770
729
1388
1538
1568
1442
1601
770
1488
1619
1912
1470
1318
1420
868
1700
1630
807
1578
781
1541
1479
1616
1508
1542
1450
1389
989
1249
1558
1609
1491
1519
787
1660
1428
1531
1510
1750
1520
1452
1468
1420
1441
1458
1669
1572
1690
928
601
587
1609
1781
1480
1468
1537
1526
1772
1472
1468
1512
1431
1501
1477
1418
1491
1490
1480
1099
1549
1491
1470
749
1591
798
1579
1490
1480
1610
1490
1790
991
688
1309
1109
1358
1620
1480
1528
1609
1292
1619
1605
1619
1490
1590
960
1647
1470
1458
1519
1514
1372
1479
1491
1100
1477
1491
1470
1489
2180
1605
2409
2197
2091
2090
2410
941
2191
1838
2749
1531
1441
1480
1460
1059
1510
1498
840
1601
1559
1501
1481
1479
1469
1599
1469
1731
1481
1458
1079
1580
1488
1491
2091
1488
1509
1471
1208
1620
1549
1640
1489
1489
1468
1470
821
1630
1468
1498
1510
1579
1499
1639
1489
1490
1479
1080
1622
1671
1489
1649
1670
690
900
1600
1481
1510
1470
1599
1499
1360
1138
648
1350
1590
1584
1567
1459
1551
1492
1490
1489
679
1410
1511
1491
1479
1119
1429
1479
1501
1490
1490
589
1707
1246
1591
1051
1609
1698
1640
1480
1460
610
1479
1509
1429
1550
1508
680
1440
633
1577
1499
1510
1510
1538
1539
1510
1479
1700
1460
1487
1549
1469
1511
1461
1339
1523
1490
1449
1579
1480
1488
1490
1522
1479
1470
1500
1390
1508
1777
619
1630
1460
1009
660
1429
1551
850
1369
1480
668
640
1269
1570
1480
878
633
1629
1489
1481
1480
1388
1559
1540
800
1509
1540
1512
1428
1157
690
1459
1469
817
1540
1458
1521
1490
1459
1521
1479
1469
1550
1471
870
1589
1471
1210
1640
1228
1570
1210
930
998
1129
750
1939
2498
1570
1808
2608
1590
1789
1791
1708
1028
2718
2428
1539
1528
1439
4579
1490
1499
1289
588
1620
1479
1700
1471
1492
1478
1491
1470
1489
1479
889
1180
1939
629
1419
1469
1110
1609
1489
1500
1480
1429
1522
1619
1801
997
1799
1620
1469
1539
1482
2127
1052
1471
1481
1798
1092
1628
849
1639
1481
1459
1349
1501
1489
1481
1499
1492
1641
1449
1491
1589
709
1611
1729
1470
1489
1828
1681
1449
1600
1491
1769
1491
1480
1491
1458
1522
1551
1479
1510
1489
1509
1390
1441
728
1630
1629
1497
1481
1480
1189
1648
1609
1487
1511
1009
1121
1568
1490
1628
1469
1520
1460
602
1567
1399
1490
1608
1481
1490
750
1648
1539
647
982
1529
1819
1472
1490
1559
1490
1740
1450
1480
1552
651
1560
1491
1492
1460
1510
1539
1520
1459
1501
1729
1488
1799
1109
1403
1479
1459
1521
578
1588
1491
1490
1560
1420
1501
1491
1170
1580
1492
1490
1529
1461
849
1580
1300
1642
2119
639
1333
2078
1570
999
1200
1290
1169
2200
1430
1779
840
1970
1919
1600
850
589
1588
1498
1512
1628
1499
1889
1510
668
2169
1590
1127
1628
1469
1513
1581
1269
1601
1489
1470
1399
1471
1829
1481
1458
1571
1520
1471
1470
2110
1951
1480
1492
1560
1541
1477
1491
1470
1521
1170
1628
1801
1460
1526
1490
592
1641
1460
1519
710
760
890
1538
1819
1203
1429
1479
829
1561
1770
1561
1489
1601
1568
1469
877
1548
1491
1479
1471
1491
1489
1308
1208
1659
1818
1371
1489
1802
1510
691
1410
1100
1486
1458
1522
1481
1328
1130
1707
1899
1522
705
1598
1441
1479
1527
600
978
2539
1150
601
1511
651
1160
1539
1519
1501
678
1399
1660
1441
1488
1150
1219
1111
1399
1511
1460
1510
1551
1520
1769
1491
1481
1490
1462
1298
1550
1490
1489
600
1159
1512
1508
1610
1439
1437
969
1551
751
1371
1460
1509
1652
1479
629
1369
1929
1461
1499
1929
1490
1499
1618
1680
799
1438
1462
1458
1511
1492
1457
1479
1491
1471
1510
1588
1470
1507
1657
1111
579
1609
1539
1463
1460
1607
1461
1479
1489
2250
1491
1499
1580
1490
638
679
1601
1369
1420
1490
1600
1512
1570
1490
721
1490
1539
1470
1588
2158
649
1761
716
1920
589
1510
1450
1481
1500
1539
1651
1539
1509
1611
1488
1500
1350
590
1549
1279
1441
1809
1490
1660
688
2600
2620
2200
2649
1681
2110
1760
1249
1599
690
626
1149
1161
1492
1529
1491
1470
1490
1370
580
658
1471
1091
1199
3647
1491
991
638
589
1630
1810
620
1611
1508
1503
1430
1588
1470
1479
1121
1739
1528
1580
828
1541
1528
1480
1471
1490
1602
1491
1520
1760
579
1569
1471
1492
1499
1460
1099
1540
1489
1499
1481
1485
1541
1542
1490
1499
1539
1479
1488
1512
1569
1491
1481
1501
1791
970
1031
1699
1691
1460
1640
1451
1703
1458
716
759
2272
1440
1610
1150
1398
1681
1419
1730
1561
1515
1628
1470
611
1628
1139
1599
1350
718
728
1209
1617
982
578
1568
1090
1107
1549
1521
1488
1478
1501
1328
1560
1500
1118
1570
1504
1470
691
649
1370
1599
1520
1509
578
1679
1029
1380
898
1369
1614
1560
1640
1470
827
609
1217
1538
1558
680
1441
1470
727
1617
1579
1570
1491
651
920
850
1138
1589
1490
1541
1359
1482
1469
1519
1479
1621
1471
1478
1512
1459
1329
1500
580
1658
1452
1617
1510
1479
1859
1590
1481
1459
1171
1429
1490
1609
1699
1490
1621
1619
1577
2101
919
749
1622
2060
748
620
1639
1490
1208
1607
1277
1849
688
1139
1590
1591
1469
1489
750
1628
1511
1461
1519
880
1589
1480
1178
1561
1468
1520
1491
1469
1819
1469
1520
1492
1470
1546
1451
1800
1459
1519
1490
1470
1530
1380
1628
1501
1010
1570
1557
1409
1630
1469
1481
1479
1190
730
1451
1420
1487
1501
1479
810
1550
1458
1521
1581
1478
1459
999
1639
1309
1600
1500
1629
1505
1551
1491
1570
1730
1430
1489
1491
1500
1349
1041
1470
1411
1522
1471
1619
1818
1571
1490
668
1398
1522
1489
1459
1399
1528
1591
1479
1520
680
1141
1540
1518
1541
1588
1470
1530
801
1666
750
950
1710
1590
827
1630
1239
1670
1531
1090
1188
1601
1489
1508
690
1108
1541
1508
1966
1482
1108
1178
1609
729
1569
1489
1291
1620
1620
1572
1471
857
689
1802
1539
760
1608
1441
1459
1579
1511
699
1481
1467
1640
1449
1800
1460
1488
1108
1600
1540
1440
1489
1369
1419
1508
1502
1520
900
1570
1498
1389
1503
1491
1579
1390
701
2548
1141
667
1572
1579
1490
1632
1499
1409
1470
1511
1480
1520
1481
1471
1559
1379
629
1360
1120
1620
1460
1489
1521
1559
1512
1461
1500
728
1618
1561
1580
1459
1479
1491
1480
1501
1489
1480
1800
1808
871
709
1559
1508
709
1588
1459
1831
1459
1668
1610
989
678
1390
1439
820
1174
1631
1451
1488
1521
1460
1571
1518
1650
1459
1549
1270
1470
1596
1469
840
1148
1590
1848
1431
1468
1527
1482
789
1199
1101
598
2769
2091
2529
2820
2590
1580
1479
629
1610
1482
1481
1459
1530
1800
1479
1460
1557
1500
1472
1490
1490
1641
1550
1171
1621
1164
1600
768
738
1550
1468
1541
890
1600
1492
1467
1509
1482
1478
1519
1481
1409
1620
1000
1459
1473
1509
1279
1409
1529
1328
920
1578
1601
1482
1481
1278
1629
1459
1509
640
1621
1498
707
1350
1511
1929
1521
1458
1729
1520
1420
1508
1528
1188
1858
1490
609
1388
1090
1499
1420
1461
1607
1471
640
1560
1469
1539
1470
1650
1219
1558
1880
1530
1468
1479
1431
1561
1482
1471
1601
1402
1499
1100
1617
1802
2467
869
1509
1510
1448
1628
1439
1511
1380
1490
1811
1480
1461
889
628
1380
1690
1490
1481
1520
750
1629
1419
1590
1460
1503
1473
1479
1017
948
661
578
1580
1478
1480
1499
1471
1489
1549
1120
1620
1516
1489
1630
1801
1640
2410
802
2417
1251
1942
2138
1578
1869
1140
1599
1481
1469
889
1160
1612
1481
1492
1451
1470
1599
1588
1472
1480
1490
1489
1499
1482
1480
1540
698
1569
1600
1411
1488
1508
709
1450
1488
1490
1491
2600
1579
1102
629
1521
1361
1470
1480
1489
788
609
1611
1457
1559
1440
1490
1459
1591
618
1849
1511
1490
1629
1420
639
1510
1528
1190
1568
1499
1482
1472
1919
1820
800
1560
1399
1510
1670
1688
2402
2390
1846
1519
1600
2379
2130
2101
782
2240
2110
1041
729
1470
1470
1649
1499
710
1169
1660
1458
1521
1491
1458
830
908
1551
1490
1481
1471
709
1660
1389
1618
1521
1500
1449
1590
1789
711
1619
1518
699
1919
1629
1509
841
1469
1481
1490
1509
1471
1082
1389
1509
1490
1469
790
1459
1460
1489
1518
1529
1631
1470
1469
597
607
1169
697
1579
1528
1472
1750
1801
1480
1791
1800
1791
1012
970
1581
1237
648
590
1528
2106
2090
1110