79
140.
162.
190.
299.
170
320
310
300
410
1200
311
730
429
810
623
300
692
319
329
391
840
322
601
328
330
306
310
318
481
448
360
300
1428
331
310
340
468
330
1130
310
360
558
599
450
470
350
361
360
511
559
650
300
300
380
639
309
320
330
309
420
330
351
480
330
479
548
307
432
679
459
461
320
310
340
369
350
380
420
310
320
431
681
370
690
610
670
362
309
309
470
441
340
320
300
637
470
370
570
481
511
779
319
509
631
349
310
330
322
300
390
1222
440
689
431
371
330
374
1191
319
1411
320
400
581
328
300
319
511
301
800
831
660
330
500
580
359
419
451
331
311
410
529
530
372
509
310
399
469
350
370
372
321
359
358
310
420
429
330
430
400
320
363
439
451
389
351
369
431
401
530
410
389
470
350
366
479
559
382
321
350
320
349
710
340
471
391
368
329
399
390
510
360
301
369
341
360
340
340
430
350
359
379
350
400
379
420
330
320
461
370
660
480
780
321
359
300
649
631
308
350
310
300
361
320
372
691
330
460
430
690
469
419
340
310
459
700
481
761
430
310
660
400
399
638
781
411
799
310
300
360
429
430
568
480
301
369
630
300
830
1170
320
389
431
420
408
470
531
399
490
438
450
477
491
480
569
730
520
436
420
388
499
661
519
459
340
612
629
421
439
549
508
390
628
310
458
470
581
470
459
431
579
411
479
670
612
579
590
531
309
400
348
308
309
300
360
1158
440
440
430
350
478
300
309
339
401
680
320
340
300
410
611
399
311
320
360
390
541
439
340
370
309
420
419
511
389
300
300
360
350
820
310
339
310
400
661
849
641
350
450
450
300
371
310
411
500
310
340
328
740
550
340
320
591
400
319
320
420
340
1189
309
300
300
300
351
479
370
321
300
1349
319
561
559
301
350
320
300
310
328
420
722
1230
369
500
882
398
300
309
330
552
358
509
341
409
340
300
301
430
439
620
330
300
483
450
490
540
741
379
300
300
630
420
410
310
301
561
429
340
450
360
350
461
374
588
430
629
661
400
509
600
480
450
638
641
400
318
329
429
662
440
462
760
441
739
381
489
632
400
658
570
383
580
539
750
391
380
460
400
310
370
629
360
350
330
300
320
370
879
421
839
591
300
310
810
1120
753
688
601
500
441
320
449
459
680
320
310
490
310
559
389
350
411
438
530
309
459
611
680
320
371
308
341
320
300
300
521
320
600
309
531
329
437
300
610
610
380
650
309
300
320
330
552
448
461
380
310
330
319
330
420
300
400
400
390
330
419
420
389
398
389
681
381
329
300
471
442
380
440
320
380
359
320
319
402
321
399
380
300
310
599
459
461
1150
320
300
470
389
330
310
300
359
340
300
329
360
708
471
310
370
688
418
539
530
370
309
310
300
300
399
408
650
509
311
630
339
329
800
331
399
552
749
310
320
329
461
300
310
320
391
459
412
462
420
540
311
670
612
460
320
300
310
411
429
641
1450
300
310
314
310
350
559
550
761
310
521
638
339
400
300
389
350
340
400
468
460
410
440
460
441
397
371
712
752
390
568
449
454
540
425
310
371
620
382
449
471
309
380
310
370
420
330
371
308
389
418
309
330
431
331
438
420
429
340
471
310
359
438
371
1531
592
500
341
331
391
338
308
300
300
310
317
310
440
510
309
329
400
320
551
540
301
391
360
431
309
420
1222
377
1330
343
629
540
301
308
810
401
570
300
330
377
360
340
310
321
499
519
320
639
330
669
839
1129
438
469
481
439
531
379
579
410
420
460
460
560
550
681
557
430
401
370
560
520
610
457
360
630
497
469
470
530
329
561
650
300
342
420
1370
397
771
388
420
410
331
309
301
320
530
622
639
440
519
609
300
383
340
343
570
540
319
331
311
340
450
581
590
380
300
390
320
488
301
300
350
315
300
316
370
310
381
420
450
330
379
360
340
310
330
420
321
389
320
379
362
379
300
309
350
540
763
643
1276
650
880
302
301
340
852
300
401
689
382
319
430
349
320
420
550
300
320
450
491
312
328
441
762
340
300
311
520
578
710
1279
300
301
320
551
340
522
328
370
388
309
451
410
410
361
479
471
309
470
439
340
370
470
380
332
430
310
440
310
477
300
329
561
531
390
559
370
561
760
377
532
606
440
480
619
520
410
310
308
300
480
603
429
390
499
322
459
770
340
329
300
330
430
450
640
521
606
520
339
750
509
1521
358
470
340
320
469
360
469
391
329
309
360
879
340
480
641
439
420
850
919
771
420
590
400
528
489
310
309
569
921
705
420
360
370
300
334
510
810
320
410
501
589
640
589
620
360
540
380
379
369
319
420
549
969
310
328
301
300
320
560
310
340
309
360
682
362
340
300
400
550
580
319
350
428
319
330
320
311
410
421
308
410
769
369
307
341
369
320
437
522
411
369
321
339
379
420
381
399
300
640
550
380
350
672
530
380
360
1580
320
339
730
300
300
300
309
592
509
339
389
410
310
530
409
300
311
310
570
1580
318
351
579
320
359
350
1350
1570
310
390
530
320
370
670
671
529
370
661
419
478
360
330
350
449
751
780
500
370
383
489
318
411
350
490
309
581
698
399
340
360
379
310
300
310
301
310
330
351
370
330
439
330
309
450
340
490
349
430
370
330
451
379
371
618
350
489
740
410
660
541
439
561
388
360
569
400
400
379
450
380
350
340
369
378
300
480
399
342
300
330
350
308
450
439
300
379
470
379
320
330
311
569
451
452
879
311
319
490
308
349
310
392
321
431
489
420
460
330
391
560
470
380
300
339
340
371
489
350
561
1382
300
430
430
320
309
301
498
721
740
1429
372
310
330
360
329
301
561
509
329
331
409
491
641
350
891
1059
349
359
449
449
430
370
599
480
569
440
490
420
578
471
529
520
608
390
370
660
541
540
550
320
368
743
477
474
361
468
350
440
511
340
1060
829
730
310
492
596
300
300
327
300
631
669
732
427
571
589
300
410
338
307
310
590
302
378
320
419
593
559
810
363
350
347
489
301
300
319
429
340
479
300
310
310
390
440
450
420
710
311
331
652
409
310
300
370
730
370
329
300
330
330
1228
301
300
1250
470
440
320
439
851
450
483
810
310
329
300
503
320
410
301
570
1630
330
300
751
310
310
302
441
360
430
310
390
399
611
490
542
399
310
751
749
331
520
340
309
420
420
300
312
300
610
708
300
560
329
400
300
320
301
440
590
320
308
340
511
538
390
310
540
380
360
330
318
300
480
422
1269
340
300
550
311
486
331
669
390
540
742
408
518
511
910
429
360
490
360
370
300
320
490
1359
390
411
421
314
658
300
309
359
429
450
470
440
480
480
449
690
641
598
411
400
409
300
360
310
360
420
360
309
479
340
330
310
301
300
300
340
387
700
780
360
550
820
1129
771
469
661
569
391
429
331
379