68
119.
140.
170.
280.
148
300
430
390
311
310
811
309
500
427
310
298
289
300
580
321
411
589
421
781
350
322
348
310
490
320
412
391
400
592
300
561
449
282
299
290
289
290
299
472
410
551
320
539
320
300
330
529
300
372
320
290
290
429
399
480
282
1370
410
431
539
300
301
451
399
571
299
378
329
300
290
401
412
617
350
289
290
310
559
621
321
349
380
411
342
300
292
290
289
287
310
310
294
311
289
589
630
298
289
309
550
530
471
751
289
300
1022
788
351
389
293
481
320
681
330
369
430
1061
380
330
290
347
299
290
310
300
370
460
321
701
600
380
439
309
299
290
320
380
751
289
290
620
842
289
310
359
308
282
390
330
601
420
350
420
491
281
288
300
289
371
397
290
363
318
389
502
409
600
409
341
309
370
773
289
360
430
291
309
311
329
307
580
670
309
320
450
548
290
341
289
281
324
310
407
350
340
300
320
340
311
290
288
310
501
570
320
430
402
399
380
310
758
310
299
290
281
432
611
330
290
289
283
1340
310
773
320
389
319
590
431
349
321
320
330
329
581
488
300
300
296
290
290
858
331
542
528
620
709
290
300
290
290
290
309
309
290
289
310
849
290
601
479
390
293
292
290
502
700
340
290
319
380
299
281
301
310
1139
290
301
300
429
571
299
381
570
290
311
310
419
430
611
469
319
300
339
300
300
481
520
319
290
340
620
501
340
318
300
310
298
339
299
290
289
570
499
319
331
479
321
298
281
299
290
350
350
600
290
329
531
419
320
287
408
511
310
309
301
330
309
300
331
300
1175
360
310
309
340
481
399
500
360
289
313
292
300
330
321
311
340
370
409
309
320
320
290
310
281
459
411
460
281
408
551
559
319
300
310
370
1141
290
281
320
290
371
349
319
290
299
1140
300
451
310
329
289
319
450
781
290
293
350
580
620
350
320
340
299
290
390
450
492
289
299
397
310
299
1161
290
300
290
359
530
300
339
369
290
310
317
470
880
289
460
320
292
290
300
290
300
379
490
332
330
321
431
300
419
880
1070
288
300
461
1180
682
309
296
399
577
320
1200
300
281
359
310
286
1119
291
409
281
370
410
300
815
340
290
309
308
290
460
440
329
331
529
381
439
290
770
327
469
581
350
330
290
559
640
310
342
570
488
410
314
360
329
290
429
290
599
351
300
310
299
459
641
331
288
370
341
689
501
1010
400
551
443
310
289
351
299
568
329
369
311
439
691
289
320
300
349
521
420
390
320
290
541
659
411
310
339
300
350
380
410
300
288
431
541
281
310
290
299
589
722
521
679
310
290
652
648
620
650
390
360
519
299
341
310
290
299
299
281
300
309
290
522
691
532
520
831
471
301
310
480
319
309
530
570
370
349
437
310
299
309
301
290
309
300
330
360
541
296
441
701
300
289
288
340
301
290
299
290
290
500
489
290
340
290
309
281
622
512
409
360
339
349
740
281
290
310
629
1109
389
380
862
289
399
459
420
300
439
290
298
308
309
1870
331
428
350
281
310
297
360
359
430
398
319
340
301
320
311
329
349
370
300
340
300
539
352
298
311
301
295
780
299
621
299
290
340
300
290
329
289
805
300
290
290
340
577
290
310
361
290
582
308
361
290
310
289
310
559
330
440
281
334
281
300
300
290
300
541
298
440
609
610
360
300
300
320
289
340
320
490
910
468
308
281
299
662
328
300
330
659
323
299
322
282
310
290
290
290
488
419
410
283
300
288
401
770
290
311
320
310
330
290
542
579
299
290
429
309
481
400
761
320
310
292
440
710
401
411
379
340
290
289
281
284
310
369
300
691
294
571
558
401
301
471
300
309
329
290
300
310
320
290
289
290
452
559
509
360
420
473
793
370
1120
320
290
311
321
308
290
290
369
369
330
349
281
289
285
360
531
660
301
360
421
380
300
290
310
320
410
290
320
289
320
300
290
439
348
320
379
310
310
300
320
328
363
509
290
370
288
301
401
390
400
300
349
290
299
480
402
348
338
290
290
290
350
360
620
320
329
310
320
458
719
299
290
299
299
362
290
311
299
282
559
479
289
290
360
288
320
292
310
389
430
431
538
934
289
311
320
289
309
632
1190
501
752
289
290
339
371
380
291
291
310
281