70
140.
161.
190.
290.
171
600
600
611
560
389
660
291
461
749
310
510
581
333
350
480
472
309
310
1320
291
369
340
381
579
540
319
380
711
309
348
390
921
350
439
631
332
319
769
510
442
1236
309
311
300
399
400
549
311
291
359
310
301
330
350
630
431
450
310
308
739
570
539
310
320
299
299
540
579
300
419
530
302
300
299
330
330
320
360
35768
451
429
660
340
321
318
300
300
300
291
330
310
321
740
351
500
515
540
600
310
310
312
360
310
302
390
357
493
429
360
370
780
300
301
305
339
1479
319
300
340
302
411
429
410
320
390
330
340
379
339
458
878
300
310
300
291
320
310
309
309
300
318
901
393
519
329
318
330
310
300
300
320
318
711
1020
299
291
320
310
300
299
529
409
310
319
297
306
360
821
398
638
309
299
308
310
300
300
320
350
310
520
509
390
310
310
310
339
300
381
598
460
340
360
870
639
644
380
301
291
310
331
302
300
330
292
340
531
1319
301
350
660
329
300
329
764
332
310
299
311
300
320
348
350
360
300
463
1572
570
310
310
340
318
590
401
511
309
310
320
329
340
310
391
450
510
300
319
339
356
410
420
309
359
370
542
309
370
291
310
300
300
320
299
349
320
309
311
640
1120
360
310
300
320
310
291
336
430
671
340
300
301
312
329
370
412
330
340
868
308
300
301
299
310
310
359
309
389
419
339
300
450
432
490
360
319
54311
350
310
660
360
300
300
320
370
310
390
389
309
311
330
669
350
300
302
330
309
539
409
297
299
300
300
321
300
294
351
701
370
479
305
470
351
320
340
300
300
531
692
341
310
348
339
310
320
441
940
520
320
340
294
351
319
300
500
639
1590
300
308
291
310
650
339
434
1101
340
299
310
639
859
331
300
548
410
420
300
299
310
323
317
611
491
310
386
350
360
360
561
1151
299
329
301
298
450
727
330
712
300
330
320
440
420
340
985
300
310
340
510
331
551
331
368
300
339
320
321
301
740
539
390
291
331
298
300
311
300
299
310
502
403
340
310
495
470
490
300
460
620
530
291
320
320
300
300
300
340
379
345
564
399
530
309
309
320
299
498
351
530
300
311
360
340
409
449
521
391
1350
320
392
310
310
449
592
318
340
599
520
810
620
319
518
450
520
523
369
519
620
560
361
580
355
549
461
571
478
379
390
660
500
590
320
309
353
828
1801
351
449
360
431
310
330
623
428
309
320
350
430
310
319
373
760
350
300
389
639
588
340
400
330
591
311
291
310
339
470
691
341
508
409
310
470
660
300
307
294
422
599
540
291
361
640
299
310
301
319
300
310
330
340
310
35771
319
431
420
619
310
350
320
301
300
321
309
300
309
300
398
1402
370
520
330
819
390
300
291
298
419
301
300
690
340
320
359
291
781
300
319
300
340
360
581
729
291
300
300
451
519
389
311
1280
659
320
339
379
410
291
308
300
340
309
301
359
631
341
660
379
359
411
359
640
300
310
300
338
303
299
300
311
311
380
550
301
320
439
300
450
410
570
310
301
300
299
350
291
338
562
471
300
330
320
591
332
319
381
511
380
370
519
321
301
291
320
300
309
299
339
299
329
478
319
300
560
562
412
349
541
461
309
329
291
300
330
341
370
360
311
300
309
403
1328
341
551
370
299
621
379
510
300
299
330
321
301
299
299
311
310
330
700
294
320
310
442
720
470
460
300
299
291
1291
328
310
329
296
340
550
320
519
291
352
291
300
338
330
390
301
339
380
310
401
1455
309
301
330
300
380
330
330
419
356
599
297
310
309
299
54378
299
300
291
349
609
299
310
300
340
291
310
420
391
370
340
310
388
334
300
299
292
389
628
299
349
310
329
300
320
291
342
389
511
300
310
419
361
510
370
320
329
309
310
340
330
321
390
301
309
299
301
319
331
319
451
753
670
320
300
309
351
338
310
339
370
730
379
440
1170
298
299
400
431
1699
330
310
299
319
299
300
298
291
309
441
500
319
630
430
300
692
310
360
302
359
319
470
1229
361
502
390
349
350
370
331
541
541
388
602
568
300
329
449
310
370
796
954
300
300
340
299
332
3232
730
611
398
451
300
578
329
300
361
320
310
300
300
320
300
301
469
410
320
420
830
329
300
821
520
321
300
370
321
404
589
400
319
323
387
731
306
303
310
299
350
349
311
370
519
299
300
340
539
720
370
671
299
310
292
301
309
410
310
300
291
326
479
768
319
360
350
320
430
408
549
310
561
341
399
610
370
301
560
432
349
569
450
580
340
360
309
390
650
500
420
310
669
700
809
300
291
670
470
330
291
360
802
509
310
480
770
329
310
311
300
440
390
562
498
440
340
391
539
380
300
299
292
359
369
360
309
300
391
539
360
551
730
310
292
340
300
350
530
692
309
550
539
360
300
359
410
511
319
338
310
300
820
491
920
590
311
330
310
294
301
317
299
291
35759
329
300
350
720
440
340
292
329
304
320
299
291
319
309
448
310
492
641
498
320
350
450
459
302
298
301
309
360
310
370
310
310
603
528
310
441
420
690
321
668
307
300
300
311
339
510
399
298
300
351
322
319
300
330
315
420
390
448
390
318
310
319
291
450
613
430
339
300
310
509
320
291
300
398
338
299
320
309
340
389
309
300
300
520
910
339
370
499
450
450
758
410
340
309
320
291
301
311
321
310
299
731
300
300
299
310
310
420
420
541
321
299
320
590
640
311
428
810
350
317
330
309
310
299
298
310
349
402
661
379
600
1188
359
349
320
340
330
300
301
299
350
551
441
331
540
348
490
310
581
430
549
310
291
320
302
301
310
300
329
491
500
296
300
590
680
320
410
751
292
301
318
320
310
310
310
760
810
306
291
291
311
449
670
349
298
298
360
310
349
320
310
540
1470
310
369
330
295
358
329
309
300
320
591
302
300
310
318
340
330
300
291
350
299
400
529
520
1511
339
300
360
299
54363
291
291
341
311
459
1469
291
302
309
299
319
291
362
438
408
320
382
988
301
302
311
301
310
400
470
330
340
310
330
300
320
300
421
369
311
368
311
440
406
690
300
372
318
300
311
300
310
539
410
480
360
320
298
299
299
330
300
330
349
1241
700
329
300
320
311
340
320
310
299
349
370
781
370
931
750
319
299
299
310
298
382
323
300
559
1240
320
406
320
299
299
320
330
300
308
410
409
351
359
329
349
321
549
330
320
400
570
469
300
310
330
291
291
291
411
360
470
300
389
371
487
330
737
420
310
310
310
310
320
421
484
341
300
360
543
380
297
315
371
688
812
1091
300
309
302
331
298
304
781
740
719
321
300
350
379
351
505
298
368
309
308
369
331
830
671
369
579
511
310
320
340
299
300
449
369
361
564
420
430
709
309
302
300
310
324
611
520
310
310
300
421
771
378
300
599
802
299
291
312
347
299
320
320
342
589
397
1292
450
389
370
301
300
298
549
380
300
470
479
320