70
159.
181.
219.
350.
191
370
860
617
433
539
450
761
360
400
390
390
420
631
478
721
660
354
450
361
360
360
430
510
780
370
510
358
420
428
399
378
420
430
360
361
379
370
360
390
408
510
428
461
390
541
429
490
700
660
1942
398
1170
412
410
470
371
370
1520
481
499
369
351
368
401
480
757
441
750
757
370
413
431
400
360
371
351
353
470
351
351
451
359
459
420
370
379
531
449
390
379
461
370
380
411
368
371
420
430
369
402
360
410
430
420
519
461
470
400
361
370
390
412
569
482
370
481
400
410
559
469
391
370
351
359
459
389
420
500
729
689
360
360
370
351
370
360
359
410
660
440
419
410
380
370
360
400
370
418
549
660
370
486
470
360
399
390
420
622
360
360
390
420
490
450
400
751
540
782
371
389
430
371
360
370
390
360
360
383
450
369
431
509
551
390
371
451
570
481
839
400
560
680
661
359
390
367
390
449
421
380
591
1379
520
482
751
651
370
389
380
410
570
351
360
490
609
590
449
591
810
410
1160
491
411
354
481
730
569
360
360
370
479
380
370
370
750
500
400
1410
400
411
619
662
399
411
668
668
532
360
389
420
460
351
371
369
380
480
552
1290
680
672
399
359
371
399
389
351
415
370
379
409
418
390
479
661
670
361
360
540
520
649
470
410
391
371
448
360
370
381
581
379
1392
361
468
547
359
450
780
620
369
356
391
751
496
390
360
429
771
580
559
489
360
412
351
360
361
521
398
422
400
413
380
540
360
493
810
641
588
590
357
520
370
470
429
570
763
422
509
451
459
399
570
419
390
479
366
437
391
387
400
381
360
352
380
591
460
820
441
501
374
370
432
370
631
480
750
640
400
409
410
510
1012
460
600
380
381
580
1260
430
360
410
361
399
765
351
390
392
578
362
440
791
570
409
400
559
687
461
700
380
1229
578
361
412
573
497
372
391
761
369
380
370
410
460
541
568
381
356
449
591
370
479
681
429
400
690
1059
680
952
510
780
361
571
530
430
780
599
519
400
439
681
353
419
358
421
1250
580
959
471
1028
359
1410
598
490
450
459
721
629
360
480
621
351
391
369
541
799
382
360
587
461
423
390
380
359
560
401
398
370
539
720
442
760
600
380
450
449
440
369
490
360
1379
420
391
380
478
390
360
399
491
370
390
389
351
389
419
389
370
351
399
390
582
401
401
769
550
480
498
650
479
369
430
359
380
559
370
491
390
390
380
400
449
489
380
519
351
451
409
360
420
490
470
397
380
460
421
509
371
360
390
399
411
419
422
380
370
351
600
359
360
449
409
419
370
360
459
451
449
359
549
551
390
400
351
381
390
450
378
360
410
388
501
359
651
389
389
390
370
429
380
423
409
399
481
399
471
429
378
439
361
359
351
360
370
370
410
352
401
390
1504
431
360
391
370
512
421
380
358
379
413
371
500
1169
357
459
448
363
466
400
450
352
380
460
540
601
360
399
403
432
380
450
371
361
381
451
370
435
389
360
571
359
412
421
575
371
402
430
480
559
359
420
460
381
1290
501
1649
371
660
683
367
636
420
440
360
360
551
468
539
579
576
360
360
401
440
499
820
402
450
490
369
389
1532
419
430
609
370
590
358
612
1435
380
368
362
539
399
430
360
370
561
545
410
582
361
390
821
558
510
759
439
392
401
391
358
360
351
449
710
387
399
461
382
400
391
401
363
404
390
441
381
369
451
370
381
362
351
440
452
459
422
440
550
390
390
371
1277
469
469
489
372
370
390
388
700
752
355
351
370
620
449
691
600
360
400
479
468
351
466
410
380
377
390
352
512
549
520
410
380
521
580
440
361
711
578
369
502
569
590
368
609
369
380
391
369
400
461
410
369
390
589
701
390
508
685
370
372
360
452
570
449
552
431
381
371
361
1270
510
729
1200
621
360
390
490
409
400
411
351
410
1320
371
411
530
360
1231
400
430
368
816
550
470
360
440
621
360
400
541
376
620
420
388
360
529
389
402
359
377
353
360
351
560
433
450
423
370
661
421
580
351
482
701
448
390
379
612
1250
352
461
370
580
380
420
491
431
750
360
388
390
520
371
441
420
689
580
449
360
458
702
409
459
411
1389
502
603
370
649
436
491
440
379
430
489
779
360
1346
410
462
420
542
409
1240
401
381
531
631
370
919
430
900
360
380
511
620
579
370
430
492
780
442
470
371
369
410
381
370
431
529
539
410
420
360
360
430
389
379
380
400
381
361
353
390
370
370
401
460
359
400
370
408
560
390
390
410
417
389
740
433
639
531
579
1218
498
670
369
361
490
761
509
381
361
530
572
370
540
351
410
380
360
409
390
360
390
399
460
430
673
360
571
660
391
360
519
351
380
368
370
358
401
379
371
361
380
389
511
500
360
443
389
490
361
380
390
360
390
400
400
530
390
470
398
360
491
489
389
481
448
390
420
360
461
790
380
382
400
351
379
413
370
381
368
370
379
379
400
460
482
759
360
401
490
379
370
380
420
409
626
689
355
378
470
579
430
518
421
768
425
422
459
450
381
811
351
380
419
380
479
370
457
401
461
419
388
358
380
450
531
442
580
461
478
391
611
460
399
489
421
430
389
379
370
460
501
1023
501
389
450
352
460
470
369
380
371
651
420
351
421
420
400
379
362
500
430
562
589
400
360
420
390
540
360
400
681
360
360
369
571
613
372
521
530
371
399
379
353
393
407
400
600
360
609
376
510
432
390
600
420
651
550
358
390
381
370
400
549
641
359
411
472
521
370
387
410
380
661
511
359
370
490
510
381
361
460
351
360
431
360
359
360
391
368
401
400
570
390
353
371
441
370
360
570
450
439
351
429
820
529
369
400
354
369
380
1139
560
559
399
354
641
461
428
378
360
359
410
390
479
440
410
440
450
432
408
478
650
440
540
546
360
521
572
659
418
510
439
460
489
370
513
452
359
380
459
401
430
400
500
351
389
380
499
523
548
410
351
351
529
389
440
389
499
380
489
379
519
372
397
510
372
359
430
789
480
511
411
481
621
380
382
599
430
469
548
379
480
590
428
500
500
421
379
410
732
441
439
672
360
410
371
540
392
659
411
360
419
490
371
400
662
360
629
391
429
360
370
359
620
1289
430
460
380
560
722
470
359
360
359
361
453
541
439
380
440
511
418
379
891
478
368
360
380
390
360
619
1301
351
441
390
530
619
380
709
591
390
561
500
370
361
591
397
601
510
460
358
737
462
828
521
380
518
469
458
380
440
759
371
940
431
859
360
351
652
391
400
450
459
741
360
389
390
410
433
420
352
355
380
391
480
519
401
393
389
561
371
618
470
441
380
529
540
400
440
641
749
429
370
569
1241
359
360
361
1239
380
360
1000
452
370
420
620
391
369
361
428
459
430
407
360
439
460
379
390
411
391
360
441
430
352
410
459
430
430
379
571
371
390
399
391
400
569
360
400
361
419
367
668
849
391
359
390
430
490
587
528
411
359
359
370
390
439
470
369
460
379
380
361
351
429
514
441
361
640
369
360
380
360
370
370
400
379
360
361
387
441
579
1190
390
409
431
359
352
500
351
410
399
411
421
440
380
450
358
639
400
400
419
549
498
359
629
409
370
531
881
351
389
351
390
391
448
369
381
377
361
359
399
357
390
420
379
381
369
369
389
390
901
609
399
390
649
400
360
760
649
449
470
351
401
490
390
550
980
441
810
720
600
429
433
519
580
389
410
390
429
1080
370
431
420
689
503
353
400
410
540
441
548
351
571
469
369
401
410
740
390
399
459
699
770
357
359
399
959
1240
390
440
426
410
520
561
387
410
381
379
360
360
377
370
610
620
420
521
669
498
370
419
359
420
382
390
480
376
391
371
381
360
450
1000
380
631
391
410
360
379
460
1819
390
1189
360
545
691
352
489
498
369
530
492
379
360
629
700
390
410
380
381
419
360
510
440
379
400
389
480
650
468
581
361
390
540
379
571
442
451
359
537
381
482
489
461
550
629
381
369
430
360
380
359
370
370
361
389
440
521
439
450
570
389
619
970
370
361
480
590
390
431
759
538
351
360
359
369
742
719
390
440
549
561
380
358
668
910
392
990
360
381
562
359
880
351
381
501
390
390
418
581
420
400
380
380
460
379
551
720
399
379
560
390
370
540
1450
391
461
360
659
509
859
400
385
670
412
611
499
700
401
398
450
448
732
622
409
520
389
390
730
531
430
1381
361
761
1199
359
469
539
1060
360
360
380
990
450
370
420
450
560
789
359
391
371
481
351
360
509
630
585
360
391
701
671
430
440
410
539
2081
1840
450
449