67
118.
141.
172.
1110.
162
1120
4052
1154
1253
1160
1159
2100
1131
1220
1120
1150
1200
1179
1131
1378
1150
1458
2071
1180
1301
1361
1138
1262
1199
1199
1209
1130
1471
1240
1139
1249
1229
1180
1270
1230
1210
1210
1179
1242
1198
1190
1208
1339
1261
1122
1190
1151
1189
1202
1229
1361
1150
1131
1199
1221
1280
1141
1159
1233
1399
1130
1190
1240
1189
1190
1311
1151
1180
1190
1151
1150
2111
1169
1180
1252
1260
1170
1190
1191
1300
1140
1269
1320
1170
1179
1160
1262
1170
1410
1120
1210
1238
1180
1291
1169
1180
1170
4080
1219
1291
1350
1348
1241
1121
1200
1171
1171
1156
1320
1331
1159
1190
1279
2160
1241
2092
1180
1488
1208
3961
1209
1211
1219
1451
1150
1201
1332
1289
1252
1130
1208
1150
1119
4160
1141
1191
2196
1149
1218
1170
1200
1240
1279
1169
1159
1440
1560
1120
1820
1160
1162
1158
1241
1221
1191
1259
1231
1217
1179
1231
1210
1539
1142
1190
1230
1339
1260
1220
1220
1162
1150
1200
1190
1340
1227
1169
1200
1219
1150
1159
1210
1290
1192
1120
1261
1279
1132
1179
1160
1230
1241
1250
1411
1202
1202
1220
1200
2381
1190
1182
1281
1141
1190
1349
1213
1140
1162
1161
1197
1131
1189
1152
1511
1249
1227
1169
1134
1169
1608
1290
1159
1319
1200
1330
1247
1142
1111
1191
1200
1180
1201
1130
1320
1280
3078
3650
1198
1179
1149
1149
1226
1139
1213
1179
1149
1179
1221
1161
1192
1330
1240
3260
1140
1291
1294
1152
1182
1132
1231
1131
1149
1246
1121
1231
1170
1120
1160
1159
1208
1210
4109
1169
1268
3130
1208
1183
1151
1180
1210
1292
1159
1170
1150
1220
1120
1130
1170
1149
4151
1193
1450
1228
1230
1381
2150
1230
1571
1202
1141
1150
1458
1150
1170
1200
1627
1230
1273
1480
1199
1257
1170
1712
1202
1191
3511
1211
1178
1230
1198
1297
1140
1181
3250
1140
1208
1159
1181
1481
1141
1187
1279
1270
1179
1473
1170
1179
1160
1441
1179
1550
1231
1139
1229
1908
1220
4130
1169
1169
1119
1130
1111
1200
1122
1140
1190
3250
1169
1140
1148
3730
1190
1207
1230
1189
1218
1200
1160
1179
1189
1199
2279
1201
1290
1181
1172
1170
1281
1200
1139
1331
1160
1190
4211
1150
1339
1347
1131
1130
2330
1384
1579
4212
1210
3070
1219
1127
3130
1199
1200
1199
1250
1230
1259
1150
1190
1120
1314
1430
1181
7190
1206
1211
1370
1232
1120
1120
1209
1149
1270
1262
1140
1209
1140
1180
1151
1290
1170
1181
1300
1289
1120
7470
1220
1328
1140
4160
1381
1140
1216
1349
1307
1219
1170
1191
2135
1240
1201
1131
1211
1150
1291
1170
1351
1182
1299
1171
1120
1198
1120
1120
1198
1201
1250
1189
1220
1189
1461
1150
4190
1237
1169
1201
1189
1201
3232
1160
1370
1171
1160
1191
1441
1185
1199
1280
1430
1189
1260
1240
1241
1111
1360
3200
1220
1222
1250
1169
1159
1211
1210
1380
1189
1199
1190
1220
1170
1170
1161
1208
1120
1140
1171
1141
1141
1119
1119
1261
1179
1169
2129
1150
1178
1187
1258
1209
1200
1140
1190
1250
7151
1140
1288
1161
1150
1220
1190
1230
1170
1175
1168
1540
1201
1160
1239
1189
1129
1140
1158
1220
2520
1130
1201
1240
1196
1220
1149
1439
1170
1215
1170
1159
1142
1159
1181
1412
2379
1120
1289
1131
1130
1480
1161
1140
1190
1160
1190
1431
1129
1459
1233
1170
1250
2221
1190
1272
1218
1290
1132
1182
1161
1237
1140
1208
1162
1249
1180
1199
2251
1248
1219
4191
1229
1161
1278
1140
1180
1229
1210
1181
1140
1238
1261
1981
1249
1180
1193
1150
1181
1170
1228
1230
2522
1140
1429
1280
1300
1240
1219
1170
1130
1210
1148
1180
1220
1159
1350
1151
1142
1330
1211
1149
1192
1210
2190
1210
1220
1119
1141
1209
1258
1161
1290
1271
1149
1780
1270
1171
1212
1210
1191
1129
1202
1180
1350
1331
1288
1390
1150
1160
1170
1410
1219
1239
1258
1240
1151
1170
1140
1159
1220
1169
1170
1350
1938
1130
1190
1120
1181
1184
1170
1180
1150
2720
1230
1261
1221
1170
1199
1200
1140
1251
3110
1259
1389
1239
1242
1252
1411
1199
1460
1201
1389
1120
1170
1170
1220
1140
1380
1200
1321
1149
1180
1171
1141
1228
1130
1171
1161
1220
1140
1209
1280
1131
1329
1148
1120
1373
1272
1170
1140
1160
1220
1123
1219
1129
1150
1150
1230
1130
1251
1191
1180
1419
1130
1189
1141
1270
1150
1159
1250
1170
1259
1167
2602
1159
1298
1193
1160
1161
1160
1181
1341
1240
1270
1220
1139
1151
1169
1148
1152
1158
1210
1190
1127
1132
1120
1161
1129
1239
3181
1189
1269
1190
1160
1130
1301
1170
1190
1161
1169
1450
1367
1220
1271
1159
1128
1199
1200
1149
1232
1190
1120
1199
1211
4211
1121
1242
1240
1310
2380
1201
3180
1149
1280
1270
1279
1210
1239
1179
1171
1129
1291
1140
1208
1310
1209
1190
1171
1798
1200
1292
1189
1210
1441
1443
1219
1140
1219
1133
1339
2619
3330
1380
1141
1170
1190
1140
3269
1218
1137
1180
1301
1148
1681
1133
1170
1258
1169
1169
1201
1211
1232
1201
1161
1260
1189
1140
1151
1149
1141
1120
1270
1120
1189
1131
1140
1150
1151
2220
1181
1131
1180
1210
1160
1140
1193
1190
2240
1170
1112
1540
1200
1560
1807
1210
1180
1169
1200
1230
1191
1150
1170
1410
1150
1119
1132
1130
1221
1161
1218
1220
1250
1300
1129
1170
1171
1142
1290
1191
1731
1161
1171
1119
1170
1243
1190
1171
1161
1460
1209
1199
1232
1249
1139
1160
1258
1181
1179
1213
3229
3239
1211
1121
1161
1269
1120
1259
1180
1200
1400
1209
1289
1221
1180
1149
1123
1212
1151
1130
1270
1229
1121
1380
1121
1149
1211
1180
1160
1181
1160
2180
1159
1168
1220
1159
1120
1249
1179
1280
1130
7209
1179
1200
1121
1450
1210
1150
1512
1491