rwRatio mpl k1 k2 k3 BV/#T FV/#T SV/#T
0.5	5	1	0	0	0.0114	0.0096	0.013
0.5	10	1	0	0	0.0091	0.0115	0.0121
0.5	15	1	0	0	0.018733333333333334	0.0224	0.023333333333333334
0.5	20	1	0	0	0.0072	0.0126	0.0116
0.5	25	1	0	0	0.0138	0.02528	0.02116
0.5	30	1	0	0	0.0113	0.017366666666666666	0.016
0.5	5	2	0	0	8.0E-4	0.0186	0.0158
0.5	10	2	0	0	0.0014	0.0215	0.019
0.5	15	2	0	0	4.6666666666666666E-4	0.008066666666666666	0.0088
0.5	20	2	0	0	6.5E-4	0.0215	0.01775
0.5	25	2	0	0	0.00104	0.02244	0.02076
0.5	30	2	0	0	0.001	0.0172	0.0188
0.5	5	3	0	0	0.0	0.0192	0.0188
0.5	10	3	0	0	0.0	0.0206	0.0183
0.5	15	3	0	0	0.0	0.016066666666666667	0.0144
0.5	20	3	0	0	0.0	0.0143	0.01275
0.5	25	3	0	0	8.0E-5	0.0296	0.02804
0.5	30	3	0	0	0.0	0.022866666666666667	0.018366666666666667
0.5	5	1	1	0	0.0142	0.0026	0.0184
0.5	10	1	1	0	0.0065	0.001	0.0096
0.5	15	1	1	0	0.012533333333333334	0.0022	0.017133333333333334
0.5	20	1	1	0	0.02145	0.00255	0.0242
0.5	25	1	1	0	0.01856	0.00376	0.02544
0.5	30	1	1	0	0.014633333333333333	0.0034333333333333334	0.0224
0.5	5	1	2	0	0.0096	0.0	0.0134
0.5	10	1	2	0	0.0137	0.0	0.02
0.5	15	1	2	0	0.012	3.333333333333333E-4	0.0176
0.5	20	1	2	0	0.01655	1.5E-4	0.0219
0.5	25	1	2	0	0.01348	2.0E-4	0.02064
0.5	30	1	2	0	0.011433333333333334	2.3333333333333333E-4	0.015633333333333332
0.5	5	2	0	1	2.0E-4	0.0082	4.0E-4
0.5	10	2	0	1	1.0E-4	0.0208	0.0014
0.5	15	2	0	1	7.333333333333333E-4	0.019533333333333333	0.0016
0.5	20	2	0	1	9.0E-4	0.0205	0.0026
0.5	25	2	0	1	6.4E-4	0.01668	0.00204
0.5	30	2	0	1	2.666666666666667E-4	0.008466666666666667	7.333333333333333E-4
0.5	5	1	1	1	0.011	0.0034	0.002
0.5	10	1	1	1	0.0187	0.0035	0.0043
0.5	15	1	1	1	0.019466666666666667	0.0041333333333333335	0.003266666666666667
0.5	20	1	1	1	0.0082	0.0029	0.0017
0.5	25	1	1	1	0.01268	0.00372	0.00304
0.5	30	1	1	1	0.0152	0.003966666666666667	0.0029666666666666665
0.5	5	2	1	1	2.0E-4	0.002	0.0012
0.5	10	2	1	1	0.0012	0.002	0.0021
0.5	15	2	1	1	4.6666666666666666E-4	0.002	0.0012666666666666666
0.5	20	2	1	1	5.5E-4	0.0015	0.0015
0.5	25	2	1	1	4.0E-4	0.00224	0.00148
0.5	30	2	1	1	6.333333333333333E-4	0.0016333333333333334	0.0015333333333333334
0.5	5	2	1	2	4.0E-4	6.0E-4	2.0E-4
0.5	10	2	1	2	0.0016	0.0014	0.0
0.5	15	2	1	2	0.001	0.0024	2.0E-4
0.5	20	2	1	2	0.0	0.00125	0.0
0.5	25	2	1	2	0.00128	0.00228	1.6E-4
0.5	30	2	1	2	7.333333333333333E-4	0.0019666666666666665	2.3333333333333333E-4
0.5	5	2	2	1	0.0	4.0E-4	2.0E-4
0.5	10	2	2	1	0.0018	2.0E-4	0.0021
0.5	15	2	2	1	2.0E-4	1.3333333333333334E-4	6.666666666666666E-4
0.5	20	2	2	1	0.00105	2.0E-4	0.0017
0.5	25	2	2	1	0.00112	3.6E-4	0.00256
0.5	30	2	2	1	9.0E-4	2.3333333333333333E-4	0.0017333333333333333
0.5	5	2	2	2	0.001	0.0	0.0
0.5	10	2	2	2	2.0E-4	0.0	0.0
0.5	15	2	2	2	4.0E-4	6.666666666666667E-5	1.3333333333333334E-4
0.5	20	2	2	2	4.5E-4	2.0E-4	3.0E-4
0.5	25	2	2	2	5.2E-4	3.6E-4	3.2E-4
0.5	30	2	2	2	5.666666666666667E-4	1.6666666666666666E-4	1.3333333333333334E-4
1.0	5	1	0	0	0.0098	0.0524	0.0334
1.0	10	1	0	0	0.008	0.0323	0.0212
1.0	15	1	0	0	0.009133333333333334	0.03953333333333333	0.025266666666666666
1.0	20	1	0	0	0.014	0.0553	0.03695
1.0	25	1	0	0	0.01628	0.04524	0.0334
1.0	30	1	0	0	0.0122	0.05533333333333333	0.03576666666666667
1.0	5	2	0	0	0.0	0.0326	0.0246
1.0	10	2	0	0	7.0E-4	0.0303	0.0216
1.0	15	2	0	0	5.333333333333334E-4	0.048	0.030266666666666667
1.0	20	2	0	0	0.001	0.0486	0.0368
1.0	25	2	0	0	7.6E-4	0.0576	0.03748
1.0	30	2	0	0	3.6666666666666667E-4	0.036333333333333336	0.025833333333333333
1.0	5	3	0	0	0.0	0.035	0.0234
1.0	10	3	0	0	0.0	0.0523	0.0327
1.0	15	3	0	0	0.0	0.05226666666666667	0.03473333333333333
1.0	20	3	0	0	5.0E-5	0.04385	0.02595
1.0	25	3	0	0	0.0	0.04604	0.03248
1.0	30	3	0	0	0.0	0.0447	0.033133333333333334
1.0	5	1	1	0	0.006	0.0038	0.017
1.0	10	1	1	0	0.0148	0.0051	0.0331
1.0	15	1	1	0	0.011266666666666666	0.004933333333333333	0.0276
1.0	20	1	1	0	0.00945	0.0063	0.0304
1.0	25	1	1	0	0.01568	0.00476	0.0298
1.0	30	1	1	0	0.0118	0.0047666666666666664	0.024266666666666666
1.0	5	1	2	0	0.0066	0.001	0.0172
1.0	10	1	2	0	0.0083	1.0E-4	0.0297
1.0	15	1	2	0	0.018533333333333332	5.333333333333334E-4	0.03673333333333333
1.0	20	1	2	0	0.0095	3.0E-4	0.0319
1.0	25	1	2	0	0.0264	8.8E-4	0.0454
1.0	30	1	2	0	0.012533333333333334	4.333333333333333E-4	0.029133333333333334
1.0	5	2	0	1	6.0E-4	0.035	0.0036
1.0	10	2	0	1	0.001	0.0455	0.0036
1.0	15	2	0	1	2.666666666666667E-4	0.05566666666666667	0.0036666666666666666
1.0	20	2	0	1	7.5E-4	0.0316	0.0034
1.0	25	2	0	1	3.6E-4	0.04668	0.00424
1.0	30	2	0	1	7.333333333333333E-4	0.055266666666666665	0.0041333333333333335
1.0	5	1	1	1	0.0092	0.0046	0.003
1.0	10	1	1	1	0.0121	0.0062	0.0047
1.0	15	1	1	1	0.01	0.006066666666666666	0.0038666666666666667
1.0	20	1	1	1	0.01315	0.0058	0.00345
1.0	25	1	1	1	0.0206	0.008	0.0046
1.0	30	1	1	1	0.012233333333333334	0.006333333333333333	0.004
1.0	5	2	1	1	2.0E-4	0.0038	0.0012
1.0	10	2	1	1	0.0013	0.0045	0.0036
1.0	15	2	1	1	3.333333333333333E-4	0.0020666666666666667	0.0017333333333333333
1.0	20	2	1	1	6.5E-4	0.0057	0.0038
1.0	25	2	1	1	2.4E-4	0.00452	0.00256
1.0	30	2	1	1	8.0E-4	0.0049	0.003266666666666667
1.0	5	2	1	2	0.0012	0.0034	2.0E-4
1.0	10	2	1	2	8.0E-4	0.0042	1.0E-4
1.0	15	2	1	2	4.6666666666666666E-4	0.0054	2.0E-4
1.0	20	2	1	2	9.0E-4	0.0057	2.0E-4
1.0	25	2	1	2	7.2E-4	0.00444	2.8E-4
1.0	30	2	1	2	6.333333333333333E-4	0.0057	2.0E-4
1.0	5	2	2	1	6.0E-4	4.0E-4	0.0032
1.0	10	2	2	1	7.0E-4	2.0E-4	0.0029
1.0	15	2	2	1	9.333333333333333E-4	4.6666666666666666E-4	0.0028
1.0	20	2	2	1	4.0E-4	5.0E-4	0.0032
1.0	25	2	2	1	6.0E-4	4.8E-4	0.00416
1.0	30	2	2	1	0.001	2.666666666666667E-4	0.004066666666666666
1.0	5	2	2	2	8.0E-4	0.0	2.0E-4
1.0	10	2	2	2	0.0014	3.0E-4	6.0E-4
1.0	15	2	2	2	8.666666666666666E-4	2.666666666666667E-4	1.3333333333333334E-4
1.0	20	2	2	2	4.5E-4	5.5E-4	1.5E-4
1.0	25	2	2	2	4.4E-4	3.2E-4	1.6E-4
1.0	30	2	2	2	9.0E-4	7.0E-4	1.6666666666666666E-4
4.0	5	1	0	0	0.009	0.1734	0.0434
4.0	10	1	0	0	0.0111	0.1902	0.0442
4.0	15	1	0	0	0.013133333333333334	0.1904	0.04986666666666666
4.0	20	1	0	0	0.0129	0.1957	0.04875
4.0	25	1	0	0	0.01336	0.17868	0.0458
4.0	30	1	0	0	0.012266666666666667	0.18893333333333334	0.04736666666666667
4.0	5	2	0	0	2.0E-4	0.1596	0.0408
4.0	10	2	0	0	3.0E-4	0.1676	0.0443
4.0	15	2	0	0	6.666666666666667E-5	0.20186666666666667	0.0478
4.0	20	2	0	0	2.5E-4	0.2022	0.05205
4.0	25	2	0	0	2.4E-4	0.1842	0.04628
4.0	30	2	0	0	2.0E-4	0.18663333333333335	0.0481
4.0	5	3	0	0	0.0	0.1574	0.0404
4.0	10	3	0	0	0.0	0.172	0.0418
4.0	15	3	0	0	0.0	0.19266666666666668	0.043666666666666666
4.0	20	3	0	0	0.0	0.1986	0.0493
4.0	25	3	0	0	0.0	0.18408	0.04684
4.0	30	3	0	0	0.0	0.185	0.0448
4.0	5	1	1	0	0.011	0.007	0.0452
4.0	10	1	1	0	0.0125	0.0058	0.0483
4.0	15	1	1	0	0.009733333333333333	0.0068	0.048933333333333336
4.0	20	1	1	0	0.01475	0.00715	0.0522
4.0	25	1	1	0	0.0108	0.00696	0.04756
4.0	30	1	1	0	0.013	0.0064	0.04803333333333333
4.0	5	1	2	0	0.009	0.0	0.0362
4.0	10	1	2	0	0.0133	0.0	0.0442
4.0	15	1	2	0	0.0132	6.666666666666667E-5	0.05366666666666667
4.0	20	1	2	0	0.0113	2.5E-4	0.0518
4.0	25	1	2	0	0.01392	2.0E-4	0.04512
4.0	30	1	2	0	0.013	1.3333333333333334E-4	0.05046666666666667
4.0	5	2	0	1	0.0	0.163	0.002
4.0	10	2	0	1	2.0E-4	0.1884	0.0016
4.0	15	2	0	1	2.0E-4	0.18346666666666667	0.0021333333333333334
4.0	20	2	0	1	4.5E-4	0.19665	0.00185
4.0	25	2	0	1	4.0E-5	0.19024	0.00172
4.0	30	2	0	1	3.6666666666666667E-4	0.18496666666666667	0.0016333333333333334
4.0	5	1	1	1	0.0098	0.0054	0.0024
4.0	10	1	1	1	0.0139	0.0065	0.0017
4.0	15	1	1	1	0.0138	0.007266666666666667	0.0016
4.0	20	1	1	1	0.0124	0.00855	0.00275
4.0	25	1	1	1	0.01124	0.00708	0.0016
4.0	30	1	1	1	0.0128	0.007566666666666667	0.0017666666666666666
4.0	5	2	1	1	4.0E-4	0.0056	0.0018
4.0	10	2	1	1	0.0	0.007	0.0021
4.0	15	2	1	1	1.3333333333333334E-4	0.005066666666666666	0.0016
4.0	20	2	1	1	2.5E-4	0.0077	0.00175
4.0	25	2	1	1	1.2E-4	0.00704	0.00188
4.0	30	2	1	1	3.0E-4	0.0068	0.0021333333333333334
4.0	5	2	1	2	6.0E-4	0.006	2.0E-4
4.0	10	2	1	2	2.0E-4	0.0062	0.0
4.0	15	2	1	2	2.666666666666667E-4	0.007	0.0
4.0	20	2	1	2	2.5E-4	0.0078	1.0E-4
4.0	25	2	1	2	1.2E-4	0.00808	0.0
4.0	30	2	1	2	1.6666666666666666E-4	0.007033333333333333	0.0
4.0	5	2	2	1	2.0E-4	0.0	0.0028
4.0	10	2	2	1	7.0E-4	4.0E-4	0.0024
4.0	15	2	2	1	1.3333333333333334E-4	2.0E-4	0.0017333333333333333
4.0	20	2	2	1	2.5E-4	2.5E-4	0.0019
4.0	25	2	2	1	2.8E-4	1.2E-4	0.00196
4.0	30	2	2	1	2.666666666666667E-4	2.0E-4	0.0019666666666666665
4.0	5	2	2	2	0.0	0.0	0.0
4.0	10	2	2	2	1.0E-4	2.0E-4	0.0
4.0	15	2	2	2	5.333333333333334E-4	2.0E-4	6.666666666666667E-5
4.0	20	2	2	2	1.5E-4	1.5E-4	0.0
4.0	25	2	2	2	3.6E-4	1.6E-4	1.2E-4
4.0	30	2	2	2	2.3333333333333333E-4	1.6666666666666666E-4	6.666666666666667E-5
9.0	5	1	0	0	0.006	0.11	0.0052
9.0	10	1	0	0	0.0049	0.1227	0.0048
9.0	15	1	0	0	0.005533333333333334	0.1348	0.0061333333333333335
