45
101.
120.
149.
249.
128
321
288
552
569
250
270
292
270
641
259
250
671
286
469
380
350
250
312
338
481
349
490
251
281
789
348
310
421
519
541
281
260
592
329
361
299
259
268
250
339
590
339
579
532
359
255
258
319
329
369
300
268
470
335
251
310
257
260
257
301
420
521
410
250
280
522
487
411
281
259
259
290
250
281
270
269
291
518
349
501
540
1600
279
250
257
259
310
262
259
259
280
533
379
431
290
250
289
260
260
446
319
338
670
310
260
270
270
271
257
308
270
270
260
371
410
942
759
1129
250
331
330
270
260
260
251
270
291
259
250
346
279
289
300
261
292
280
251
260
300
359
579
281
329
272
460
603
421
253
280
261
250
300
250
261
260
284
339
261
1209
261
290
300
279
350
430
479
279
256
280
260
290
272
250
261
250
277
479
582
299
389
847
350
277
310
259
251
250
260
252
271
320
260
250
260
520
712
270
261
259
259
270
259
250
300
290
282
369
348
360
259
270
277
260
267
300
292
520
331
290
250
288
260
270
311
251
260
290
260
261
279
271
260
251
340
570
642
310
253
250
259
294
270
262
250
255
381
882
260
277
289
311
290
250
259
280
270
250
250
270
250
467
720
429
280
250
250
250
251
301
447
390
710
267
251
312
340
263
251
281
281
261
260
261
350
360
299
260
320
250
320
390
919
250
323
359
308
437
370
290
270
280
259
270
280
260
290
278
368
1208
433
711
388
270
300
321
260
250
269
300
289
290
251
250
270
269
270
489
420
320
262
251
290
279
629
582
269
280
297
260
280
279
250
250
280
349
300
509
250
289
320
731
259
280
330
581
562
264
260
280
260
258
290
279
370
401
310
270
360
280
269
270
270
260
299
280
261
251
250
250
282
369
480
593
311
258
250
260
271
250
258
260
260
311
294
261
351
512
379
260
290
348
330
710
620
279
329
260
269
250
300
270
259
260
279
251
250
320
250
250
259
358
549
473
310
309
398
262
290
300
289
280
260
269
259
290
280
301
278
257
270
280
289
269
578
510
250
259
259
250
251
499
601
269
280
260
289
270
291
320
260
472
490
251
290
287
251