79
151.
180.
219.
459.
195
619
654
1303
521
689
498
721
580
610
870
770
1158
518
507
579
569
1533
500
1538
511
641
600
610
808
500
799
799
461
1130
570
720
1160
1379
1189
790
460
501
1138
1119
1491
529
651
500
571
470
851
680
951
640
489
1310
460
529
480
559
499
1190
681
668
559
560
760
1169
1180
570
461
589
460
1149
531
1140
1209
1142
1190
1189
529
1181
1322
1309
1550
1167
630
622
528
608
491
1220
1170
569
489
1210
1240
1210
670
939
630
1180
1148
531
611
1128
1139
1260
1129
1229
472
560
550
869
1182
1259
1189
1170
1252
501
546
460
1120
571
690
740
629
580
581
539
460
511
550
1349
559
1383
759
507
559
521
530
948
560
529
1130
1180
781
578
1240
1240
569
480
531
470
472
581
1220
549
1240
1201
1240
470
1433
548
1199
1258
1202
840
760
640
471
490
589
613
579
591
490
561
550
469
479
541
1970
1170
1200
1131
1189
1200
1200
1232
1213
720
742
1191
499
1240
1110
1180
513
1211
550
682
628
500
489
471
701
569
510
760
619
919
1022
500
629
460
562
1340
1179
1280
1238
592
618
511
1151
1190
460
639
916
809
1241
638
481
758
709
799
860
580
652
788
573
518
631
580
508
511
620
1180
770
740
610
619
701
518
550
491
571
480
489
461
520
1110
530
460
1141
690
660
1188
1140
539
1240
480
681
479
682
1220
1240
1119
496
1160
1310
1138
1370
1149
1201
1349
550
849
1222
811
682
1162
500
1140
1160
480
560
909
1190
1259
1251
1163
480
490
491
581
518
1158
1260
1259
1100
1169
490
1219
500
510
1169
1130
1170
1159
1149
1219
641
1110
732
539
610
701
829
490
488
490
1279
510
1190
1190
471
769
537
1230
1129
1161
1180
619
740
519
511
481
510
500
1211
551
581
527
550
1151
509
729
880
478
631
568
471
476
610
511
1132
461
769
911
950
759
879
780
1564
629
740
699
639
492
562
648
509
551
481
590
471
1179
671
550
560
1150
540
581
1237
570
682
740
543
779
570
570
732
630
551
558
509
610
661
520
510
469
1150
480
489
693
780
1139
559
477
629
550
1232
550
1191
517
731
1100
1191
490
1140
1141
1209
1210
1122
608
650
469
659
1220
470
1200
469
1120
1147
1170
1180
580
570
549
1620
580
510
583
510
560
491
651
548
540
1224
1180
1179
1090
518
780
1181
649
468
702
549
1141
1331
480
1129
500
821
538
580
750
547
709
550
578
770
509
492
466
1220
1170
1150
1429
1169
1140
570
552
1221
1249
469
1290
528
501
1380
1160
470
570
981
679
568
470
817
690
898
879
460
498
1130
498
510
510
470
1091
1251
1211
462
1210
1129
1350
490
590
1199
581
706
1331
661
859
541
889
781
880
950
470
1211
519
1168
1120
559
1171
1209
1140
1190
821
489
1200
480
1120
629
1220
2150
1181
1190
2180
731
1189
1200
469
1271
478
1162
1199
1231
1169
1199
499
1200
1170
1110
570
590
1130
1221
1130
1130
511
588
1229
1190
1190
518
1099
1130
1281
1260
1220
1151
1190
1200
1200
1200
1268
517
672
780
601
1219
700
1140
670
1149
1200
1449
1199
1219
1359
489
1120
1181
500
1260
1201
1170
500
1196
469
620
660
920
750
471
691
1160
499
579
710
470
460
791
651
851
561
799
751
1300
850
679
550
511
1500
480
2131
670
612
851
610
490
759
1500
1001
619
709
860
528
579
1191
520
1621
771
510
509
670
560
640
570
660
788
510
511
979
1020
1252
2002
1431
610
649
800
760
1519
681
751
1901
869
751
600
500
921
561
510
720
480
589
1891
518
650
691
560
2511
1859
761
610
500
679
479
621
820
599
1500
589
800
502
527
569
539
489
540
579
771
469
1810
649
731
490
571
1079
721
688
1171
539
1000
1930
529
841
520
460
621
659
600
499
460
670
1889
552
580
562
691
671
700
891
820
800
579
620
799
489
469
491
651
671
620
480
510
472
548
550
1228
500
480
490
652
578
519
510
1461
569
540
490
710
689
641
769
1061
561
1901
1011
541
531
1360
921
509
641
569
2161
1730
670
460
678
685
519
501
464
648
519
772
460
520
489
530
709
610
682
671
1149
1590
502
521
601
520
722
700
1151
1319
511
780
692
1255
1210
683
531
460
601
1331
710
669
468
530
460
560
1570
1030
730
510
471
490
1370
504
1151
510
460
1210
479
602
470
501
1231
1150
470
1280
500
521
479
489
631
517
531
523
1129
479
516
623
490
1260
501
580
1239
460
1339
508
1140
591
710
709
602
472
540
519
499
500
460
469
550
500
1250
489
560
530
630
1230
537
1282
660
482
469
462
1328
470
711
1281
918
509
600
571
609
479
570
470
551
568
482
463
1139
469
460
500
1172
1222
1130
470
546
648
641
918
481
1180
1228
739
532
479
472
630
581
561
502
737
1371
960
629
530
581
509
1189
778
469
462
1170
521
471
481
1311
1129
471
793
571
510
700
621
828
770
490
479
610
720
583
651
731
539
530
762
550
740
779
480
479
472
479
510
560
501
1180
530
620
671
1540
488
529
1213
471
550
1182
700
598
484
1179
1180
469
769
500
1168
1121
479
1240
1166
771
1031
708
581
591
1159
559
620
1200
507
471
469
740
582
650
551
578
489
511
781
541
719
760
511
690
519
559
549
460
630
762
856
920
750
870
831
1281
610
839
680
460
641
560
471
608
460
548
480
641
581
500
520
510
691
549
536
779
772
500
531
780
549
621
620
539
1349
461
509
491
467
611
470
510
470
479
1240
571
650
579
570
510
731
671
1210
470
560
651
549
480
639
482
469
690
1251
1210
460
499
559
639
523
1428
711
569
640
1163
500
471
1611
590
570
491
1241
1219
548
500
481
728
470
1109
1090
1159
540
1400
579
832
630
657
551
600
571
1210
497
663
1297
1151
519
1383
471
790
1070
488
558
1230
580
1300
540
480
1230
489
472
461
620
570
669
570
859
669
1041
850
613
810
692
1160
519
1179
1232
608
1159
1150
489
518
3595
1209
480
470
501
1176
471
468
490
1219
570
509
821
651
1319
1200
602
1250
590
1369
490
460
1100
788
600
579
831
550
538
580
1409
500
622
510
810
1180
531
832
609
602
822
548
499
660
510
460
520
1429
710
474
590
1270
1484
682
590
1210
460
610
780
601
1140
1250
460
471
480
519
579
461
1320
1020
588
469
479
487
731
549
581
740
520
463
520
1140
620
1139
671
480
890
460
710
469
470
1170
529
1129
1150
481
470
680
641
490
470
519
471
500
489
590
500
479
500
620
509
469
1330
460
601
480
1190
500
1530
562
1140
519
1199
961
591
490
508
460
718
520
520
619
491
479
1131
509
523
789
1229
489
620
657
460
530
589
501
468
649
970
600
529
521
551
1260
1250
1140
552
609
652
482
1651
681
800
749
829
839
501
529
741
510
529
620
600
539
580
1164
472
490
522
777
699
461
541
462
539
519
521
461
559
550
682
490
1449
1110
520
489
460
469
1171
1350
480
640
471
1269
591
521
1100
1179
1261
771
570
1179
1241
1140
1308
1262
1130
740
629
620
590
1108
531
660
491
578
519
820
570
700
670
1311
671
890
548
660
599
1467
1209
509
620
753
1149
829
731
850
760
1060
709
712
769
589
690
618
609
518
540
470
479
480
481
670
550
490
529
782
510
732
698
831
609
560
591
462
647
632
610
590
471
489
588
490
590
462
489
541
720
491
521
540
460
689
491
1130
1170
510
522
709
497
480
510
611
480
461
550
591
541
1688
550
500
621
551
480
501
600
463
467
571
611
510
878
1250
471
601
462
549
529
638
500
1220
517
770
539
660
940
630
487
569
582
488
1171
519
567
469
472
490
941
790
1240
651
1667
860
1189
490
1210
1239
561
541
461
678
780
460
672
769
650
721
519
641
490
510
510
509
1129
776
743
1230
512
670
500
1130
1251
593
1190
1169
1270
541
592
1159
1139
1140
1310
609
461
521
820
490
702
650
730
552
632
500
1043
509
591
529
488
460
865
1121
579
950
528
512
560
489
1159
460
621
700
759
541
507
700
560
629
489
489
1353
540
740
579
600
510
620
500
499
479
550
521
731
679
680
610
889
471
592
653
652
557
1191
1188
1100
699
1090
1119
1200
739
699
461
510
479
1279
1200
1150
859
489
763
591
692
489
619
601
842
540
720
1170
688
800
679
730
1480
560
521
699
480
489
470
470
510
609
540
469
490
550
558
1541
1240
1171
1470
1058
870
911
499
600
532
539
662
489
679
500
1210
480
909
570
1220
1411
1303
463
1130
479
799
592
471
499
590
679
549
529
793
1180
610
494
550
719
661
518
560
1430
592
1139
711
749
772
798
761
522
629
771
499
582
630
559
570
760
521
680
681
498
600
470
493
518
540
460
590
561
618
531
1738
639
580
470
1218
620
541
609
1181
1210
499
590
500
580
1184
1180
509
948
1182
481
741
519
710
539
940
879
680
501
652
1020
569
541
1361
1200
549
1169
479
681
609
489
637
520
761
639
1130
760
810
477
591
471
769
490
1120
1431
680
601
838
739
780
832
848
1010
670
780
760
501
617
600
680
479
580
490
532
469
660
469
692
1132
610
752
618
579
810
571
676
539
541
650
460
541
552
1219
541
487
570
490
641
470
479
461
580
558
670
478
531
569
1129
490
482
581
1221
669
1240
582
658
499
560
509
520
783
1138
489
580
539
559
1610
640
623
1241
519
469
481
517
503
630
510
500
1169
660
1118
1200
481
531
481
578
512
559
660
591
821
649
591
639
541
533
1281
470
470
500
568
631
469
1089
902
1230
631
600
901
1288
1289
508
1160
1249
490
569
610
780
990
619
730
862
770
510
671
648
1320
511
1399
1179
621
513
1162
520
490
1160
471
1130
1130
541
738
1212
1141
1177
1197
1260
1180
1220
1029
690
1223
511
1109
1119
1150
530
1177
1120
480
1181
550
1119
781
680
1199
650