60
101.
121.
150.
263.
131
330
531
540
321
431
552
569
268
290
287
279
291
291
750
297
379
711
633
300
360
371
271
280
280
547
431
1160
320
281
271
279
290
1132
279
289
344
279
321
280
346
276
329
271
270
271
320
268
538
358
340
350
779
559
270
282
280
290
279
270
289
321
300
271
306
320
300
330
358
299
270
349
337
541
508
340
299
286
291
330
289
270
391
591
740
310
300
269
296
310
282
280
311
332
271
280
289
291
312
619
701
270
300
300
269
270
270
289
269
309
300
277
280
330
309
373
559
429
371
291
269
270
290
301
279
272
299
269
270
299
269
270
292
381
366
320
270
281
340
290
271
328
352
320
270
531
289
280
300
296
621
722
280
279
299
280
310
300
280
309
289
370
270
281
329
289
309
311
280
542
721
370
640
411
361
279
318
320
303
300
331
551
320
271
320
297
271
270
309
581
490
300
290
358
769
411
290
328
271
300
309
289
279
281
271
267
310
359
280
460
500
320
279
320
270
306
269
269
279
540
370
450
272
311
320
269
310
300
268
787
320
789
271
280
280
319
410
571
600
280
519
421
330
279
291
290
300
286
290
310
269
290
280
300
340
430
329
291
450
621
299
289
271
300
319
270
480
721
728
340
268
319
341
330
1251
271
331
271
309
271
275
280
299
290
1240
280
290
311
429
431
291
280
273
309
309
269
298
289
270
280
289
300
291
302
270
439
522
1240
310
338
300
400
710
268
288
271
279
299
309
330
270
330
318
580
431
460
310
269
692
660
280
310
311
279
350
270
299
300
290
290
370
622
511
361
278
280
280
280
290
266
420
287
551
290
289
269
299
269
280
271
287
270
279
593
330
550
279
350
280
322
370
410
308
303
288
270
270
270
290
541
329
341
266
330
270
279
280
752
431
300
270
289
280
270
289
309
290
280
279
270
269
319
542
811
299
431
266
330
291
270
290
297
310
330
439
290
440
350
481
280
299
264
289
277
371
310
300
310
270
281
510
360
267
371
999
270
289
269
291
269
330
319
290
339
552
370
389
289
319
359
1189
270
270
270
429
272
281
280
279
522
417
300
290
443
470
570
290
289
270
269
270
270
300
270
290
272
409
670
282
280
280
370
761
710
285
278
340
270
489
351
391
279
419
301
271
281
270
292
532
971