66
117.
140.
171.
291.
148
320
532
1269
518
1140
472
370
299
330
319
310
299
339
321
308
301
661
441
801
588
351
301
299
391
300
308
353
310
400
338
578
301
298
310
298
318
309
697
440
301
331
319
327
292
310
349
309
540
360
430
299
300
318
300
300
299
318
319
320
419
353
349
300
351
580
811
299
309
292
331
482
350
513
320
309
320
292
310
310
340
370
321
328
359
580
651
320
576
330
329
309
321
380
322
349
340
300
561
761
300
330
299
363
771
560
321
440
370
299
311
306
330
591
432
458
300
481
321
361
359
329
309
300
339
312
304
469
340
320
442
368
359
559
379
681
300
310
298
299
358
310
320
311
306
310
319
340
299
399
411
301
370
379
301
338
560
390
301
339
292
320
478
520
620
319
309
331
519
393
554
328
439
302
299
340
350
299
312
361
361
299
300
359
311
682
670
391
292
391
595
1181
321
299
392
328
309
332
350
340
299
320
352
313
299
340
299
296
305
315
311
429
652
341
692
639
336
340
369
315
331
338
721
340
311
352
348
498
456
400
501
447
311
651
370
330
341
309
340
310
340
311
671
320
299
310
491
770
431
391
349
379
352
367
301
300
300
400
299
770
432
379
359
410
330
381
538
559
299
337
440
640
302
309
319
690
320
302
300
380
729
330
429
810
779
330
302
350
742
469
1339
299
390
299
310
1162
459
310
791
309
491
530
371
336
296
330
300
310
498
310
1407
330
701
370
320
369
381
410
390
601
317
488
331
356
340
321
320
372
570
540
314
331
331
571
390
541
570
440
310
360
298
329
310
319
360
330
712
350
300
371
440
516
300
321
309
800
370
340
550
710
308
311
300
422
330
328
301
309
318
685
542
599
311
340
409
319
399
650
349
510
721
320
300
300
349
299
298
331
299
310
292
789
570
301
310
331
464
293
411
441
358
321
384
330
300
440
700
790
321
295
320
560
341
460
401
318
300
300
341
570
351
330
301
560
541
330
309
303
331
402
711
761
1190
361
799
661
350
299
305
321
553
308
409
300
410
581
398
302
301
741
438
309
671
308
310
342
318
351
519
403
409
367
342
320
311
359
357
340
320
572
463
518
390
720
620
371
300
318
570
441
399
491
520
601
549
299
329
490
299
299
310
570
340
549
402
1441
302
390
311
330
318
300
299
342
300
300
319
699
710
301
548
410
315
339
299
309
326
301
381
369
321
350
512
369
332
300
359
310
298
340
430
700
349
340
301
309
299
309
311
310
531
572
350
323
301
341
330
481
329
329
339
660
499
300
294
300
298
350
352
299
340
302
309
311
418
299
320
300
332
327
300
330
310
541
449
480
649
490
319
319
309
349
361
330
300
298
329
370
438
321
309
330
308
323
309
441
589
512
322
503
442
352
330
442
349
341
321
369
361
438
299
310
360
301
300
320
340
300
502
728
300
310
310
416
357
361
380
321
370
299
300
320
340
321
379
360
339
330
309
298
300
319
589
339
721
302
310
450
329
310
310
297
500
572
329
452
311
300
309
354
300
381
321
300
307
329
362
601
448
361
470
319
318
308
301
370
300
310
340
360
341
579
328
332
302
518
799
380
550
309
319
319
330
309
316
380
299
300
314
369
301
320
301
359
301
298
643
751
680
410
340
295
330
411
651
380
297
301
331
531
1281
330
301
350
331
430
330
837
519
299
320
300
299
300
322
374
890
320
310
349
570
429
321
320
301
379
751
349
341
913
331
321
293
411
370
369
299
360
341
570
622
533
301
569
697
300
340
322
298
1343
352
330
701
391
303
300
590
888
462
310
292
360
320
298
380
357
319
320
312
584
879
360
301
371
530
368
312
330
380
315
329
301
300
409
307
1484
720
469
362
300
420
299
600
560
294
310
300
309
540
680
600
749
329
561
349
299
320
301
319
320
301
302
469
751
411
300
320
331
308
320
358
299
533
478
323
299
539
602
419
329
350
301
380
300
329
349
318
319
340
323
320
310
312
730
309
320
310
331
368
312
532
299
301
500
1112
309
368
562
380
429
439
319
331
320
329
450
330
317
608
300
301
300
330
301
292
329
391
393
312
339
300
311
420
880
390
429
330
369
298
447
550
720
340
620
391
299
300
300
307
401
728
529
299
312
1281
622
623
310
310
318
294
309
310
349
380
421
418
370
422
1389
299
850
338
308
349
1169
292
300
307
299
319
408
491
409
659
310
420
630
370
300
318
399
302
751
479
362
769
329
820
370
370
331
451
349
370
311
538
494
360
341
379
362
329
300
379
399
530
352
310