79
160.
189.
220.
373.
195
457
550
440
410
760
539
399
390
452
607
425
433
487
420
600
440
619
550
440
540
408
477
550
560
460
380
390
421
409
389
540
461
460
520
401
400
643
441
470
400
449
748
1210
458
612
401
489
442
449
400
479
377
469
1100
401
420
1280
471
731
462
390
419
671
522
742
428
450
399
410
541
640
380
481
430
450
400
384
1689
471
429
400
390
682
618
490
412
539
518
419
479
460
409
390
399
546
489
440
400
620
401
490
632
619
429
450
509
560
492
519
406
380
501
419
700
1200
541
720
499
481
420
390
413
419
410
559
471
420
410
711
480
850
667
389
402
590
431
389
391
762
431
670
620
459
560
380
459
560
391
450
429
599
460
559
490
400
572
407
439
441
499
510
1220
424
1359
620
460
601
519
541
439
479
380
422
580
720
709
790
680
451
409
441
489
551
558
621
379
460
620
399
457
740
660
410
388
431
450
419
481
460
558
399
439
420
422
419
429
470
518
621
470
380
380
388
548
499
380
400
590
550
473
1248
511
420
410
409
630
790
550
1068
400
489
691
541
390
470
720
411
582
410
800
420
581
591
539
460
410
387
380
431
420
590
461
671
781
389
410
740
382
460
400
620
531
418
607
400
420
411
443
400
377
540
650
389
1011
399
378
399
681
404
421
580
532
390
439
570
579
463
461
388
390
441
381
411
520
430
420
459
435
821
1100
670
499
439
400
381
391
380
430
879
644
390
439
380
462
782
411
389
390
429
491
390
483
1190
460
396
479
389
410
481
619
440
459
410
410
450
400
419
389
460
451
430
651
680
401
700
380
420
471
410
470
499
429
429
410
818
419
420
390
381
430
411
419
460
400
380
400
384
550
642
512
460
383
381
390
400
441
513
400
380
411
421
419
762
455
423
399
409
380
379
380
430
390
920
690
480
449
458
439
390
381
510
383
448
500
382
380
402
388
631
391
390
390
411
789
680
640
690
409
430
461
380
439
440
390
410
399
590
770
444
380
440
674
470
441
420
449
379
580
1011
428
395
381
377
478
569
441
641
379
390
419
445
700
930
410
422
409
511
430
410
389
380
389
480
428
420
395
381
441
381
420
1021
480
609
690
389
380
380
430
390
400
379
409
509
400
459
1441
670
1320
412
792
612
500
560
950
500
444
829
460
781
449
799
1090
380
410
399
389
470
449
439
430
840
580
570
380
389
468
400
380
380
1220
507
411
520
440
420
390
400
389
591
469
411
490
451
1189
419
1151
440
1412
412
429
381
390
440
570
420
420
411
591
400
481
410
520
451
409
1161
389
508
380
390
400
400
389
449
553
679
380
430
410
380
619
419
481
561
379
381
473
479
630
409
464
390
400
432
470
450
409
410
399
380
431
419
659
520
410
401
441
570
471
510
480
381
409
420
511
469
1130
480
379
419
421
390
569
421
780
469
501
751
389
390
429
683
1148
521
640
410
420
921
400
412
595
481
390
691
430
461
568
451
581
700
420
461
1250
561
382
399
571
532
490
431
511
460
428
390
440
611
551
929
400
471
462
490
461
540
609
481
430
400
650
379
430
419
420
379
377
540
1363
410
660
580
413
471
1170
388
693
380
499
580
588
1190
450
418
380
390
409
381
389
500
419
479
489
430
449
451
390
400
400
421
421
390
469
500
409
410
420
420
430
392
430
401
632
503
499
390
451
408
390
419
420
379
389
380
529
1219
657
590
690
380
440
412
430
411
470
410
469
722
408
410
1221
410
632
618
380
409
430
382
379
420
449
450
532
560
1350
519
378
379
1269
410
741
459
1069
430
630
451
540
530
463
421
390
488
490
492
430
440
411
429
489
380
399
381
480
400
531
521
380
478
400
1300
399
380
450
720
410
402
382
411
439
389
448
421
391
1019
469
440
388
541
431
540
410
471
451
509
380
480
390
579
411
382
489
442
400
409
419
449
388
490
1490
402
441
481
399
397
381
380
454
468
388
540
390
390
440
462
390
389
839
500
382
390
391
479
410
381
378
480
414
409
380
401
380
429
380
488
440
387
440
572
441
410
381
393
462
448
431
380
380
400
400
399
410
468
470
429
412
460
381
430
410
410
379
400
430
379
439
540
419
419
390
589
380
409
580
390
390
470
470
420
480
412
449
381
761
1260
439
401
691
379
410
530
633
390
470
588
709
421
398
450
395
410
519
499
420
390
399
400
510
528
459
410
420
623
430
389
422
390
390
389
389
590
789
469
543
400
419
400
560
422
398
458
569
542
550
380
431
510
400
440
390
380
471
419
410
450
391
399
381
820
711
400
420
391
409
380
390
390
390
411
392
390
377
380
480
459
499
461
661
1429
521
2311
660
2680
639
460
1283
499
400
532
1810
800
921
2341
409
639
690
2560
1610
949
831
1590
540
385
400
450
470
391
390
470
590
460
410
690
713
430
641
380
391
439
399
381
460
490
500
429
600
410
400
501
381
400
519
390
440
380
450
390
420
501
391
378
499
581
479
380
520
420
691
661
547
652
399
409
390
429
380
379
540
380
399
460
450
421
419
538
390
611
500
450
390
451
870
770
381
410
390
579
430
610
390
410
400
400
421
429
479
459
400
798
470
499
525
521
450
389
409
461
429
410
380
451
1199
480
380
411
428
467
621
461
771
717
519
379
439
602
649
390
380
409
400
399
720
430
621
449
490
442
508
420
439
601
420
410
389
501
849
419
530
580
470
410
439
430
477
400
530
419
488
481
375
380
702
439
419
399
531
380
389
401
510
388
457
508
492
769
409
597
450
439
382
380
460
420
410
650
1411
380
381
390
439
459
420
400
420
499
430
569
460
498
1180
1120
410
488
390
390
849
499
380
379
411
404
510
441
470
480
570
521
510
380
489
441
419
380
459
500
708
501
519
542
381
413
390
399
380
420
540
832
558
521
448
430
400
401
539
471
760
410
440
400
431
428
511
379
580
420
397
460
670
379
508
409
460
470
410
500
439
388
751
392
497
408
469
1000
390
420
380
411
380
501
450
472
395
399
450
479
390
409
459
430
581
478
631
451
380
720
440
399
400
381
540
399
440
411
390
420
380
571
740
381
380
379
440
388
380
380
440
590
500
501
481
439
408
389
401
419
410
379
499
458
409
420
378
400
490
401
431
381
380
381
448
599
390
489
380
502
430
459
684
400
410
401
451
438
400
550
549
380
380
390
739
399
409
410
379
413
410
501
509
440
380
460
380
400
399
409
381
500
388
571
401
421
471
411
450
482
410
420
460
400
522
520
420
399
389
400
390
480
401
390
430
583
410
501
410
499
388
489
390
430
390
430
431
430
710
420
420
421
769
400
442
400
459
421
450
499
451
380
569
539
380
390
410
390
692
409
470
621
396
400
451
621
429
400
380
400
564
401
390
380
400
388
440
408
409
448
409
380
730
501
409
463
440
420
460
722
410
481
390
390
380
390
391
454
379
380
393
537
750
700
420
571
420
428
540
1122
379
479
520
510
447
440
531
697
538
771
378
471
521
421
759
407
1009
405
401
390
580
381
410
531
510
480
461
440
410
449
388
409
450
390
381
451
459
499
399
459
460
538
420
380
459
950
390
381
461
451
1199
390
451
1169
399
400
421
380
410
409
700
450
440
510
428
550
1581
464
1180
399
400
400
429
428
760
641
379
550
450
381
562
871
991
449
400
390
568
413
698
390
400
541
713
504
399
450
459
420
590
400
379
420
799
487
470
400
511
418
449
380
600
721
439
761
710
450
507
400
430
449
440
390
381
889
540
600
409
420
382
440
380
421
499
629
380
510
1159
459
511
480
419
720
459
600
390
560
420
491
380
450
520
490
393
519
429
640
970
381
501
471
461
478
570
409
490
660
470
500
389
568
668
441
469
640
390
496
381
389
410
640
520
541
400
450
449
780
690
569
409
420
380
501
929
590
660
410
411
439
800
599
460
489
401
451
409
430
531
422
419
440
430
460
390
419
403
560
472
410
409
400
381
600
500
510
468
789
459
381
400
442
459
833
1130
689
570
451
819
949
389
480
812
380
401
500
1700
390
378
410
380
400
430
439
389
599
690
389
450
659
679
781
410
560
551
580
1311
399
799
380
380
530
1381
511
946
421
460
1600
410
380
400
389
389
460
401
1326
390
478
381
390
499
521
640
591
398
400
536
921
469
389
470
558
379
451
490
390
379
391
419
569
989
400
409
389
430
380
530
391
448
380
518
379
477
410
580
458
380
450
390
510
389
420
410
441
624
430
512
492
389
422
449
508
731
451
490
1249
459
449
390
398
429
401
380
721
391
429
400
391
400
410
411
470
380
461
420
407
487
390
400
429
420
409
688
420
399
381
429
401
380
410
390
400
401
511
410
380
381
400
379
601
400
430
389
400
452
420
448
419
466
380
450
438
481
600
561
440
387
399
410
402
380
379
391
390
511
409
380
430
661
379
379
390
380
381
390
410
380
410
660
389
388
401
610
1070
379
421
550
590
403
389
620
1250
461
389
380
390
1043
399
380
380
441
1500
401
451
380
439
381
441
565
391
411
1739
510
521
419
399
470
380
529
390
441
406
391
429
419
400
391
468
432
389
400
379
961
539
489
440
400
459
489
380
390
420
510
411
821
871
499
619
400
1389