43
100.
120.
149.
259.
129
262
689
419
427
341
370
339
260
315
261
320
265
297
262
260
262
268
287
570
490
661
511
750
261
260
281
260
271
280
290
286
261
401
399
490
390
698
578
274
270
260
1140
280
299
260
270
468
360
438
260
299
301
268
288
310
310
701
587
329
270
260
280
280
261
279
299
279
270
280
281
300
311
269
300
261
268
371
689
300
279
277
281
312
308
395
366
315
289
260
270
279
261
260
260
269
291
269
608
328
300
269
262
271
270
347
269
283
323
278
344
339
320
279
282
267
279
299
295
341
270
280
260
263
261
297
350
382
472
520
288
269
280
372
320
328
280
291
380
280
323
295
265
272
328
270
318
270
289
321
337
290
287
260
380
491
630
260
329
270
278
290
300
272
558
910
278
261
283
311
299
300
279
299
329
268
287
279
269
260
308
271
304
261
270
261
309
267
308
281
270
269
287
350
270
260
270
269
299
380
370
308
321
308
520
339
269
270
260
270
272
310
260
303
280
378
340
265
294
519
799
520
418
371
261
290
270
270
264
303
282
292
290
260
351
260
289
370
307
362
311
442
509
589
271
299
271
260
278
295
310
302
269
267
567
434
302
260
279
275
266
408
1990
287
311
321
260
270
299
260
271
271
591
571
342
269
270
262
262
290
360
267
263
385
389
521
529
281
271
310
440
427
498
262
262
286
270
279
267
265
260
267
287
349
510
419
289
277
601
530
390
270
279
341
292
262
285
260
269
261
263
279
271
301
570
597
275
280
384
267
322
319
336
340
284
456
811
271
291
281
300
276
302
268
274
269
261
357
518
560
300
308
276
260
602
370
265
263
338
270
324
316
279
280
279
308
1358
586
510
269
309
279
261
279
270
266
276
290
269
260
280
409
581
370
476
709
427
272
270
599
480
300
278
551
511
442
309
260
291
260
291
269
541
761
279
692
546
260
270
279
309
270
279
510
652
320
330
611
519
260
260
260
271
280
260
260
269
270
359
355
640
320
291
461
529
592
260
270
260
350
320
499
460
700
359
261
260
261
270
260
290
279
262
289
490
500
358
280
309
372
271
530
550
610
309
279
268
270
271
280
270
321
379