73
140.
162.
199.
330.
175
362
351
339
340
630
552
349
340
350
361
939
529
601
660
350
360
340
359
401
401
370
460
410
360
331
360
411
428
352
350
459
741
390
331
340
390
339
1030
510
571
489
441
370
360
340
1199
441
338
420
1810
331
339
332
350
861
368
550
480
340
421
331
341
372
350
351
360
340
350
370
400
370
727
447
372
369
341
551
360
408
480
370
390
399
331
362
359
370
381
340
340
331
390
341
360
340
358
340
370
712
520
430
430
491
361
709
340
338
360
381
380
331
479
360
349
340
470
602
380
420
339
340
522
750
390
348
350
340
369
338
331
340
639
420
498
770
340
340
581
430
339
340
350
341
390
360
390
340
341
332
510
350
360
341
340
390
361
390
436
384
410
532
380
351
1100
440
379
371
337
331
370
340
349
369
476
339
370
440
590
360
541
380
340
360
340
340
390
360
380
370
1188
341
390
620
1540
453
332
351
509
389
390
332
418
572
538
420
410
349
369
340
1181
520
541
483
510
331
370
590
520
350
362
340
470
490
540
493
379
380
350
521
428
430
370
340
339
470
660
1249
410
389
350
341
410
389
368
340
380
370
360
1160
331
1141
351
1440
390
370
390
391
540
749
350
350
450
416
750
350
340
621
400
410
349
361
1109
359
411
509
390
360
339
380
331
359
360
331
351
342
469
650
592
421
380
41004
340
340
730
360
467
380
390
490
340
430
420
560
471
349
3210
410
701
340
520
1362
520
609
489
670
350
331
369
331
340
369
399
381
380
520
791
599
843
351
383
350
340
350
568
1260
340
340
380
1259
352
490
359
460
571
459
359
350
338
340
360
701
781
370
349
380
382
350
349
633
630
419
411
519
439
360
610
501
349
370
358
1421
1670
529
368
349
349
360
359
339
399
331
598
530
350
370
339
579
359
700
370
490
401
400
350
461
391
420
350
441
800
381
379
380
340
572
430
360
528
371
409
349
410
390
350
360
419
431
470
610
1291
339
509
499
410
339
400
642
361
400
609
420
350
379
500
899
539
399
511
371
410
643
630
519
419
611
800
460
339
340
769
370
570
420
398
720
769
339
72187
360
386
499
498
601
539
429
458
650
350
359
389
560
690
490
470
539
367
399
440
610
349
340
368
340
331
350
339
530
342
458
540
423
1180
400
350
340
361
391
620
470
350
381
331
750
450
331
521
529
410
378
340
340
339
331
341
340
370
331
379
389
489
450
341
661
469
460
339
351
460
401
380
350
339
350
410
360
511
569
510
700
390
340
340
340
370
339
340
359
390
350
480
592
379
331
332
350
340
469
370
450
351
730
370
350
430
430
360
360
340
339
351
350
350
352
600
331
338
335
360
530
390
512
340
400
380
389
340
370
349
360
390
370
379
349
360
348
371
350
531
379
583
490
521
360
351
339
340
340
340
341
351
400
390
572
571
380
1440
350
350
399
520
1204
351
370
339
352
340
531
781
359
360
341
339
339
360
430
360
384
432
370
500
629
400
409
560
331
1080
360
410
1210
363
340
522
1150
341
350
370
680
610
439
491
540
359
349
350
370
339
351
560
729
341
331
360
530
439
593
460
972
450
358
370
332
510
360
342
489
603
337
358
340
909
349
781
420
490
399
349
331
1200
450
380
370
611
521
462
340
349
569
1190
1161
370
370
400
350
340
1229
611
339
440
1140
339
360
339
360
341
340
359
340
739
340
640
370
350
360
370
582
618
359
620
339
410
419
350
510
368
342
709
348
362
340
359
1491
331
395
409
340
388
340
349
652
348
340
350
731
371
421
570
400
570
509
390
8069
341
688
431
550
1300
671
1140
360
420
562
360
359
389
350
350
520
1470
349
400
470
912
360
391
409
450
361
340
551
652
340
630
390
368
410
380
350
371
459
739
632
387
380
339
391
340
398
360
582
361
442
350
557
420
331
539
550
348
350
379
339
369
429
340
440
772
433
427
561
472
370
383
391
399
1030
570
349
571
670
339
391
407
360
701
349
350
390
460
1110
399
379
340
369
512
360
474
381
361
360
370
380
761
1129
389
340
351
962
351
400
381
343
510
721
350
370
340
481
719
357
359
440
581
509
390
339
339
559
781
441
510
429
442
390
493
339
340
560
719
350
615
775
439
350
350
467
573
699
401
349
371
490
351
515
72221
350
610
340
585
490
469
481
480
369
331
361
430
530
1471
350
542
390
480
392
339
331
370
331
412
382
690
359
360
450
631
350
490
590
350
350
380
339
390
340
350
358
359
480
391
539
341
1519
390
340
380
580
341
340
337
360
331
341
340
340
350
370
340
350
541
822
1850
351
599
519
360
361
331
359
340
561
607
570
370
450
331
451
350
370
351
350
350
421
399
470
601
360
350
380
421
699
390
370
576
481
562
359
399
331
338
370
1270
340
398
400
340
380
331
381
359
339
350
370
361
390
380
471
679
340
460
601
360
577
572
400
349
339
360
340
359
371
369
370
340
370
360
351
430
699
350
543
599
709
390
361
371
389
350
1220
360
492
629
430
369
368
340
731
760
359
340
464
349
370
380
340
370
331
410
390
331
429
592
949
339
331
349
359
360
339
350
399
418
410
451
590
380
471
369
490
350
341
370
370
1030
350
340
690
468
420
480
340
351
340
349
360
331
350
562
858
1100
1150
2437
376
1140
340
529
719
400
1089
379
1189
368
369
460
380
510
350
459
430
370
370
419
392
459
701
338
420
374
399
350
511
370
651
711
1120
410
341
370
340
500
720
385
410
360
369
370
365
1200
340
659
352
449
470
379
400
410
331
730
349
349
1599
410
360
378
339
551
671
380
336
350
360
390
371
340
510
950
379
340
410
339
410
412
690
370
41019
360
364
360
349
481
610
360
400
339
360
500
572
490
360
2291
341
350
360
517
709
572
620
480
1309
340
470
591
342
379
412
607
390
351
388
750
681
389
401
440
400
338
370
340
351
392
351
362
339
340
350
399
630
510
610
379
381
359
349
431
350
421
690
371
379
781
390
371
380
360
339
350
360
711
561
1108
349
337
490
340
350
380
369
340
430
469
640
628
621
335
350
362
339
369
440
350
340
730
579
339
590
512
351
529
430
360
331
341
410
421
337
341
480
742
340
470
410
670
429
360
381
390
410
369
540
641
340
369
361
390
349
380
710
430
808
500
380
1070
340
339
441
371
650
360
361
470
751
340
540
581
336
350
369
390
331
332
501
401
1190
400
441
410
501
350
410
570
449
779
360
340
480
460
390
379
400
710
899
340
340
393
348
359
940
520
439
490
361
351
440
689
470
450
772
390
340
449
369