79
150.
180.
210.
339.
187
341
377
420
501
369
490
430
510
681
370
469
559
1190
380
351
350
650
369
611
1350
340
380
519
753
371
340
340
341
360
341
430
340
349
400
369
368
410
710
380
980
447
351
361
1239
340
369
552
580
711
511
370
389
351
391
551
380
341
420
380
370
572
600
510
378
340
350
791
449
341
380
470
340
350
390
440
439
670
650
350
400
360
403
420
390
381
370
390
441
359
370
381
490
459
710
360
340
390
470
380
491
609
419
342
402
360
340
340
341
691
380
560
340
340
579
359
390
580
630
359
672
359
419
430
680
739
361
349
430
432
341
360
370
430
498
360
499
350
358
340
360
400
360
1329
360
360
350
559
372
340
459
401
490
350
351
361
340
340
340
540
510
660
348
360
370
367
341
398
642
1250
768
341
390
443
370
371
372
381
643
398
430
350
1332
361
451
830
350
369
381
530
449
741
400
360
430
420
420
360
340
400
370
380
340
361
430
421
570
689
359
1421
439
399
401
570
489
340
421
470
340
382
838
372
390
360
360
441
340
369
420
529
390
390
449
430
439
340
350
361
370
340
360
360
370
341
400
640
460
349
341
371
389
399
360
350
642
340
410
390
680
362
400
630
551
340
371
771
340
350
390
561
340
461
430
581
360
399
430
480
411
401
520
578
390
497
531
649
820
380
390
510
391
481
342
371
340
350
340
440
367
429
479
351
557
380
631
399
380
370
474
440
619
600
571
1182
691
480
400
369
380
509
360
340
381
460
481
530
589
620
467
349
541
419
370
438
340
358
432
429
469
342
701
802
427
340
429
761
360
1110
389
458
340
343
360
439
350
370
350
499
700
585
350
342
890
369
503
462
350
370
340
1220
370
369
351
710
498
480
479
714
1340
438
399
1172
369
631
400
1227
430
350
422
390
349
420
500
512
578
380
360
360
482
468
360
439
351
389
770
440
391
350
530
630
380
1372
587
360
429
429
340
501
680
380
479
391
410
779
340
401
340
351
412
621
469
461
370
451
568
459
419
369
690
379
430
754
359
390
601
638
341
350
350
540
420
368
380
470
462
372
380
969
351
491
340
639
521
391
699
640
469
380
449
451
411
770
690
571
455
371
370
420
539
539
591
470
1409
369
359
1329
480
491
831
429
1161
510
420
400
1801
381
540
489
619
460
459
739
390
480
612
488
420
1158
443
511
540
581
369
341
360
700
389
479
880
391
360
661
439
340
351
350
389
360
421
348
350
386
369
380
350
379
350
511
402
488
510
350
349
370
714
380
340
340
341
380
350
510
432
389
349
399
860
361
410
340
341
369
340
350
489
340
560
430
400
689
431
432
409
369
351
473
340
345
374
343
350
360
498
538
378
388
370
350
362
340
349
421
370
342
359
381
539
439
580
362
350
369
350
360
390
411
350
361
371
411
420
361
340
350
480
490
420
350
560
991
360
350
780
350
350
360
340
661
370
349
359
340
440
420
349
350
360
361
340
360
402
389
470
350
440
591
398
340
409
350
560
727
391
349
361
1228
349
371
351
780
520
359
369
343
882
419
361
340
370
371
379
578
480
389
359
341
351
340
404
467
461
359
341
348
541
380
390
350
430
460
341
349
340
431
340
340
430
390
419
661
639
350
361
540
1199
370
389
521
358
370
430
370
603
771
399
349
340
341
507
341
692
342
357
510
423
400
360
361
349
360
348
419
459
780
361
409
549
671
481
479
412
647
362
359
409
410
479
420
448
361
438
399
430
620
380
430
349
377
391
340
350
341
351
390
851
511
399
340
391
340
371
400
360
369
570
369
400
350
341
441
390
400
381
370
722
360
350
349
380
340
379
340
459
421
399
631
350
340
721
370
360
490
383
419
431
360
369
810
390
390
480
469
390
340
340
369
340
439
340
373
391
400
477
429
370
350
340
350
370
462
430
750
370
340
641
579
1189
492
490
472
370
360
720
350
389
350
390
340
402
420
631
509
351
340
421
347
420
389
1238
380
400
363
368
367
539
358
380
373
359
360
468
1149
351
460
471
400
440
409
478
409
368
361
370
360
1410
520
360
380
340
1209
371
669
359
541
478
1191
460
340
350
538
370
1170
390
438
661
341
349
450
1389
341
570
531
741
481
398
340
380
399
389
380
399
349
418
481
350
371
518
582
440
470
340
350
369
476
360
350
431
399
539
341
430
460
1111
489
510
410
489
482
372
419
690
360
350
389
380
390
421
401
482
360
371
689
380
492
509
350
430
371
340
340
360
350
389
712
590
720
351
340
370
369
579
393
630
520
357
349
471
361
400
351
490
1310
461
356
1090
576
530
552
459
599
391
430
340
360
493
340
411
370
452
348
359
631
1210
369
809
380
344
1311
340
340
350
340
360
359
371
351
350
360
429
360
369
350
340
340
1210
410
380
351
381
342
351
369
361
399
401
410
340
350
571
560
430
390
350
371
340
350
450
371
400
400
611
702
450
521
360
430
372
349
360
460
350
399
360
371
351
349
340
340
350
390
350
408
571
770
369
340
370
380
441
340
399
350
440
378
399
543
390
619
378
360
442
368
359
359
351
341
481
629
370
420
380
860
610
521
650
419
560
380
350
350
380
369
419
520
453
409
370
349
359
450
411
483
341
451
420
359
410
360
369
470
500
421
351
351
430
641
420
381
350
340
341
360
358
350
388
447
369
340
470
1170
351
469
560
480
340
357
360
340
340
353
481
379
360
371
430
340
369
348
399
509
340
341
340
351
400
362
350
421
398
350
430
341
471
390
360
570
491
360
340
340
349
428
510
350
659
549
360
341
342
369
388
349
371
361
351
341
531
440
340
1471
358
340
361
360
369
340
491
394
369
351
370
340
350
370
512
350
449
350
490
369
620
380
359
341
358
489
464
439
561
389
450
420
559
369
349
361
341
351
340
340
402
530
351
369
340
360
390
370
370
380
369
459
350
549
340
613
1261
360
403
700
422
461
549
341
399
340
390
350
390
430
632
360
460
519
389
340
351
480
420
360
360
390
531
495
359
350
340
559
570
370
421
569
721
499
340
390
350
468
520
401
722
587
368
370
383
380
460
661
767
560
368
400
360
508
340
359
371
424
501
1319
1229
439
379
480
382
351
389
400
769
359
340
492
460
360
400
400
469
370
510
431
349
410
430
439
360
530
451
399
349
600
390
340
369
1150
349
341
340
349
387
600
650
479
572
351
359
380
340
413
431
711
589
510
679
410
1159
480
370
340
429
591
410
463
749
483
411
381
460
671
361
340
560
681
361
360
432
421
340
379
533
380
682
360
351
380
350
439
407
470
342
449
430
622
341
340
530
432
350
431
363
390
591
360
350
359
419
400
340
630
341
554
690
340
490
450
340
340
420
661
488
572
371
421
410
512
480
370
399
530
399
550
350
344
341
370
399
399
360
591
370
359
421
630
429
350
429
412
775
371
351
671
341
1269
450
340
580
410
341
409
889
630
1168
368
341
361
340
480
350
510
571
520
350
341
370
669
400
371
350
350
359
552
819
390
359
430
631
442
349
340
349
380
550
651
380
369
540
340
351
380
371
351
390
350
340
390
369
370
391
379
350
490
404
949
469
381
419
350
340
350
359
350
360
369
371
379
360
370
350
542
429
340
350
870
710
444
349
370
340
340
350
360
341
431
358
381
441
499
359
599
360
360
489
388
379
359
368
390
870
430
361
349
372
988
491
540
360
360
541
401
370
340
349
340
421
360
360
380
938
430
343
360
341
460
541
389
419
439
340
351
340
361
380
711
361
481
528
550
350
470
340
490
360
359
462
1216
560
1260
350
411
350
358
340
380
379
370
420
409
359
380
391
401
340
360
709
570
400
430
522
340
360
521
380
362
430
351
420
630
550
350
350
671
440
348
340
391
341
370
383
430
390
721
630
341
350
340
359
359
380
340
520
381
599
508
340
389
390
468
348
368
361
410
370
430
600
420
350
351
340
399
409
440
450
340
471
400
760
400
380
1360
418
450
390
429
510
359
348
411
370
380
360
356
690
379
340
420
419
349
369
359
359
439
390
760
470
442
360
388
429
341
340
349
680
379
347
357
540
398
500
351
492
341
340
411
350
360
590
1132
401
360
1089
541
430
589
700
359
350
360
370
360
490
700
689
520
400
521
359
340
350
390
443
350
570
350
429
378
531
349
351
1319
340
521
989
500
380
529
350
399
420
411
401
420
1218
431
390
370
541
360
350
590
570
341
380
479
889
430
340
428
450
351
559
440
460
390
390
450
1402
350
369
381
341
340
679
749
490
399
702
349
340
350
340
350
570
710
480
989
559
340
409
499
481
395
340
440
1311
390
400
370
389
359
411
511
380
341
340
430
731
420
552
383
406
420
441
343
340
380
340
761
659
351
549
420
340
340
379
372
501
461
791
420
370
361
500
500
509
430
340
361
350
410
372
360
580
369
391
359
641
390
450
889
350
521
340
429
340
491
803
370
429
629
609
682
340
340
380
449
370
371
1289
538
501
920
361
350
370
340
419
470
660
368
402
421
1560
420
461
480
460
371
542
340
344
370
1350
460
360
399
590
380
1200
351
469