79
150.
180.
210.
330.
187
501
349
369
450
360
341
339
429
349
580
1489
539
410
541
409
401
752
359
1422
372
460
548
390
349
350
489
490
431
340
367
410
380
360
360
350
491
538
331
365
1589
370
340
591
379
369
340
711
420
500
630
751
367
340
381
341
370
338
349
341
350
681
350
340
343
360
751
809
339
380
339
369
542
717
350
391
440
569
910
391
399
339
391
350
361
737
370
388
340
400
444
412
459
570
510
369
391
351
370
355
490
400
350
408
1160
351
351
360
339
409
332
521
609
601
368
332
471
360
912
370
350
370
700
621
331
339
366
691
350
339
381
374
360
850
649
461
671
499
540
390
371
390
381
360
380
409
470
450
360
349
349
341
859
500
1890
383
370
361
360
340
340
360
360
370
429
520
370
1239
340
379
360
370
429
339
831
1200
349
349
400
340
510
400
1041
369
391
340
359
351
340
410
350
399
340
531
1200
350
340
410
532
451
337
350
340
370
390
349
349
339
391
349
380
359
339
370
1350
511
359
340
570
403
561
361
369
350
350
359
380
409
680
591
341
361
1619
352
470
562
1100
340
520
400
360
340
381
340
510
359
390
819
730
371
359
380
460
481
332
390
351
340
388
340
360
590
458
380
789
620
350
351
370
452
519
351
590
350
340
380
351
511
1490
482
348
380
350
420
341
339
401
1230
570
682
469
550
580
621
460
571
420
400
360
410
369
459
950
370
359
331
338
789
390
379
350
411
498
440
350
339
370
352
539
1181
349
349
350
438
690
369
340
440
346
340
369
730
340
350
460
680
729
331
368
1303
350
340
360
360
430
338
400
370
335
871
1148
419
629
820
349
340
419
349
480
429
1490
499
381
359
500
390
340
360
650
399
370
348
721
490
720
709
340
580
354
340
1230
388
549
671
380
532
1289
1120
359
379
340
370
500
528
370
391
490
429
440
633
421
378
359
370
498
369
360
780
861
409
469
390
370
340
401
508
370
400
459
400
470
709
590
340
550
412
407
359
370
450
351
350
351
400
340
370
490
580
639
350
400
497
378
358
400
410
590
650
550
390
430
607
391
661
568
420
331
341
479
409
1551
501
332
398
650
331
630
509
410
519
551
449
1339
440
470
390
1550
380
331
1331
431
581
429
470
439
460
390
1389
351
360
480
620
370
481
340
340
349
428
380
361
338
460
438
531
390
350
340
472
568
371
468
550
468
360
400
370
339
332
691
431
332
440
331
362
340
340
360
340
379
348
630
652
380
380
520
777
1489
341
340
340
350
336
523
661
350
338
334
369
331
550
480
340
340
339
340
340
392
400
582
400
359
337
1151
331
429
460
380
400
399
360
349
339
350
355
611
430
340
480
390
502
529
410
440
981
370
380
339
339
349
358
359
340
350
510
468
363
738
340
339
361
471
441
331
340
381
602
459
500
791
340
522
530
340
350
340
371
482
468
370
520
371
339
501
570
559
369
400
459
469
359
349
399
340
360
581
350
370
339
489
369
370
357
389
439
378
401
688
630
380
441
360
340
391
601
350
340
409
364
381
359
377
440
410
430
460
461
420
691
370
340
361
410
341
358
339
501
430
350
610
341
339
350
338
353
332
349
450
389
511
359
331
331
420
469
339
352
440
338
701
340
470
713
660
332
340
517
842
640
370
350
570
440
341
360
482
360
440
350
336
360
419
358
479
470
380
350
369
349
358
351
400
341
361
430
338
711
360
331
370
340
470
430
360
1228
560
721
379
439
590
340
350
360
519
382
459
882
340
400
360
457
359
380
390
369
340
389
331
380
348
819
490
332
349
430
659
672
810
349
371
340
620
388
340
399
360
381
350
910
331
431
500
481
508
360
440
410
390
350
509
591
340
430
369
421
1433
560
398
380
352
380
492
529
679
371
430
591
339
360
530
341
370
350
381
340
702
399
361
411
370
570
539
370
350
332
410
471
422
509
380
649
651
340
480
431
340
610
340
350
460
519
1239
369
348
369
579
350
634
600
571
402
340
561
376
410
340
390
519
379
372
485
423
459
612
379
370
370
400
408
339
430
410
510
370
401
360
641
331
380
410
500
460
500
400
510
331
339
400
420
440
760
561
500
410
481
338
340
340
589
390
631
1220
450
701
630
389
421
339
380
389
359
369
489
428
350
549
640
374
511
450
410
420
799
1809
391
539
370
410
370
389
370
370
340
439
440
392
340
339
350
589
500
490
390
379
331
390
350
1190
370
340
720
331
350
350
388
370
580
1209
399
511
392
360
411
400
551
341
339
369
400
350
340
610
731
347
338
360
471
359
400
376
338
351
342
389
340
560
741
411
341
429
651
401
340
550
539
340
350
350
371
352
379
641
369
340
420
419
350
477
370
340
341
592
769
480
440
360
349
340
559
459
348
401
540
370
390
340
350
400
431
478
408
361
340
351
370
331
340
351
331
478
510
370
360
370
390
340
340
350
831
391
379
400
350
410
449
460
370
360
340
358
410
339
354
409
379
419
1269
390
380
420
340
378
429
351
409
391
911
331
349
388
370
420
360
351
350
331
400
359
430
350
440
391
340
620
620
539
350
480
570
761
377
428
341
402
380
390
398
392
360
342
360
380
339
340
510
410
389
360
592
563
391
369
340
390
340
408
386
399
411
360
350
350
1691
428
653
508
351
439
809
350
480
340
349
410
410
500
390
381
390
491
348
369
389
360
1291
870
350
350
379
331
360
341
338
337
520
439
381
398
360
360
450
339
369
409
551
331
339
361
390
359
379
371
340
490
941
471
340
418
390
339
339
349
339
510
349
641
420
361
331
340
359
368
350
358
341
364
402
459
840
569
340
631
1110
390
350
360
349
339
372
400
380
490
340
380
490
468
652
720
741
360
612
388
340
449
349
369
340
335
349
548
429
539
351
369
370
670
369
340
331
396
778
350
590
469
339
781
341
350
351
370
390
752
699
749
390
340
340
350
538
621
408
371
680
440
352
554
400
369
560
350
350
401
1280
359
1289
340
1141
1160
403
361
340
420
499
464
460
340
341
380
370
570
389
360
692
389
350
544
370
400
340
379
521
369
350
389
597
400
350
340
361
450
339
409
349
883
570
384
703
350
340
331
588
662
350
390
340
700
558
431
349
360
408
339
340
340
599
511
372
369
439
682
379
371
369
468
530
340
391
342
521
439
350
400
733
369
751
347
399
443
360
490
830
381
370
707
420
1150
450
470
480
340
1279
350
374
560
420
350
657
640
380
480
1340
510
400
399
351
370
460
571
870
378
390
350
338
339
590
537
340
500
490
340
469
381
500
380
340
542
531
340
349
391
388
712
620
339
420
389
360
331
589
900
340
339
350
360
342
711
340
400
361
340
640
629
380
351
360
339
511
379
390
340
331
331
359
343
559
959
370
382
369
340
361
349
350
501
591
431
350
381
349
347
347
581
670
370
350
339
350
331
350
340
439
443
610
390
489
360
359
381
609
850
369
369
340
331
358
502
519
333
350
510
718
519
409
339
340
358
579
549
511
932
349
350
340
591
709
370
389
360
339
340
370
421
419
338
351
360
331
740
569
370
590
469
331
340
491
378
439
391
620
339
350
370
350
331
369
389
390
390
500
540
331
331
530
761
391
332
471
380
331
428
339
349
332
349
450
349
341
349
338
339
399
359
470
561
437
1208
351
331
610
980
340
370
349
440
349
389
331
370
511
378
639
340
520
349
340
390
798
350
350
431
350
350
390
331
391
580
351
431
410
615
340
349
460
1174
479
360
1200
360
331
340
559
489
571
520
470
449
409
609
461
349
360
390
340
500
871
379
941
689
350
331
820
648
350
387
331
619
619
389
682
400
349
389
342
530
400
752
501
598
701
420
350
339
390
339
339
340
370
590
908
609
380
359
340
338
351
340
581
372
389
421
621
630
650
410
359
331
360
400
350
780
581
559
822
700
360
362
333
358
360
660
340
340
340
399
370
571
688
341
360
549
670
339
429
606
489
1990
380
340
351
359
340
771
950
389
480
389
390
471
422
608
410
390
501
410
341
651
360
411
580
539
361
390
366
760
1299
772
369
350
409
389
350
336
351
340
340
630
510
350
539
749
360
450
340
341
360
361
469
700
380
390
642
360
480
748
331
382
342
390
371
529
1212
623
639
350
350
410
441
331
340
370
790
650
401
409
471
491
451
410
590
349
1649
428
340
403
410
400
439
532
700
511
390
429
360
429
420
501
379
331
440
361
450
631
412
410
759
450
590
469
368
334
370
351
350
380
340
360
430
400
1150
350