79
139.
160.
191.
311.
169
328
741
651
665
1261
320
320
318
330
328
361
379
1221
368
329
380
440
370
487
330
320
660
420
670
391
370
340
329
1278
340
750
400
320
350
331
340
330
320
480
321
588
360
571
1288
319
360
340
320
319
369
319
349
400
501
449
320
360
321
490
320
573
320
330
361
599
670
869
320
341
331
379
330
320
326
391
440
419
547
380
410
381
360
471
340
320
770
890
340
340
370
340
340
319
330
319
340
320
320
320
330
341
318
428
630
591
728
371
380
488
590
321
330
340
320
319
370
360
330
361
388
471
440
360
360
360
379
670
319
361
321
330
451
421
440
340
312
349
341
341
500
319
319
320
369
321
340
442
370
1167
329
370
340
340
319
572
1270
420
431
490
369
330
420
340
549
331
320
340
320
319
330
328
470
620
390
339
349
370
360
474
411
1229
742
539
329
321
362
321
380
330
329
339
329
430
414
473
359
361
721
319
330
420
580
430
360
320
340
371
330
320
340
360
501
320
590
400
330
330
369
322
670
710
388
319
359
360
438
320
372
341
550
320
360
340
321
319
349
350
331
330
339
331
320
330
373
470
620
433
772
321
359
490
359
340
359
330
360
349
320
370
340
561
792
410
419
510
624
381
340
331
350
331
359
340
401
330
320
439
613
320
569
517
380
359
341
421
561
410
351
319
420
390
332
320
1139
336
329
341
599
320
350
318
380
341
320
450
522
350
361
1140
329
381
391
387
380
430
530
659
359
321
313
441
650
468
951
351
320
340
320
319
420
561
450
471
1259
350
326
535
439
511
330
319
380
320
821
1170
436
410
410
330
330
740
400
350
341
332
320
320
490
439
791
360
459
470
531
320
339
318
390
743
419
340
460
582
390
659
583
328
440
595
355
330
390
530
670
430
331
320
570
620
331
611
699
391
431
380
339
320
351
392
640
599
359
360
380
340
330
420
708
621
460
469
501
452
320
320
490
379
464
390
580
360
329
860
319
320
329
421
447
340
320
480
1271
330
321
389
422
390
402
669
319
450
440
350
360
340
321
320
599
1130
430
410
570
460
452
569
320
319
400
459
370
711
951
1171
321
320
682
319
312
530
528
380
509
631
315
389
570
1255
880
469
319
320
510
562
340
330
320
320
320
350
370
450
459
550
560
340
350
360
421
529
380
339
340
340
483
350
320
419
430
591
340
338
360
581
360
529
320
390
370
429
340
340
420
350
340
392
329
320
330
330
319
313
339
513
498
350
320
340
328
330
341
798
720
390
329
350
520
392
409
810
340
351
330
340
350
338
350
340
389
550
383
318
351
397
332
312
319
351
351
320
380
319
421
569
711
320
359
320
319
381
329
321
400
319
338
319
440
319
452
511
359
340
410
542
320
331
340
340
329
321
340
381
319
351
668
320
319
330
330
320
720
389
320
360
340
388
641
390
1180
330
331
319
459
540
330
319
361
320
370
370
400
421
319
320
340
330
320
350
360
330
351
321
370
330
400
479
500
372
350
600
330
338
331
328
380
590
369
351
450
370
360
330
511
560
390
320
320
360
471
330
339
351
420
480
341
330
339
531
400
329
320
369
359
330
340
319
319
340
321
320
601
732
320
351
350
390
530
481
320
380
370
330
350
340
392
400
328
329
381
640
721
320
430
400
320
319
321
340
402
320
330
340
330
341
531
788
350
359
329
342
533
642
330
330
320
332
320
390
329
340
340
359
319
570
338
319
529
420
570
369
670
379
331
321
409
320
331
339
361
411
330
330
350
320
551
431
411
851
620
731
350
369
349
342
320
369
339
440
1060
449
399
323
441
340
431
360
331
320
321
388
431
351
520
469
319
441
378
340
360
509
351
389
449
410
350
330
529
650
370
320
331
349
731
419
401
1010
312
330
330
369
330
319
319
431
498
321
400
350
451
780
320
320
330
330
320
339
330
538
320
340
361
459
339
319
320
330
323
416
479
329
320
320
710
510
410
1099
320
590
419
380
320
350
379
751
430
500
370
341
590
1160
360
321
319
351
829
330
420
320
479
332
358
340
359
321
340
420
400
469
340
499
499
340
399
799
329
318
411
490
420
350
414
329
351
399
612
541
693
560
330
320
340
329
320
410
622
329
381
681
871
340
312
439
490
392
339
330
330
320
399
389
460
558
479
399
329
350
400
429
370
330
400
320
853
359
340
380
580
370
1190
350
329
433
360
360
411
471
431
780
621
1479
380
692
631
888
339
389
438
411
319
400
849
350
680
370
380
538
343
330
330
331
338
341
529
530
370
380
539
800
341
329
320
411
350
439
360
319
340
320
320
341
349
320
330
340
509
580
399
349
339
329
390
330
365
581
1179
319
369
401
320
320
330
341
360
320
360
320
349
330
330
351
320
469
981
329
330
327
340
529
339
321
410
683
440
860
342
319
340
331
370
330
380
369
529
991
322
551
460
330
380
440
579
721
339
341
350
369
320
321
340
320
330
320
319
319
320
377
320
380
490
330
541
889
379
340
327
380
330
390
330
329
341
352
370
330
326
367
380
820
331
321
322
320
330
340
468
330
340
509
929
459
329
361
420
320
509
319
369
328
329
331
551
410
340
318
339
371
338
592
318
320
330
371
319
327
320
320
368
532
490
320
349
410
520
611
910
360
321
320
442
370
340
340
340
329
361
349
370
590
510
899
320
319
331
330
330
320
370
360
330
329
321
430
562
501
529
650
350
370
531
480
318
390
340
340
721
336
630
612
318
339
330
340
320
340
390
1011
321
501
450
521
320
320
408
350
329
540
339
579
343
340
340
349
349
448
381
319
320
510
721
570
678
369
350
320
391
319
369
340
319
350
349
339
619
501
394
1260
380
601
469
320
381
340
330
331
418
329
339
320
430
630
605
749
321
351
439
581
319
340
353
340
340
353
340
541
620
521
460
340
318
329
350
321
510
430
360
339
341
340
1560
389
650
318
338
340
371
390
410
410
320
480
320
479
449
389
1369
399
330
440
320
339
1211
462
567
418
770
680
315
359
329
325
320
480
901
319
361
461
590
342
321
321
581
719
320
330
488
410
329
316
340
390
451
688
319
550
908
329
320
381
330
360
742
460
1121
331
378
331
370
500
521
368
312
521
940
321
320
581
609
320
320
359
421
630
319
390
869
320
318
340
319
1219
370
549
571
412
421
797
321
320
320
1499
321
319
652
321
528
531
320
340
321
359
329
360
340
341
419
339
329
331
460
790
440
439
491
330
370
329
380
329
411
570
539
911
348
318
330
440
419
400
330
319
367
781
349
671
751
329
320
490
349
418
339
351
331
549
361
370
390
560
370
1501
319
320
371
888
330
401
820
329
450
439
410
521
989