62
119.
142.
179.
311.
152
330
330
531
501
360
339
691
671
410
340
312
312
320
520
330
320
408
391
391
319
541
609
330
331
339
340
370
330
451
381
660
440
390
549
380
319
347
320
380
321
360
451
531
469
342
330
488
590
399
390
389
330
350
330
339
470
365
379
323
670
631
931
320
349
338
399
378
320
321
460
449
531
629
590
331
430
488
330
339
349
340
382
509
360
329
319
320
370
330
380
390
468
1000
398
458
440
350
471
356
318
319
320
320
338
320
320
339
392
340
369
522
369
340
358
787
320
602
361
370
411
350
320
460
711
490
312
319
340
340
319
358
430
708
340
360
350
350
2410
400
329
341
350
320
331
429
401
388
508
350
350
352
350
319
340
422
399
512
370
490
418
480
379
320
360
1058
470
599
360
470
340
370
320
371
342
370
410
459
380
537
319
449
380
360
350
359
401
329
328
358
441
380
330
320
1239
451
379
350
742
340
338
322
391
330
348
328
390
609
339
361
351
610
1001
330
350
830
853
510
379
320
421
386
350
350
321
1229
340
318
320
530
592
330
540
1529
320
400
456
380
321
420
320
331
420
330
319
350
699
340
530
390
387
339
371
559
329
320
388
339
370
580
480
340
330
320
369
341
330
329
320
320
399
370
390
361
350
340
331
340
330
330
320
350
320
421
351
360
371
450
649
410
360
420
670
318
649
469
398
320
347
392
330
328
330
392
321
441
391
348
349
349
320
471
358
351
610
390
399
411
381
320
318
360
658
336
518
320
350
381
500
369
570
429
540
397
340
320
408
919
360
321
350
590
321
550
579
489
350
320
387
330
410
440
340
380
320
878
945
391
360
319
342
439
1270
320
378
601
1159
330
330
409
329
351
852
390
561
519
319
521
699
330
351
330
1480
560
441
539
451
320
380
719
972
402
421
379
360
330
409
400
508
570
370
312
701
331
370
381
370
380
538
410
791
337
319
481
368
320
330
320
381
559
330
358
480
330
420
459
490
320
368
320
321
350
410
351
360
348
379
420
450
360
410
520
370
331
319
320
510
342
357
380
360
370
321
361
583
379
419
422
388
370
669
619
321
351
318
401
371
380
1647
440
650
360
370
370
770
430
350
320
459
341
320
330
368
320
912
390
860
520
350
342
359
369
370
319
470
391
381
1238
329
700
479
351
330
319
329
511
512
599
360
468
519
400
370
359
320
320
351
627
470
521
330
359
382
398
378
329
389
331
380
319
319
359
312
540
339
362
339
429
338
321
312
631
680
319
358
321
312
320
440
321
390
370
510
330
330
500
350
582
584
329
312
419
340
358
330
331
662
340
354
330
330
378
339
331
340
360
390
329
380
1092
392
619
560
321
320
521
320
334
320
358
328
439
320
321
438
389
380
370
410
749
388
380
359
329
329
360
401
319
320
320
400
381
951
480
321
350
361
591
370
359
350
370
332
358
701
410
320
380
371
400
519
1190
431
320
410
360
350
402
551
410
390
500
360
350
340
511
999
690
330
330
361
320
441
509
399
499
331
323
739
510
379
360
350
340
360
368
330
429
319
620
469
330
468
480
508
640
330
341
321
320
380
676
420
350
391
533
530
750
330
350
350
359
492
501
508
579
357
319
370
419
491
381
321
1171
341
348
369
560
758
540
319
340
321
591
510
370
410
320
412
508
371
402
370
388
318
360
349
700
351
692
341
540
454
341
344
669
320
540
750
330
399
400
320
340
320
319
320
351
330
330
329
429
330
340
320
419
439
640
341
400
440
430
319
350
410
321
330
320
381
360
441
370
389
319
339
401
381
330
319
400
539
530
329
391
439
1199
341
338
337
339
790
370
430
319
338
361
380
479
600
980
400
390
370
331
371
328
399
600
332
339
570
321
339
449
350
451
418
460
732
490
349
361
346
350
420
319
349
339
430
339
360
319
742
488
389
531
521
351
340
361
601
349
469
351
748
530
480
331
319
320
330
401
580
370
570
867
400
321
481
470
340
350
359
589
551
360
1229
330
350
459
449
1320
420
440
470
371
410
328
330
359
380
358
631
390
411
569
719
389
380
320
470
569
411
319
501
320
519
570
400
339
339
350
339
370
340
350
399
670
411
510
419
340
351
320
360
350
330
339
320
419
329
391
350
390
360
320
440
469
722
329
340
340
331
341
497
330
320
319
350
321
350
380
380
360
390
320
439
581
508
511
470
600
480
360
380
601
318
341
321
351
380
340
390
350
321
320
690
558
790
328
351
370
560
589
491
360
340
360