69
119.
141.
177.
282.
150
292
530
300
299
320
370
430
380
380
297
329
652
351
291
640
47935
400
330
299
320
678
930
290
580
380
289
310
358
379
289
310
300
421
470
379
489
366
701
300
500
300
398
289
300
479
286
440
451
629
779
389
302
309
301
470
1090
1378
289
420
391
290
380
310
1160
430
620
340
290
330
290
850
368
391
431
290
369
340
529
300
470
320
300
328
289
569
339
379
450
439
510
479
321
380
399
310
340
290
291
298
298
430
300
300
390
1258
340
368
420
498
510
331
680
317
320
287
289
322
2032
289
1449
319
310
351
320
522
461
410
631
350
290
299
309
310
309
290
289
469
304
291
320
298
309
380
300
790
621
350
490
320
389
310
310
299
1140
358
309
300
748
540
380
300
321
321
409
420
288
569
320
381
320
360
289
419
578
390
311
299
290
449
688
320
299
349
319
338
290
770
302
290
290
320
351
360
321
331
319
300
440
400
330
290
310
310
391
299
299
310
299
289
285
338
300
440
300
329
590
329
290
320
339
338
582
1228
521
290
340
348
340
291
380
329
330
408
448
960
311
350
319
402
400
698
550
290
291
351
292
370
311
300
350
290
400
491
290
360
349
347
350
291
400
300
472
742
400
542
450
301
330
288
310
379
390
310
398
340
371
318
309
771
492
358
620
361
389
531
301
290
678
300
290
291
300
284
291
291
520
641
387
1810
463
299
400
410
410
379
369
340
480
439
500
360
340
450
659
1369
1270
290
289
291
507
470
580
396
381
328
298
370
300
420
300
290
290
412
433
540
749
299
290
290
911
310
459
500
667
399
509
461
310
311
380
287
451
760
370
350
348
430
341
461
659
390
401
300
290
320
291
330
310
320
309
320
711
410
730
290
371
339
351
360
671
788
381
290
379
290
410
310
309
544
380
320
290
380
611
391
330
380
290
1271
290
302
300
290
440
390
590
311
360
290
589
502
308
478
300
341
298
490
430
469
291
462
361
290
290
512
390
300
291
430
489
300
289
351
491
301
350
309
298
336
478
441
650
480
321
290
309
309
477
820
470
420
290
288
291
290
760
329
1080
480
339
561
460
298
961
291
300
340
360
641
619
391
571
508
471
391
300
349
290
1550
490
350
340
721
650
360
360
647
291
301
530
591
341
311
510
290
330
430
642
408
479
341
389
47909
458
340
320
302
291
330
369
369
340
591
331
370
300
300
448
299
510
360
320
308
289
450
520
652
369
359
351
361
818
720
380
411
300
451
300
313
480
580
519
417
313
358
300
500
569
380
330
290
1239
1528
360
600
350
309
300
393
359
709
301
310
500
468
570
300
490
283
290
301
340
332
320
670
350
320
320
309
402
300
338
310
430
381
400
309
499
399
330
340
681
289
290
380
300
351
420
310
290
430
671
299
398
420
569
300
379
519
309
349
429
290
380
1780
385
1420
300
500
420
473
751
420
309
440
651
1137
308
350
290
288
388
291
290
300
310
291
498
320
320
769
360
360
400
290
299
1581
283
290
410
340
308
720
300
371
410
348
310
350
300
299
361
330
291
290
289
300
331
451
309
648
339
299
299
299
299
419
312
379
360
471
369
700
338
382
388
291
358
304
305
290
299
290
300
300
319
410
386
300
320
288
431
609
369
307
288
1462
290
1251
290
283
339
390
339
301
300
289
311
359
299
352
310
330
519
340
330
739
520
290
320
319
370
470
381
290
301
311
320
339
284
360
320
339
310
432
400
441
803
370
430
400
541
584
522
340
400
311
318
319
288
379
321
339
320
299
290
460
380
710
380
410
288
309
351
430
570
761
329
299
399
558
629
319
298
521
521
420
330
438
488
350
430
301
539
389
400
460
458
610
400
558
459
339
297
309
350
381
300
400
360
300
1629
669
479
780
309
1141
470
552
317
480
368
580
289
290
328
1229
562
425
380
299
450
430
740
300
310
298
600
410
379
409
290
329
299
310
290
330
717
291
289
498
509
289
300
581
691
328
402
669
488
949
319
338
360
410
611
538
319
290
462
368
481
289
490
380
322
349
319
290
289
320
542
331
522
689
290
490
430
300
349
299
308
310
419
400
480
289
290
310
727
307
290
381
408
290
370
289
350
519
350
570
619
300
290
420
550
297
289
309
749
490
287
302
350
339
430
289
289
310
309
291
509
450
600
569
561
359
572
670
291
420
320
290
288
289
410
330
361
290
290
318
398
290
323
471
399
670
290
420
670
290
380
290
360
380
350
300
320
310
288
288
452
930
719
290
420
460
370
290
371
603
367
299
320
290
309
300
337
306
320
441
349
324
300
783