70
140.
165.
199.
310.
173
369
461
579
560
360
1299
460
760
490
351
312
430
631
392
441
948
388
1240
410
759
320
320
360
510
650
369
330
461
431
459
469
360
1589
320
410
699
340
360
721
551
580
321
331
323
340
332
419
560
360
739
439
380
491
519
311
361
330
320
311
320
339
620
330
629
650
450
340
330
713
320
483
332
320
440
511
659
320
422
577
400
340
330
469
311
320
430
410
617
782
320
380
370
370
472
510
410
741
871
320
330
319
360
351
360
411
330
330
321
371
490
330
311
329
370
509
491
559
350
323
360
332
320
319
501
429
420
393
560
319
340
330
329
400
349
318
319
490
369
500
730
410
530
650
342
319
338
510
319
721
663
480
420
320
350
351
410
432
320
319
330
320
390
320
330
371
350
440
440
801
399
330
490
730
400
360
319
319
311
630
421
470
350
536
589
710
709
680
861
619
519
400
329
421
782
389
360
361
341
330
410
603
343
391
408
390
420
340
320
330
321
471
430
320
329
440
341
401
330
736
320
320
320
332
351
432
750
490
360
339
319
370
321
350
320
370
331
313
320
351
379
700
328
400
320
370
321
340
350
339
320
440
781
382
709
410
423
889
331
360
349
480
431
359
420
329
339
779
410
390
390
421
329
311
330
318
340
360
338
311
330
501
371
592
389
350
319
450
659
360
319
400
330
581
730
361
499
351
360
739
348
320
349
390
320
329
370
518
419
329
419
362
670
329
330
350
330
611
682
311
330
311
380
712
560
410
490
340
481
400
630
318
340
530
810
429
359
420
360
629
580
330
319
311
311
341
369
390
390
470
379
409
330
311
351
481
1561
319
320
336
530
920
350
331
330
380
371
400
481
449
548
320
311
328
330
361
318
690
931
729
320
311
361
319
320
351
510
710
320
1220
348
409
320
351
330
339
318
390
339
330
601
311
349
319
570
551
330
487
320
311
311
328
360
430
709
460
780
382
480
343
370
350
339
320
320
350
380
330
491
329
430
440
619
409
760
320
350
347
329
339
371
379
380
331
319
341
341
311
350
311
351
391
390
341
653
379
1281
350
369
328
330
340
360
342
320
411
320
369
340
320
320
1320
350
430
311
321
439
519
340
311
485
450
320
350
320
581
370
361
320
320
320
360
451
548
340
349
349
430
403
579
570
411
534
410
695
400
489
329
350
560
490
339
421
399
352
401
391
638
330
320
330
340
370
572
479
340
312
349
559
390
571
411
568
390
330
352
640
339
320
320
350
319
500
720
560
565
390
320
330
319
340
330
331
332
742
347
360
410
349
432
400
367
322
380
320
354
330
320
349
322
711
359
500
410
329
400
340
489
702
368
101556
311
389
400
609
340
330
332
424
541
382
390
470
349
330
330
350
321
329
332
440
520
523
508
380
340
340
320
360
319
491
430
550
380
319
380
431
572
318
330
320
360
321
321
349
315
501
593
371
320
371
1108
338
420
554
783
340
330
371
332
311
320
329
810
410
320
501
460
330
350
340
361
350
390
770
530
530
320
1049
316
351
390
311
320
340
330
318
319
500
331
518
391
370
412
330
349
398
311
571
360
319
481
420
318
420
508
388
450
699
411
322
428
371
395
689
672
550
619
859
620
760
420
330
538
791
391
670
380
320
350
329
428
400
440
450
480
390
340
370
358
391
501
1221
320
311
311
319
480
680
350
460
549
372
319
319
330
590
361
340
339
330
449
590
359
591
377
571
330
319
319
331
320
389
320
360
319
311
319
370
329
499
461
1316
442
879
339
350
359
380
332
371
313
401
570
311
380
320
401
519
530
340
340
329
340
317
391
530
381
330
360
600
398
681
369
389
331
458
490
340
321
320
553
329
340
329
362
320
320
931
320
519
320
320
330
380
311
327
538
390
370
499
330
422
370
320
329
320
319
330
350
320
841
400
497
340
790
420
370
320
321
320
329
340
319
370
339
461
470
490
350
371
659
571
591
320
390
399
360
350
319
320
320
399
340
360
320
320
522
359
449
419
361
341
320
330
320
470
601
360
1231
519
312
312
330
340
314
329
340
469
329
460
888
460
381
340
319
328
731
311
340
340
358
1130
420
330
420
350
311
369
331
350
783
322
320
320
441
471
601
1350
319
480
610
380
411
330
360
350
350
330
319
339
487
320
480
980
450
400
319
341
339
320
611
350
542
340
330
380
320
360
521
810
708
370
901
361
341
399
581
509
380
561
510
320
339
561
329
330
380
339
420
380
661
360
370
730
317
350
319
430
311
311
319
349
330
487
530
699
359
320
381
430
610
531
398
380
529
381
410
401
730
489
427
740
680
371
521
489
470
980
550
330
312
379
460
418
311
540
549
484
950
530
330
340
340
511
340
419
360
680
321
660
460
340
769
363
359
318
687
370
460
780
560
320
320
330
360
339
1550
700
639
400
480
569
420
389
530
320
340
341
409
410
660
910
341
320
320
340
320
389
511
421
369
320
319
319
329
571
1399
409
1218
318
390
322
320
458
520
340
339
321
921
460
390
470
329
341
349
359
320
320
350
320
460
321
319
470
380
690
370
350
320
349
380
360
361
770
399
800
380
320
330
460
949
340
321
357
320
390
381
311
319
781
370
389
569
330
540
470
429
430
342
320
320
330
319
331
369
391
490
331
449
320
479
808
379
370
550
610
450
350
320
330
429
362
470
331
349
507
531
681
640
899
842
599
471
471
320
480
530
410
1539
319
320
330
330
329
409
416
520
369
391
409
397
359
339
350
420
380
392
330
349
370
319
311
320
420
1560
650
457
319
360
340
400
320
370
358
320
441
371
500
379
330
311
399
580
318
321
311
330
340
320
330
371
470
359
530
440
520
602
320
348
319
338
400
321
340
370
1521
551
540
519
571
397
534
324
311
360
340
419
450
869
359
320
389
330
380
329
319
350
350
360
320
592
720
1390
339
350
320
522
429
320
320
339
620
399
399
579
819
329
500
599
320
329
330
320
340
321
320
731
671
519
461
359
340
330
340
379
341
460
350
320
340
311
319
340
499
473
540
690
719
491
391
340
340
311
318
339
560
670
360
320
600
381
444
838
360
380
708
320
340
325
350
320
339
321
449
440
340
331
344
339
520
651
1610
369
330
320
373
380
311
431
332
340
329
492
1459
327
338
320
318
337
319
361
320
340
431
1280
400
319
349
459
399
311
1129
339
349
580
780
319
390
511
360
591
500
561
320
329
328
340
959
470
381
350
361
360
333
421
329
320
329
340
341
399
500
370
331
660
320
580
311
351
350
750
721
329
328
470
360
1220
360
398
340
579
421
350
382
311
311
610
680
430
481
314
351
471
320
1301
320
400
342
400
320
1161
421
549
741
350
330
431
502
397
511
340
320
633
610
450
1410
311
330
329
331
320