60
101.
129.
152.
279.
137
390
290
329
299
671
409
380
287
358
370
510
321
289
288
419
370
349
1489
494
431
290
301
690
599
472
539
310
519
289
289
290
540
570
1660
379
859
2609
2840
459
761
430
937
568
337
1590
319
350
379
1200
370
369
369
351
351
399
388
301
2828
392
361
350
583
1179
421
309
321
298
1179
290
1488
408
347
702
369
3180
520
1628
2337
2789
355
320
440
332
418
1122
348
290
1627
397
481
389
1369
789
1159
1377
291
394
320
430
311
321
389
378
627
330
280
3110
3188
559
508
297
430
410
330
371
309
3100
378
340
3232
399
360
360
369
647
370
552
690
380
419
350
1140
487
298
1018
878
460
687
320
312
320
572
438
410
324
538
289
3189
389
380
371
418
928
3010
3088
840
308
407
310
300
800
718
440
332
379
361
361
309
428
325
369
629
1738
291
450
450
520
369
338
311
638
529
2487
782
1108
2420
431
579
520
3400
419
290
590
420
342
389
511
299
368
878
3171
1540
478
342
719
2658
370
591
459
370
439
369
638
400
1429
1947
2977
1310
1569
469
341
609
571
461
769
590
348
400
388
1089
2899
900
360
289
428
979
378
379
346
1198
358
1467
461
509
1371
499
281
1129
549
449
3469
1869
432
530
410
368
2239
628
490
349
398
1671
290
3117
1529
280
347
1289
2620
391
531
280
519
369
3149
312
700
397
300
432
530
560
860
930
1709
280
294
280
420
611
397
330
329
1482
668
323
397
528
450
552
340
357
1990
1903
3080
2051
351
791
490
3201
3330
3329
3021
569
449
339
291
350
1152
848
390
2498
2119
857
2058
510
288
501
290
640
309
439
290
318
389
358
588
3130
547
397
350
501
619
529
1139
299
1219
679
349
309
410
413
320
591
458
649
889
538
309
375
371
570
310
310
299
1709
930
408
1708
398
2959
1879
401
510
420
400
1181
1127
562
711
3159
389
398
2288
289
314
359
2237
661
419
379
559
370
569
468
490
439
470
349
752
689
837
980
337
368
469
460
1229
310
289
298
1349
291
511
380
320
349
329
571
569
398
351
1719
320
1479
458
3738
3270
1881
3064
420
708
330
456
370
409
1139
382
491
379
3498
1891
398
1569
1890
309
1288
1757
299
572
582
551
428
309
2620
289
658
308
326
1929
1918
311
350
321
308
2710
290
402
280
408
572
301
3101
3432
368
825
309
1229
297
346
290
2621
319
368
411
319
487
281
490
369
368
353
3249
1720