60
100.
120.
149.
229.
126
250
230
411
240
311
752
251
239
230
270
269
380
510
1191
249
240
269
231
269
540
362
230
270
510
549
250
239
238
240
230
239
232
291
581
319
246
3349
3020
959
259
521
250
499
280
237
259
246
236
351
1089
230
260
389
779
370
353
250
230
231
310
250
291
371
479
240
320
230
230
240
241
242
251
230
240
243
246
251
240
240
421
491
677
258
310
379
300
390
230
240
264
260
240
239
230
230
570
550
300
248
240
250
230
230
230
411
1003
390
247
240
240
240
312
401
329
230
230
240
371
281
423
349
239
235
230
251
291
251
341
500
259
240
233
231
279
271
278
280
230
329
658
668
230
250
241
239
329
760
539
240
230
250
281
250
231
259
239
236
230
241
230
238
230
280
440
660
261
260
249
360
491
621
240
250
264
232
270
243
240
249
260
261
238
239
250
250
240
240
271
341
551
429
380
271
461
330
529
250
231
239
249
260
231
230
230
307
250
452
679
291
616
389
361
230
230
238
249
246
271
237
230
241
230
250
370
340
350
381
230
400
810
550
280
331
260
250
250
249
258
247
250
230
271
422
330
631
245
240
240
309
299
768
270
270
240
240
238
259
238
239
231
249
239
310
240
235
418
610
230
230
240
270
241
250
299
391
350
250
247
231
331
260
259
240
240
280
240
259
230
232
260
231
230
311
508
572
441
1340
240
248
230
240
238
231
273
230
239
240
391
601
359
241
270
240
330
230
249
440
520
401
381
288
249
260
240
271
560
501
413
250
350
230
279
230
290
290
311
580
391
260
250
230
249
231
259
260
270
240
592
719
238
240
230
238
230
250
231
290
230
230
230
307
230
249
239
279
286
231
240
230
569
491
258
231
322
553
261
348
241
290
231
231
230
230
300
239
241
231
360
313
408
590
339
338
940
259
289
238
280
230
240
231
309
680
260
250
259
408
381
336
230
381
231
230
270
239
269
240
246
230
266
230
233
529
528
300
240
230
431
776
651
240
259
294
230
240
230
249
240
232
232
243
258
240
370
500
329
258
392
582
318
251
230
230
250
288
260
245
241
1551
250
249
230
249
280
490
559
262