70
140.
168.
200.
330.
174
340
349
400
410
471
1218
550
730
340
359
1120
349
490
420
531
388
350
400
439
421
527
379
371
760
1559
340
339
549
370
491
349
341
540
548
340
361
360
370
343
480
431
529
340
1271
349
530
369
350
351
379
370
410
731
340
370
690
340
340
410
349
380
476
611
341
400
430
331
571
350
360
451
769
380
390
348
349
334
467
451
361
389
469
631
340
838
369
381
480
370
431
409
1490
358
340
361
389
621
520
390
721
340
351
480
331
332
680
1380
439
341
349
370
349
360
359
370
350
390
380
351
351
368
438
588
400
369
331
347
340
620
590
590
450
340
370
390
340
490
540
360
339
360
341
359
410
752
358
510
422
378
340
639
399
581
360
390
331
430
481
599
439
412
360
1000
440
621
390
360
339
350
331
380
340
339
350
451
558
400
583
606
1240
350
360
401
360
369
379
340
390
341
340
1451
340
349
440
500
718
350
410
581
440
407
340
349
1471
340
421
719
390
371
340
380
350
340
372
349
360
390
410
520
782
350
370
390
331
341
720
570
350
351
350
460
1031
380
500
340
380
390
490
360
390
341
340
351
360
409
370
500
400
559
380
349
341
560
560
360
411
1190
350
410
380
490
568
401
438
461
410
470
609
331
363
360
440
361
1129
670
541
390
640
800
519
659
349
350
350
350
344
339
382
378
348
410
331
470
641
579
460
361
341
390
340
370
591
770
332
450
370
371
1551
740
332
370
651
400
391
531
1190
350
349
471
549
340
481
360
370
331
560
520
350
555
781
349
340
400
430
640
391
339
519
360
340
1120
412
361
348
380
370
562
519
613
430
379
371
410
661
360
381
540
831
346
438
471
559
362
339
340
340
400
470
419
340
391
1179
348
432
559
562
349
458
331
479
340
511
400
901
360
352
390
380
420
360
410
439
388
430
336
450
450
429
610
620
532
439
359
350
430
1271
340
339
410
400
499
761
501
340
345
399
391
480
341
340
370
529
631
619
440
350
1150
751
1389
359
830
430
359
369
611
570
371
339
339
460
341
381
418
838
350
339
649
632
340
591
750
847
350
350
340
349
411
350
860
440
332
351
709
659
351
409
375
340
359
391
410
331
331
340
402
388
400
581
411
840
459
560
391
350
392
390
400
559
390
430
440
340
380
420
601
580
490
369
530
560
560
460
360
420
379
520
460
340
340
591
508
339
350
730
350
340
340
453
490
521
350
540
520
411
409
340
350
411
349
381
478
581
349
657
360
340
361
389
480
400
370
340
359
439
350
719
389
360
350
380
641
390
450
400
360
340
361
378
640
340
411
381
350
751
337
339
390
441
391
470
369
531
569
831
512
424
338
480
410
640
500
409
380
519
429
372
350
342
581
370
454
670
340
391
599
423
380
360
341
359
389
390
340
350
341
341
350
340
761
730
357
401
380
570
370
418
650
379
401
390
449
339
841
360
339
334
419
377
411
339
370
342
379
360
410
511
380
440
521
341
340
438
520
621
360
358
332
390
359
368
342
520
620
371
350
351
370
342
1189
570
419
469
440
640
480
360
339
351
1139
341
1139
360
360
360
369
430
380
380
470
1430
350
331
1170
388
460
389
400
380
361
331
399
389
370
389
510
409
431
359
360
520
541
350
360
632
372
353
341
339
531
1159
351
610
333
360
340
339
370
350
340
662
439
639
402
380
409
419
359
580
610
358
350
349
370
359
459
360
530
770
539
491
350
331
451
360
440
350
340
391
347
350
530
490
350
332
340
339
411
661
350
340
340
539
562
331
331
350
359
351
541
710
380
480
580
350
360
360
339
360
360
369
462
808
340
349
401
849
390
460
669
490
425
352
1289
333
370
370
332
581
379
492
331
646
331
400
341
591
331
523
380
339
340
360
400
441
450
640
340
339
341
350
619
399
340
380
509
579
340
370
390
340
351
521
427
340
462
369
441
340
370
390
350
420
531
459
350
333
451
559
370
398
341
400
341
369
350
460
620
379
351
619
379
338
361
350
340
399
340
360
731
340
590
359
461
382
380
360
390
370
409
350
450
390
711
1259
350
390
411
397
430
361
400
370
359
682
540
380
751
350
392
359
359
359
399
331
360
420
360
432
730
399
420
740
420
331
379
470
730
382
569
1179
769
651
539
350
360
360
450
459
510
342
379
420
350
357
840
480
350
340
458
410
370
589
379
338
782
360
420
450
350
349
441
630
539
350
670
540
590
762
1159
350
340
399
331
391
393
911
419
1181
1172
563
603
391
701
350
370
370
380
349
410
401
398
522
407
441
582
483
509
340
339
339
459
470
390
379
570
650
540
340
1370
409
350
530
699
340
340
439
372
370
370
450
341
370
389
359
580
460
410
350
400
800
370
340
369
380
450
550
542
359
530
780
339
600
691
340
350
369
340
441
593
346
1651
640
909
339
371
380
334
410
350
380
494
719
421
350
378
359
1603
399
401
390
360
410
332
650
381
341
1560
370
378
360
440
439
419
350
378
562
658
356
369
461
450
471
410
1180
391
360
589
789
340
339
340
609
350
338
382
410
881
668
589
410
349
339
340
349
350
389
350
340
331
370
361
510
539
600
340
331
340
370
360
489
463
350
370
350
346
360
370
360
340
340
350
360
410
340
491
930
340
380
339
340
349
379
340
370
389
801
1610
362
510
849
339
360
331
459
380
440
420
390
350
591
407
350
349
486
930
339
350
381
350
340
350
341
338
400
591
369
410
520
1210
360
350
399
350
472
500
338
470
611
340
417
420
698
351
340
350
712
400
350
352
459
571
380
350
378
350
380
370
359
340
350
410
581
890
340
390
339
380
339
340
340
360
350
460
340
350
359
451
800
569
569
399
370
340
369
391
349
350
408
499
370
370
559
340
339
541
529
369
390
351
401
370
511
389
449
399
532
460
730
340
380
349
331
409
1250
339
429
360
551
601
340
580
538
360
341
360
341
360
341
379
549
349
390
404
360
350
561
560
390
609
400
449
351
370
340
360
370
350
350
359
339
410
381
509
358
340
548
350
809
462
350
602
712
1270
371
370
446
751
527
340
339
341
360
491
450
340
370
460
369
491
341
590
510
428
400
790
340
371
351
380
560
668
389
511
340
350
340
331
369
421
369
641
886
359
340
331
610
521
399
350
371
370
360
340
549
529
490
521
350
1120
380
340
390
379
380
410
371
550
510
490
520
549
361
342
349
410
350
399
389
450
389
720
570
531
410
630
341
390
388
410
350
379
450
370
340
331
450
441
610
380
940
538
369
360
371
367
491
332
341
389
350
470
369
689
810
440
341
339
570
489
400
589
769
840
1379
390
780
502
380
369
350
340
340
553
778
389
429
651
360
350
350
389
651
460
651
899
360
349
350
341
350
390
392
738
390
349
381
341
601
341
440
380
739
417
370
419
352
410
1201
339
361
339
390
439
410
371
456
351
441
349
331
370
529
600
730
380