79
150.
179.
209.
320.
182
439
390
600
430
827
649
342
620
620
370
391
830
530
1320
1230
360
369
1340
349
511
510
1218
358
482
499
339
479
542
1202
330
350
380
369
380
350
330
461
762
361
390
323
331
361
339
340
350
331
430
730
1290
591
510
331
335
330
350
361
331
321
340
529
328
330
399
350
621
759
720
360
341
340
371
329
321
329
350
338
329
361
359
351
351
369
330
340
640
340
1441
379
340
359
380
330
330
330
359
370
330
330
330
330
410
499
360
410
470
360
379
370
480
798
430
340
349
340
410
399
368
560
330
321
340
339
339
499
440
609
781
520
342
370
341
329
321
350
330
321
321
329
341
561
332
352
430
620
410
429
340
367
330
379
593
479
328
330
339
350
328
340
359
1330
361
420
730
600
338
360
340
350
379
550
601
339
520
1390
350
420
540
440
349
369
330
339
360
340
480
892
330
350
340
709
639
370
358
359
410
650
382
540
340
340
370
641
330
552
388
400
387
330
351
333
341
340
470
369
329
360
540
630
359
329
321
390
331
578
350
340
380
430
409
451
432
337
541
490
330
321
482
450
338
390
390
350
420
340
330
600
356
360
410
340
340
430
540
591
337
620
600
410
410
330
342
340
331
360
420
831
610
360
398
570
429
341
1400
380
340
333
330
401
329
340
1020
370
581
579
335
321
480
539
1150
360
371
360
540
400
960
630
339
350
591
569
340
341
480
350
339
330
409
790
628
409
699
329
1171
330
380
349
429
730
459
570
750
379
391
550
542
350
381
619
410
429
341
330
352
358
340
1240
370
340
351
330
329
331
1138
409
628
630
580
631
400
340
338
362
331
540
1000
329
361
340
351
350
541
338
440
379
420
749
873
349
360
489
1141
419
800
610
382
1511
369
1169
395
571
578
529
322
321
463
490
471
321
431
408
410
598
610
410
330
460
481
570
571
528
362
880
420
370
341
380
564
410
420
401
329
330
442
561
1030
380
440
360
652
449
330
409
1130
350
400
440
330
461
778
1260
679
440
340
391
380
323
698
381
1531
481
330
400
470
321
390
681
420
730
691
540
780
331
321
329
500
1170
330
350
1321
1180
350
590
420
330
351
409
620
360
670
700
360
340
410
346
370
330
419
321
338
742
332
328
329
323
326
330
359
359
339
330
610
500
732
350
330
329
1240
354
340
349
329
327
339
387
353
339
380
455
359
330
330
340
330
632
501
400
459
441
380
339
359
329
330
330
381
390
328
328
571
391
680
330
331
518
325
339
387
321
337
339
327
391
349
412
350
540
329
351
370
430
330
341
850
380
360
323
340
330
340
680
450
380
333
377
328
370
390
341
339
499
441
331
731
467
431
750
378
340
330
329
340
331
340
399
571
930
759
480
339
330
360
361
400
461
322
341
329
339
468
470
329
769
620
340
330
361
400
329
421
329
328
330
510
410
491
340
330
1590
350
330
430
500
580
569
430
330
331
321
332
552
430
330
349
368
340
369
339
393
398
551
519
329
321
329
330
359
349
570
350
429
499
410
380
340
340
360
389
330
460
640
330
450
359
321
401
571
399
372
391
758
410
631
601
321
401
479
431
380
361
370
349
341
341
671
619
347
349
340
330
330
360
509
571
402
330
601
730
591
331
360
474
401
473
1220
389
422
1278
331
440
331
341
360
329
403
1229
329
409
619
521
440
330
340
321
360
329
329
329
580
411
631
459
580
331
370
680
360
330
410
729
331
409
359
430
450
409
330
389
390
330
330
330
338
480
629
360
551
351
388
593
600
330
352
340
371
490
329
339
331
340
460
500
342
368
330
520
391
530
380
460
401
614
531
400
369
338
379
551
500
340
420
572
321
329
450
431
1320
530
420
350
370
339
420
502
341
691
673
376
321
400
391
389
380
331
482
599
350
322
329
321
642
370
328
428
349
553
378
330
341
473
350
330
330
348
660
490
632
414
440
329
421
409
661
420
410
489
340
339
362
380
329
650
568
371
351
321
572
419
449
321
419
640
730
720
330
631
529
490
360
370
519
390
330
710
420
378
460
471
448
383
408
640
411
418
371
689
409
651
566
351
330
491
669
361
720
340
1250
350
331
1221
1330
499
484
370
329
409
668
329
340
358
381
341
330
680
541
351
330
380
341
350
350
360
321
340
742
514
370
450
489
330
329
330
401
337
361
342
321
340
511
662
655
491
430
428
398
331
339
350
350
322
350
333
336
1170
478
391
370
391
430
350
359
560
422
358
321
330
325
340
340
329
364
350
350
329
490
368
339
381
400
439
350
391
350
350
351
561
679
375
321
340
330
341
330
323
340
340
322
391
552
722
331
351
370
390
329
321
350
389
341
630
722
349
400
689
390
751
330
330
330
340
350
331
330
370
350
330
359
410
381
732
339
480
360
322
331
328
372
659
370
330
341
330
339
359
779
330
371
381
359
590
323
349
330
326
331
380
329
347
331
330
450
329
380
331
330
1341
331
379
330
350
330
439
420
322
490
360
330
380
380
379
430
480
349
390
573
321
350
370
330
661
499
520
351
360
338
330
370
331
321
361
339
458
340
1401
330
350
340
359
429
380
449
340
450
331
330
330
428
591
341
451
368
530
340
331
430
1071
399
329
331
321
340
370
381
402
511
391
391
330
330
381
454
669
430
660
321
329
449
421
350
330
359
459
338
371
330
541
439
380
411
1130
430
349
361
340
400
760
341
350
357
620
1150
396
432
329
390
450
490
330
351
330
571
469
330
541
710
358
370
330
340
600
331
419
690
413
607
570
390
330
400
332
369
340
330
491
666
330
571
350
400
330
390
371
399
1570
388
771
390
360
360
520
330
343
330
479
341
1392
360
340
359
359
392
379
339
330
379
491
430
329
599
489
398
470
359
329
370
601
449
430
321
331
339
390
371
990
380
340
330
449
441
440
420
632
360
420
652
350
410
370
521
518
487
510
508
330
420
369
370
851
399
477
350
321
501
481
630
380
380
448
630
359
489
388
488
420
381
410
410
370
840
441
622
401
331
470
371
331
340
458
368
360
680
410
340
470
1480
850
329
369
369
400
483
350
631
370
1249
351
330
329
331
321
1339
470
330
560
570
380
341
349
391
500
399
361
330
379
350
349
350
390
570
911
330
329
351
329
340
339
339
520
380
731
339
359
361
383
350
341
329
647
850
340
642
578
420
550
331
350
351
330
409
322
369
382
360
361
370
1269
360
690
390
338
369
408
329
451
540
350
1750
349
330
328
390
378
321
350
331
360
332
340
330
380
330
330
590
550
360
351
1221
401
419
400
328
340
390
790
638
340
338
369
340
321
321
359
380
321
429
446
540
580
390
360
1210
339
321
340
348
370
340
329
340
350
492
1029
359
340
401
339
532
789
329
338
329
401
339
339
361
325
411
330
350
371
322
390
391
409
361
480
322
350
630
330
330
340
1328
339
323
330
359
349
350
340
361
330
401
330
341
381
530
669
361
349
340
361
332
360
330
1220
321
331
339
321
328
408
389
350
350
330
380
670
410
340
349
760
460
538
430
400
363
360
820
390
380
330
552
801
419
470
349
400
340
330
338
330
340
330
340
347
711
820
370
721
430
366
351
331
930
541
339
451
399
403
370
470
330
330
329
380
581
370
331
430
639
620
321
321
461
370
639
389
400
321
371
400
451
930
469
352
370
330
341
619
1020
349
321
340
369
321
469
430
511
331
610
440
590
499
330
389
331
331
339
410
362
1259
1241
370
610
741
420
339
739
738
360
390
431
330
389
369
329
430
350
330
751
650
340
321
520
590
1140
529
430
341
329
560
631
341
330
439
1431
413
337
380
331
1650
491
359
429
349
352
330
370
611
528
350
480
480
450
540
1269
430
438
540
540
330
341
509
1198
380
340
1021
379
370
330
390
671
691
380
329
1322
419
350
321
429
762
479
380
501
450
391
371
390
510
890
420
329
331
330
350
629
542
940
709
340
331
601
687
522
561
408
643
412
581
462
410
711
560
699
391
428
350
480
360
398
339
330
329
360
370
359
340
469
420
340
330
780
638
858
520
480
348
549
439
422
379
718
372
440
380
460
372
790
1300
622
772
340
440
420
491
409
460
371
360
740
489
450
1799
370
440
707
661
881
689
1492
411
549
569
1131
499
711
520
411
391
530
1989
480
539
410
430
1742
449
788
450
621
759
481
659
670
390
811
569