57
100.
120.
149.
260.
129
380
398
360
542
569
261
320
300
263
390
460
300
270
329
340
410
261
299
270
280
330
280
329
269
267
311
280
275
316
300
279
280
290
450
1218
280
340
309
269
330
280
320
310
270
270
261
317
269
290
271
289
390
592
360
440
283
261
271
279
270
298
501
649
301
289
280
269
280
289
261
279
301
279
269
401
481
379
289
266
271
310
349
358
300
270
309
291
270
420
309
271
263
351
280
278
370
670
280
271
288
320
270
271
531
441
369
360
291
309
280
270
279
269
267
300
281
451
438
509
309
270
268
291
261
270
320
497
279
330
271
311
310
272
320
451
351
380
439
269
261
491
349
697
279
261
269
280
320
300
261
270
270
280
280
310
353
300
271
280
310
269
270
261
300
300
381
542
279
330
280
280
362
460
738
300
280
270
290
441
270
269
279
263
350
280
300
271
279
291
261
320
560
361
280
270
270
319
269
371
523
390
280
272
269
272
270
328
310
290
351
692
279
291
290
269
330
570
381
370
411
275
278
321
693
270
291
269
290
262
289
300
330
310
273
310
290
268
733
318
290
262
261
309
310
270
440
611
429
340
273
268
279
300
371
778
390
262
267
281
300
269
271
290
270
280
300
279
290
1151
320
330
398
612
300
262
279
300
328
771
411
269
290
269
320
262
299
310
290
290
301
271
551
381
329
370
550
279
290
271
300
270
270
328
269
270
543
418
450
308
360
571
520
281
270
299
321
549
270
500
309
301
261
290
280
701
588
272
289
291
290
300
339
320
290
349
300
291
399
660
280
420
311
672
281
269
290
299
451
960
362
1280
320
276
278
270
310
461
320
281
309
309
270
310
267
439
398
299
300
433
339
389
300
329
290
349
290
279
310
471
930
290
469
573
570
341
264
267
280
280
390
299
281
469
679
300
280
319
270
341
993
440
282
351
421
290
359
300
271
261
271
263
420
349
329
652
951
281
289
502
299
261
279
280
270
269
360
810
530
392
1366
270
301
291
350
261
270
271
264
361
499
540
369
582
950
290
281
266
290
310
262
279
1211
390
511
510
274
290
279
290