64
111.
140.
170.
280.
146
691
649
341
542
309
299
299
470
289
362
399
330
460
470
572
299
422
289
320
361
542
430
430
371
380
295
290
293
339
303
281
462
710
399
479
523
300
328
540
441
370
291
310
281
388
290
340
367
341
680
538
311
290
428
602
367
281
329
300
340
771
369
351
379
621
290
289
330
298
319
289
299
331
460
790
520
310
290
300
299
290
289
370
441
669
339
341
304
360
300
348
398
379
317
591
401
300
360
329
290
370
340
288
451
549
540
318
329
340
419
300
290
310
281
329
299
290
299
289
360
290
539
610
380
470
341
380
538
432
589
309
350
289
290
390
300
349
302
281
309
400
339
680
580
289
290
329
290
561
509
310
300
353
612
618
350
289
341
420
460
320
320
310
310
289
393
300
370
290
300
493
529
310
449
1169
350
368
340
329
311
299
290
310
290
292
319
507
339
570
509
694
400
290
291
340
310
299
770
289
298
341
310
539
290
340
290
318
290
572
390
570
290
310
300
320
349
290
420
381
330
300
411
289
560
300
320
310
620
619
310
310
360
351
290
411
329
290
288
291
412
332
299
290
300
289
319
340
290
759
329
293
290
289
330
340
288
350
310
319
581
449
479
401
550
289
1149
299
289
291
608
410
300
290
390
359
359
290
290
409
512
558
611
1348
288
311
350
310
300
376
299
699
322
299
289
312
301
290
290
369
489
620
440
430
300
660
320
369
310
320
309
310
349
300
319
400
399
330
320
320
290
350
552
400
320
320
290
361
292
300
290
283
302
548
542
600
520
360
300
289
392
291
281
479
600
410
301
291
310
330
309
438
581
450
290
420
410
620
296
359
350
290
300
301
489
388
411
320
289
310
300
409
300
300
322
324
369
501
440
510
300
320
610
290
340
292
379
420
300
290
290
582
810
290
400
550
690
320
771
1349
330
320
299
581
370
360
498
370
300
461
430
420
400
330
290
311
311
671
330
701
300
330
451
418
640
301
319
391
300
310
339
422
339
522
531
290
319
310
331
301
350
299
290
591
310
490
470
349
460
340
312
329
630
289
310
349
284
350
459
390
659
401
394
820
400
289
459
800
308
381
350
310
480
590
314
350
350
310
371
835
310
358
362
307
320
357
460
591
509
349
321
290
948
290
281
500
371
340
290
391
540
281
282
350
310
360
420
531
289
291
329
291
549
310
290
340
748
380
360
349
292
319
563
485
640
459
300
301
313
310
352
290
300
301
290
368
281
310
380
493
390
841
631
289
340
292
290
330
400
418
390
300
541
748
301
311
310
310
319
370
328
290
390
340
341
791
520
300
290
320
312
410
618
290
622
819
349
530
554
410
310
320
340
390
285
1419
349
291
299
290
410
300
289
349
320
370
360
309
348
532
359
701
547
289
291
319
290
380
290
290
300
543
349
608
290
330
301
290
400
310
310
413
450
361
576
310
281
320
600
309
370
354
449
501
299
651
380
328
351
560
1210
311
286
290
289
291
299
311
328
451
522
1140
410
1423
440
400
320
350
298
289
480
319
291
290
320
281
310
550
529
479
290
311
310
318
420
489
299
630
321
330
340
418
305
505
281
290
291
300
290
531
350
299
579
306
328
290
300
350
320
310
320
321
577
357
320
569
320
310
290
290
419
331
511
320
291
300
309
309
371
470
319
311
319
290
350
300
299
490
630
350
300
311
339
291
330
330
290
510
528
289
410
511
290
399
290
350
610
690
299
370
281
351
311
299
290
289
399
292
586
531
682
601
300
320
289
299
330
310
640
510
410
300
1120
310
301
289
367
331
299
289
309
370
599
680
500
449
550
289
672
328
330
289
290
300
281
358
292
361
541
299
450
521
369
290
300
318
349
389
381
309
290
319
290
320
287
290
300
300
309
300
320
591
1230
337
660
350
309
330
352
281
442
330
390
308
321
550
290
390
710
465
470
330
300
319
289
300
299
290
540
400
570
281
409
310
560
510
401
310
371
322
641
634
300
290
298
350
341
299
291
520
630
370
300
370
281
300
629
681
329
290
320
289
650
400
321
631
680
310
290
290
432
590
410
310
330
299
380
289
581
660
290
390
301
330
288
321
281
300
490
467
321
348
289
290
331
284
309
441
541
379
427
460
720
361
289
401
349
330
348
550
389
310
457
1211
641
420
540
299
310
310
407
569
769
351
419
286
290
511
695
329
300
290
281
440
429
339
421
429
489
540
300
380
310
290
390
780
367
310
300
281
331
350
380
689
380
287
402
571
360
322
310
299
290
361
962
380
320
410
481
409
420
500
370
380
289
410
441