49
101.
120.
139.
631.
137
1159
1350
1121
1540
1979
1919
1221
1107
2461
1659
1590
2481
1490
1610
1360
1480
1119
1121
1221
1071
1600
1489
1492
1150
2551
1009
1769
1490
1489
1501
1110
1101
2012
1190
1823
1459
1491
1490
1848
1863
1610
1110
1210
3149
840
1142
1141
1562
1181
918
1242
810
1149
1130
879
820
1411
1491
1690
1481
1810
649
1870
1490
1459
1618
1512
1481
1101
1470
1501
1590
791
1198
1659
1548
1949
1129
1430
1790
1500
2608
679
780
1519
820
808
1080
649
1880
1539
1490
1499
802
1469
1520
1528
1500
1570
1121
651
1630
1490
1519
1510
1539
1629
1480
1511
1260
1399
1521
1469
1540
1520
1610
1490
1640
1490
899
1450
1550
810
1619
1559
869
671
1558
2199
2360
741
1940
1090
1879
1082
1330
1619
1502
1311
1479
1491
1490
1500
1469
990
1640
1571
1479
1149
1150
1552
1180
1110
1838
1668
2089
1492
1510
1171
1120
1050
1340
690
714
790
3520
831
1471
1490
1480
1500
1500
1462
1490
1489
1571
1279
873
1090
1122
1073
1123
2289
1789
1510
1481
1371
1011
1071
1962
1491
1479
1490
1490
1110
1180
1249
1170
1130
1009
1102
1549
1479
1490
1491
1510
1631
1589
1110
1178
1161
1091
1380
1111
1311
721
1072
1651
1152
1140
1329
1143
673
781
1160
1559
1129
1098
1108
1200
1507
1861
2411
1732
1209
1540
2613
1638
721
1251
710
851
868
1080
1179
1160
1122
1180
639
2150
1120
1070
1120
1109
3121
1150
1079
2227
841
2161
3471
1488
1161
1109
2100
803
1360
1119
1111
1560
660
3889
1677
1251
1131
1111
2259
1521
1059
1529
1093
1112
1128
632
1098
2711
1760
3431
3500
841
1119
1102
2001
1498
2569
1331
829
1400
1150
2349
1741
2239
1102
2241
1110
1131
1968
4111
1181
1061
729
1418
1120
2211
2290
1720
1280
1081
1139
1122
1101
1150
1110
1519
1010
1119
1822
1100
1111
962
1109
1271
2359
1101
1231
700
1133
1121
869
1559
1001
1572
1150
1700
712
1120
1099
671
731
1421
2038
1480
1491
1961
1150
1090
2150
1491
1481
1501
1470
1199
1232
1491
1509
1251
720
1171
971
1141
641
1100
952
1701
1120
1089
5461
1560
1281
1018
1299
1229
1069
1251
1231
3442
1338
1510
1491
1489
1209
1129
1177
2560
1229
1084
1368
731
1100
1151
1623
2060
1110
911
1507
1440
1790
1332
1143
1173
1159
1102
1150
1940
1792
800
1269
1651
2320
1150
1191
1091
1130
1693
943
1700
1251
1001
2099
771
1111
1030
1359
1641
1113
1122
1083
1121
750
639
882
690
1410
1181
1172
1001
1103
2451
1480
1490
1480
1120
1010
1509
1111
1350
1489
710
1109
1080
1129
1300
1170
1149
1889
1440
1140
1139
1338
1311
1141
1169
1150
1362
2109
822
1121
2120
2440
1499
1178
1182
2141
1788
1091
870
1169
1101
1161
1070
1140
1149
1191
1360
1459
1522
1892
1120
1109
1200
1151
1170
1861
1903
660
1228
829
981
1671
1610
1172
1390
1482
1489
1491
1511
1490
1130
1150
1090
752
1099
1711
999
1469
991
928
1110
1261
1203
1532
1121
1150
1080
1291
1402
1460
1478
1190
1129
1121
1138
1200
1163
1139
670
1121
1172
1033
1099
1281
1509
1480
1150
791
1070
1120
1082
1269
1641
1131
1280
1480
1509
1159
649
869
2009
1131
1100
1129
1130
1670
3381
1500
1491
710
1573
2128
1159
913
1229
1478
650
1159
1113
1070
1160
1341
1198
1149
1830
1170
1360
1370
1792
1091
1140
2231
648
1212
1170
1139
2100
1119
1159
1532
1089
1200
1071
1011
1952
1480
1331
1600
1270
1132
1420
1489
1480
1480
1512
1212
1602
1380
1130
1751
1242
1109
1120
2099
1313
1142
670
1650
1170
1251
1490
1510
1492
1450
1490
1490
1279
3971
1500
1210
1271
1130
1509
1489
1111
1130
1110
688
1931
773
1188
2181
750
1102
1510
1760
1130
1133
1197
1121
1190
1139
1160
1770
781
1110
661
1119
1111
1149
1710
1239
670
1192
1102
1171
1141
1389
910
1121
1110
1160
1110
1120
1119
1091
1120
1650
1909
2610
1480
1480
1157
2240
1185
1941
1549
1060
1218
1181
1849
1030
791
1149
1291
1491
1000
1881
1500
1500
668
1079
1082
1109
1160
1471
1090
1139
1160
2273
1490
1479
1499
1019
2198
1231
1831
2001
1880
660
1130
3050
1101
1176
2049
1192
1120
1140
2241
1479
1590
4170
899
1531
1540
1101
922
1350
2131
1489
1291
640
1151
1092
1131
1172
1960
1241
1110
1136
1478
1368
1340
1141
1168
1509
1072
1092
1111
2189
1501
1479
1523
1120
643
788
1140
1158
1510
1551
1090
1641
1142
1591
1509
1230
1118
1119
1100
1141
1111
2144
1429
1669
737
1311
1168
1120
1182
1167
1119
1871
1510
779
1831
1008
1134
1100
1198
1180
1130
1099
1161
1889
2459
1891
1261
1130
1132
2491
1632
1781
1490
1739
1130
1092
1138
1891
1112
660
1150
1081
1199
930
1339
2441
1780
5130
771
1929
1780
1511
1139
1548
4181
1120
1301
1589
1499
3580
1088
1104
2458
1082
3240
1079
1570
2340
1129
1340
1589
859
1411
2011
1071
2549
1520
1011
1429
1131
1079
1111
1139
1089
1611
1842
1511
1519
1110
1120
650
1183
659
1080
1893
1569
1521
1800
2220
1491
1479
1491
1159
1880
1538
1532
1448
1490
1049
1139
1060
1204
1177
1571
1149
1819
1442
1481
638
1638
1550
659
1360
1140
1149
1571
1390
1109
1438
1540
993
1149
1349
1500
1482
1489
1109
1900
1480
1490
1140
1179
1130
709
1290
1860
1101
1621
1109
1849
1789
2120
1792
1119
1253
700
1120
1081
1849
1450
1491
1480
1550
1441
1514
1461
1491
1478
1480
1062
1091
1138
2161
1468
1789
1490
1500
822
3133
1769
1661
1660
1638
1790
1269
1692
1581
778
1090
2250
732
1100
1601
1109
1141
1562
1159
1639
971
1140
1540
1311
989
1039
1080
1101
1081
1638
1450
1089
1087
1081
1229
971
1160
1651
668
1188
650
888
2022
1119
1470
1470
1490
1491
1090
1131
669
2181
1490
1510
2749
1281
1401
1489
819
740
1151
1680
1139
1640
1180
1599
1679
1849
1021
1102
1141
1569
1091
679
1522
1801
1499
2252
1479
1190
1161
1152
1689
1482
1452
1490
1480
1500
1480
1550
1421
1480
1490
1029
1438
1480
658
1290
661
1340
1680
1177
1551
1489
1512
2640
1572
1089
1329
1490
1489
1481
1490
1812
1120
1167
1132
1140
1641
1010
1150
1589
1478
1491
1490
651
1150
760
1168
1421
1381
1430
1540
1490
1791
1491
1038
830
1371
1469
1491
1480
1510
1420
1190
1560
1489
1820
1780
1570
1490
1481
1510
1539
642
1150
1120
1400
1620
1660
669
1592
1488
1490
1490
691
707
1311
1100
1578
1301
1100
1031
1981
1509
1201
689
1260
1109
909
1121
1599
1139
1241
1352
1121
1069
2190
1568
1520
4212
1118
2040
1501
1090
1142
1103
1171
908
1300
1218
1604
1370
1301
1659
1111
1761
1490
1168
1140
1140
1159
1610
1488
1491
2205
700
1637
1970
1299
1148
1560
869
1700
1769
1177
1900
1679
1169
1270
1170
1120
1161
1111
1041
2860
2608
2420
1588
1970
1139
1949
3600
1637
1500
1540
681
830
1140
1131
909
931
1349
981
1291
1320
4900
1110
1108
1320
1099
1159
1187
1411
1472
1480
1501
1550
1440
1478
1110
1510
1800
1481
1480
1259
770
1611
1479
1501
1480
1220
1381
1527
689
1238
1570
990
1121
1121
1133
1600
1490
1791
1230
1480
1017
1618
1490
1492
1498
1550
1719
1760
1081
1157
1179
1048
1600
1589
1500
1490
1129
1600
2228
1020
1530
1069
1567
1111
1859
1221
2481
1369
1490
1481
1399
1620
1489
1491
1117
1448
1650
1540
1489
1512
659
1141
1081
1629
1360
1490
1481
1490
1101
1140
1500
1490
808
1282
1619
1268
1669
1099
1101
1140
1167
979
919
949
1571
1730
1458
2641
1730
1099
1230
1312
1352
1399
2600
2130
1101
1501
1510
1480
1150
1193
1640
1292
1470
1492
1480
1511
1861
739
1630
1479
1491
1511
1869
1091
1148
1070
1393
1099
1831
1481
1499
1498
1142
650
999
1219
1128
1660
1500
2049
660
1180
2428
1481
1789
1110
1070
1714
1070
1890
1917
2270
2190
1580
1790
1500
1790
1639
1560
889
1929
981
1118
1660
1093
1529
1490
1490
1481
751
1611
1490
1490
1511
768
648
1549
2214
2540
1500
1550
1420
1491
1480
1491
1522
1461
1491
1480
1490
1500
1490
1189
1100
1401
1669
1470
1491
921
1299
699
1148
1121
1579
1490
1169
1142
1659
2880
1188
1449
1609
1490
1481
1510
1802
1149
1449
1488
1519
1482
1310
1798
1150
1100
1429
1490
1500
1500
1149
1190
1111
1910
1490
1500
1791
1492
1501
1489
1049
1641
1982
1561
830
1570
1520
2593
1090
1140
1172
1512
2431
1521
1551
1558
1310
1128
1539
1490
1489
1129
639
1580
877
1088
679
1350
1081
1639
1481
1811
799
1131
872
1560
1821
678
1139
1640
1481
1490
1122
1150
1672
638
2209
1539
1161
1110
830
1090
1539
1038
1130
1200
1640
1491
1480
1500
1527
1579
1490
1560
1589
1480
1490
1601
1509
1470
1449
1979
1791
1510
1528
941
1079
1088
1961
1500
1432
1489
1491
1160
1108
1070
1541
1169
1069
2470
1141
1110
1152
859
1139
3991
1479
1129
1161
1602
1269
1111
1141
1089
1569
1260
1120
779
1448
1118
1112
1111
640
1131
1300
1799
1218
1549
841
1609
1089
1939
1498
710
1172
1171
1090
1401
1489
1512
1131
1618
1800
1459
1489
1480
1491
1511
1827
1642
1790
1790
1490
1029
1172
1181
738
1630
1499
871
1170
1120
1871
1648
1189
2369
1233
2359
1531
960
1102
1130
1119
1150
1429
1480
679
1110
1090
821
1559
1469
1181
1130
1140
1588
1490
1501
1140
1160
1140
1518
1830
1141
1600
1540
1500
1480
829
1388
1571
1481
1521
1620
1500
768
1831
1340
1100
1918
1490
1492
1500
1492
1361
1151
1029
1570
1500
1469
1601
1112
1630
1480
1490
1500
1630
1510
1781
1580
2731
4589
1100
6111
1130
1500
1480
1100
1571
1479
1490
1491
1781
1563
1449
1429
1132
1202
1161
998
1188
1137
1242
1420
668
1499
1130
1268
1109
1890
1510
1490
1480
1491
1511
1571
1621
1491
1489
1138
1111
1520
1138
1139
1641
1490
1602
1039
1559
1020
1180
1209
1599
1550
1432
1080
1581
1978
1189
1108
1171
640
2041
1482
1479
1129
969
1081
1601
1630
1448
1200
1549
1049
1169
940
710
1099
1640
1170
780
1162
1448
882
1031
1131
727
1579
2100
1420
1311
1179
1621
760
1550
1489
1482
1290
2652
1499
1091
1220
1148
1101
1521
1599
1819
1492
1479
1801
1050
1153
1159
1141
1557
1140
1119
1640
1330
1129
640
671
1489
1491
729
1790
721
1081
1709
1371
1960
960
691
1549
2160
1470
1491
1490
1500
1540
1422
1490
2510
1480
1490
1141
1771
1098
3891
1090
1141
690
1388
1492
899
1081
1261
1909
1149
2559
1490
1480
1501
1500
1497
1860
1898
1491
1480
1511
851
1131
1551
1481
1090
1131
842
1121
1130
1459
1471
1101
2330
1102
1580
1160
1160
1120
2311
2666
1102
1141
1109
1172
1350
848
1232
1719
1499
1501
749
1121
1141
1089
649
1600
1480
1512
1539
689
1092
1132
1161
1181
1610
1050
1620
1601
1509
1939
1490
1491
1511
1370
1009
1909
2640
1029
1089
1549
1490
1500
1130
1532
671
939
1618
1489
1500
771
2611
1480
1490
1490
1079
1138
1579
1501
1848
1491
1480
1491
1500
988
1109
1580
670
1290
1480
1489
1480
1512
1480
1150
1119
1231
1181
1610
1527
1141
3630
1029
989
689
2262
1091
869
1112
1121
919
3342
1479
1190
1229
1251
1139
961
1200
1149
2261
1467
1521
2280
1830