47
89.
100.
119.
259.
108
272
361
311
289
261
391
320
372
279
300
330
270
282
281
290
280
400
279
260
301
321
290
260
301
281
261
280
262
260
261
361
270
260
279
269
270
279
1208
289
260
281
279
260
269
269
370
261
419
341
260
300
260
271
261
280
260
270
269
280
260
301
269
283
260
260
260
261
321
270
260
270
299
281
320
1221
279
260
400
269
260
262
319
270
442
260
261
260
271
270
261
278
261
269
260
271
270
331
281
270
311
261
261
260
281
260
381
270
265
308
320
289
280
280
310
270
300
299
271
295
289
309
260
1130
320
1119
289
261
260
260
269
299
329
300
281
261
278
271
299
349
290
289
289
269
311
279
279
270
661
261
280
268
271
260
270
308
279
300
261
271
290
285
339
348
261
300
280
280
280
266
338
309
289
272
329
319
278
260
320
269
279
271
268
280
1252
270
273
260
290
362
368
370
430
282
270
369
298
260
340
269
269
277
271
290
540
281
308
300
291
339
311
260
281
270
260
320
301
311
268
290
261
310
329
280
300
270
298
278
270
286
299
316
330
279
318
342
309
289
270
261
290
261
262
260
260
270
290
289
290
311
269
300
260
309
281
261
315
268
271
290
261
260
281
289
280
279
260
269
300
280
297
310
330
260
320
260
360
269
271
270
271
278
318
261
260
280
260
260
281
309
291
270
260
270
260
391
280
281
280
360
261
347
262
261
281
280
260
330
299
271
349
310
299
360
267
320
280
300
306
270
290
290
271
271
269
411
261
309
391
301
279
289
271
261
300
270
300
269
290
261
299
291
282
270
281
260
261
271
270
290
269
261
361
260
260
272
260
260
260
279
270
361
279
289
261
310
289
271
260
310
390
261
260
331
269
290
310
530
288
469
280
271
1229
281
280
269
270
309
270
269
340
370
291
291
281
279
260
271
300
270
271
260
299
260
279
269
260
610
270
271
280
266
290
301
279
321
290
270
390
300
370
310
261
300
380
270
279
270
261
270
270
270
279
263
291
288
350
271
261
280
291
329
320
309
260
271
301
260
311
289
279
342
260
310
285
280
310
284
280
560
260
312
289
301
290
260
260
270
290
260
287
261
340
289
310
272
270
260
290
280
289
293
280
279
283
290
261
260
279
400
301
290
269
391
279
260
330
280
270
261
321
260
349
290
269
260
279
291
320
270
279
270
268
270
260
270
289
261
269
329
289
290
300
267
260
260
270
280
269
270
272
270
260
269
310
271
271
260
260
300
261
260
289
310
261
270
260
260
270
311
260
280
265
331
262
282
299
279
289
308
360
281
260
300
261
260
265
291
301
289
301
297
269
268
390
291
260
280
282
261
270
282
280
279
332
279
320
260
299
279
281
301
260
260
280
300
288
269
261
260
290
291
260
289
311
270
270
300
271
268
290
282
279
270
280
260
289
311
260
281
270
310
280
289
309
270
260
323
260
291
290
309
291
331
270
1131
310
281
270
310
299
280
271
311
280
1111
329
297
280
260
260
260
280
289
290
310
269
309
280
260
260
500
290
270
297
309
272
270
290
339
330
280
307
438
272
288
270
283
291
273
269
260
327
267
281
260
260
280
261
318
279
279
282
270
280
269
262
260
320
301
269
261
261
271
260
271
300
261
279
270
269
290
260
270
301
260
260
270
260
270
319
279
260
260
279
260
290
270
270
281
289
268
320
268
320
330
260
320
279
322
310
268
270
282
288
316
320
303
260
270
292
299
270
279
300
270
269
291
271
1121
269
280
293
269
261
261
291
299
280
290
270
270
309
260
279
261
296
290
1139
260
1069
309
290
289
270
269
599
280
290
281
300
269
320
260
281
260
289
260
280
291
269
280
272
291
292
280
281
260
281
290
320
270
341
261
279
271
300
290
297
270
261
1111
280
270
291
292
281
280
270
300
324
269
260
360
280
270
260
269
269
279
280
261
290
301
260
290
260
311
260
290
260
308
299
260
268
261
270
260
260
1120
271
260
315
260
269
280
270
328
300
269
260
320
270
278
260
269
310
300
269
270
260
321
260
300
260
270
261
280
264
280
290
289
260
289
310
289
360
311
269
269
319
321
279
310
290
300
449
260
281
340
269
298
270
260
270
260
280
279
269
310
359
290
270
312
310
260
300
1089
331
269
270
310
290
269
291
339
281
260
270
280
270
260
289
260
348
280
260
271
269
310
260
302
289
299
320
269
270
291
299
270
330
260
292
299
281
299
280
280
269
360
261
261
369
260
348
328
271
270
260
278
300
280
301
260
260
1160
279
280
269
260
351
261
290
269
290
260
271
260
273
260
270
270
280
261
290
261
270
260
269
1070
260
360
358
320
369
1149
266
308
270
1099
260
329
290
269
270
272
318
280
1099
270
260
320
321
260
261
269
278
281
269
260
271
290
300
269
271
260
401
269
270
1149
289
260
260
260
269
270
261
270
261
279
351
280
260
291
300
280
281
261
290
420
289
339
1089
308
279
1050
270
269
260
260
280
280
320
270
269
271
291
260
269
269
261
299
270
430
271
311
290
260
268
280
260
270
260
340
480
269
260
261
285
278
269
271
269
289
280
288
260
1188
270
289
270
270
277
279
269
273
260
279
260
260
260
280
280
360
271
288
1170
269
261
282
280
280
278
290
320
270
289
270
302
299
260
260
260
261
321
261
280
270
359
301
309
263
300
280
280
260
269
260
260
295
260
310
271
409
289
290
268
260
280
361
261
272
290
271
270
260
360
260
260
270
359
270
268
260
322
450
260
268
280
295
331
260
298
268
290
269
1169
1098
370
371
280
270
289
260
281
270
260
260
270
351
261
272
269
399
290
270
269
289
280
269
278
269
278
279
290
280
261
311
290
310
270
288
331
261
290
332
310
281
270
270
260
290
269
389
270
274
289
270
280
289
290
261
269
260
292
373
289
269
290
260
271
269
432
299
270
300
271
260
281
320
290
269
270
279
339
323
279
288
349
260
1270
273
311
279
1079
281
260
290
291
440
260
260
260
270
310
1160
300
280
389
261
270
270
1120
310
269
334
271
432
449
281
1150
319
309
349
270
281
350
281
270
271
261
312
299
350
280
279
332
288
269
260
270
298
270
279
260
299
263
280
279
290
279
269
311
260
270
272
280
269
289
261
270
349
280
290
260
370
260
260
280
300
260
270
299
282
261
281
300
281
260
1100
331
260
260
319
261
267
419
281
260
369
278
290
321
361
301
1111
350
459
270
269
319
288
310
331
329
340
269
419
270
340
280
261
273
340
1209
270
300
280
289
260
330
281
339
300
270
270
280
330
279
301
260
279
261
1239
270
260
269
290
279
300
269
271
289
329
301
321
299
271
407
290
260
290
280
270
379
301
281
280
270
321
280
261
261
280
309
278
278
269
280
270
320
1079
260
270
390
329
269
270
359
279
269
279
282
301
299
390
291
261
260
1127
329
330
341
261
269
280
260
300
271
291
339
290
280
272
271
281
270
290
290
269
260
280
260
270
1067
310
261
279
290
361
280
281
290
279
370
292
418
271
270
301
260
265
316
299
420
286
269
292
260
261
429
264
268
271
261
269
261
260
270
290
341
269
300
280
1091
310
289
279
272
262
272
300
261
1139
301
269
261
262
269
382
359
271
289
270
269
291
262
262
264
280
320
379
260
310
260
298
289
400
262
260
280
271
309
261
260
301
260
319
329
282
280
261
279
269
290
1192
262
300
260
299
269
389
261
309
1250
269
289
1160
271
260
260
320
299
279
260
290
269
284
269
291
260
260
278
320
471
271
299
270
260
270
261
290
288
260
270
260
270
285
260
271
268
309
279
260
310
277
260
270
260
1149
260
262
280
270
290
260
281
269
311
261
260
269
319
279
268
300
272
301
280
271
271
290
281
289
270
361
260
300
280
489
270
278
279
280
279
261
349
269
270
271
260
280
299
290
309
329
281
270
289
261
280
300
260
327
299
260
379
260
279
260
271
300
271
300
260
261
309
330
299
278
285
279
270
260
260
459
280
260
310
270
281
289
281
260
260
264
260
350
461
268
288
260
269
261
272
390
310
310
281
269
280
290
281
270
300
270
300
279
310
261
260
281
260
290
262
271
270
308
327
330
270
350
289
268
289
359
280
280
311
288
269
270
270
301
321
339
321
270
301
271
290
291
280
260
280
300
277
281
330
281
318
290
299
321
280
309
329
269
381
309
291
279
291
271
331
270
299
288
261
308
289
290
379
271
288
340
281
270
330
279
1141
309
319
300
311
269
292
299
1110
280
289
270
270
299
268
289
311
260
270
320
359
260
320
300
290
280
330
300
300
280
279
279
260
279
281
300
277
279
309
309
280
288
291
291
1120
321
328
289
290
300
279
280
279
293
339
264
300
279
310
300
301
270
269
361
316
299
330
270
279
279
320
291
260
292
298
309
269
340
261
309
308
270
279
260
272
269
280
291
309
261
281
261
270
261
260
328
270
260
280
290
290
352
373
319
311
269
269
271
261
261
260
270
260
278
270
341
299
269
290
280
1121
329
260
280
310
260
280
269
290
339
340
309
310
1140
298
290
1140
371
270
281
270
291
270
260
329
270
282
269
429
271
279
290
261
301
268
371
291
301
269
260
300
260
281
289
280
269
309
289
290
280
269
271
270
311
281
350
261
290
261
328
280
280
270
318
260
260
329
289
380
299
302
550
299
280
301
270
291
279
281
271
1110
269
360
299
269
321
291
297
270
301
290
360
269
499
260
279
280
289
302
340
300
291
279
269
289
290
262
541
270
280
280
310
260
349
298
270
281
320
280
281
559
560
271
280
420
269
299
340
401
298
340
388
300
289
549
300
299
269
261
271
260
270
1149
290
281
320
278
290
310
280
301
280
280
271
300
310
300
331
263
260
290
281
301
310
279
269
260
289
270
269
308
290
270
300
299
280
261
329
260
280
299
280
262
281
260
278
279
269
269
270
290
280
269
300
269
269
279
260
280
280
280
300
269
267
319
340
280
279
314
311
270
269
301
281
270
1109
261
271
310
299
311
260
270
271
270
419
261
282
261
310
280
310
269
280
279
308
280
300
260
260
261
650
298
280
280
300
296
289
270
270
281
270
279
269
279
280
260
291
291
270
270
280
272
270
269
280
299
273
289
260
287
280
299
269
270
260
260
260
269
309
260
281
273
290
268
291
260
304
270
281
289
330
260
270
310
290
289
260
269
260
261
262
291
260
299
270
271
291
359
270
289
289
269
1099
261
281
286
290
260
280
280
260
341
278
290
289
282
288
279
288
340
269
370
359
260
268
280
290
290
270
280
261
300
288
290
261
290
309
271
301
261
260
282
272
290
281
300
310
269
298
280
309
279
299
261
290
278
279
261
279
280
261
260
350
289
280
279
289
260
1162
270
272
311
271
288
260
279
289
1088
349
280
330
271
270
280
261
320
309
260
281
280
269
290
299
329
320
260
399
290
290
340
270
269
279
260
261
300
269
270
299
260
289
271
299
261
260
281
299
271
280
290
390
290
261
320
319
270
289
319
279
320
270
261
270
279
271
281
270
310
1129
311
291
260
290
310
278
279
319
288
281
1088
360
279
309
269
381
310
261
260
319
286
275
350
279
262
359
310
269
299
289
260
270
300
261
289
260
289
310
260
300
290
281
280
289
261
270
280
319
271
261
269
260
330
279
260
283
271
310
271
291
310
290
260
268
309
308
260
288
271
292
260
370
279
320
280
270
279
310
299
269
1220
270
269
271
269
279
260
310
260
291
440
260
260
261
299
284
280
290
1150
290
319
270
270
270
300
280
282
269
1131
291
300
291
300
279
281
290
270
269
268
330
268
320
270
279
271
260
280
260
398
300
271
264
270
299
1300
268
286
270
310
280
279
308
319
277
281
290
272
319
260
280
299
301
288
270
270
269
380
268
260
301
270
269
269
281
309
281
301
289
290
260
321
271
310
399
371
321
270
261
263
261
290
268
269
260
260
262
280
290
279
271
272
263
260
310
279
300
410
262
270
309
282
409
287
282
271
261
269
270
281
299
290
271
269
280
270
311
320
261
266
291
271
298
291
340
309
279
260
269
269
278
319
270
289
299
260
260
289
260
279
260
1080
290
260
260
260
269
289
270
290
307
379
260
279
261
279
299
279
270
369
279
300
280
270
290
271
310
291
300
290
280
300
282
279
260
316
260
270
270
280
280
280
400
260
520
288
336
262
281
271
300
289
260
287
319
318
290
279
270
289
300
278
270
269
262
290
269
280
280
272
289
260
280
301
261
289
298
279
260
287
281
1279
260
319
261
299
278
270
291
270
270
1328
291
269
330
289
349
260
318
270
290
279
270
270
270
289
271
269
269
270
261
263
372
308
271
281
345
280
280
331
301
289
281
281
260
270
291
320
270
279
289
261
269
401
260
301
280
281
269
310
272
290
270
270
298
269
271
289
269
270
281
303
261
289
290
261
270
311
269
270
300
261
269
279
280
269
269
260
300
279
260
278
260
280
289
301
1092
290
281
270
291
261
261
289
280
262
1078
285
271
263
278
298
270
289
269
260
260
260
269
298
270
279
280
261
290
285
280
279
270
270
269
260
1059
270
270
260
301
269
280
299
322
260
329
269
348
260
270
300
340
281
270
269
306
290
290
309
261
1129
270
278
289
280
260
269
279
269
470
260
271
398
260
260
280
288
271
266
291
300
270
269
260
261
260
280
281
280
340
260
1059
260
281
300
260
270
330
260
289
269
269
288
269
260
289
268
269
400
269
330
261
309
260
1192
279
1168
309
310
260
270
291
280
330
290
260
339
260
268
280
398
270
269
261
271
280
318
429
261
1140
320
290
278
270
280
269
299
1090
270
279
270
261
271
280
261
260
260
391
260
270
268
261
270
300
300
280
261
290
321
260
269
270
271
260
272
270
480
309
279
270
1099
261
279
269
269
301
300
323
261
260
269
1199
310
340
310
351
290
260
261
260
309
261
290
270
291
310
290
270
261
277
270
262
260
289
360
260
260
320
260
280
371
260
261
262
261
261
290
260
270
270
260
381
287
270
300
312
311
420
310
440
280
260
272
289
260
260
279
275
260
281
359
290
290
279
279
410
270
270
270
290
330
261
301
280
279
320
290
300
264
261
269
289
280
291
260
381
270
270
260
271
269
291
261
309
289
290
281
271
269
260
280
260
340
269
260
290
281
318
500
273
288
280
279
261
329
309
379
270
269
270
260
261
389
269
260
260
310
282
269
279
269
281
429
270
262
279
1119
270
260
280
269
319
260
290
279
287
340
260
263
361
340
291
281
399
381
279
321
352
303
399
271
277
281
300
260
300
270
510
1249
309
310
320
291
268
279
260
1092
260
298
270
351
270
261
299
270
272
276
260
260
268
1100
290
280
260
280
270
260
261
270
290
261
271
270
281
1100
329
309
300
261
260
319
270
390
267
279
311
273
262
278
272
281
260
272
269
290
340
280
409
280
280
260
260
270
270
261
291
289
310
321
309
279
1182
469
281
279
1070
271
279
320
402
379
429
280
331
270
299
302
280
489
269
269
269
261
261
1189
270
321
269
297
271
270
288
261
270
279
280
380
337
261
260
298
270
269
261
260
291
284
260
379
261
279
299
1140
309
314
308
261
300
270
269
281
280
300
301
299
347
281
340
380
283
260
270
321
461
268
262
280
270
331
378
281
260
278
270
261
260
290
265
270
280
279
350
270
270
266
279
262
269
260
290
337
260
321
362
380
269
351
301
310
270
329
273
289
302
260
280
261
330
400
291
280
290
270
269
301
269
1141
260
278
290
340
290
270
260
351
309
280
291
261
309
1091
279
267
341
330
261
260
329
260
261
310
299
320
290
390
261
269
321
458
340
260
353
291
269
270
361
330
411
270
271
279
359
1120
311
302
269
281
269
260
288
329
330
268
281
289
260
269
329
271
260
269
280
280
281
289
279
290
289
260
281
260
260
290
260
280
289
261
291
280
271
350
398
270
291
280
271
270
260
361
420
301
269
401
270
412
310
279
380
265
288
269
320
260
281
279
301
281
269
379
287
311
261
269
280
260
290
299
280
260
280
310
270
260
290
269
299
268
270
280
271
290
331
280
260
306
270
269
270
300
264
319
279
269
260
270
268
289
320
310
280
271
319
260
1109
260
300
261
260
299
260
401
271
320
278
270
260
261
270
279
279
260
300
281
260
269
329
310
260
260
301
279
320
270
290
281
1100
279
270
299
270
290
299
269
300
270
311
339
290
299
271
300
281
271
260
289
290
272
431
349
271
269
260
261
270
269
300
260
298
261
269
290
270
420
299
280
290
261
296
279
299
270
280
290
271
270
280
279
287
261
300
261
270
309
290
320
271
300
269
280
260
270
269
270
279
280
260
262
260
312
280
270
260
310
301
260
280
271
260
270
260
290
261
299
279
289
308
261
399
270
308
289
1079
451
280
282
340
301
270
260
271
269
288
330
267
270
350
320
299
309
290
279
310
270
291
279
289
320
271
282
279
281
271
262
279
291
291
279
271
261
261
310
289
288
319
310
1099
279
260
1263
292
280
281
310
329
270
279
310
311
269
279
1080
289
300
301
301
317
339
310
309
260
281
271
320
280
281
270
271
290
269
302
349
311
300
330
310
296
261
270
349
289
300
1130
341
310
273
321
270
291
360
401
261
300
270
320
297
319
291
1110
267
360
330
310
318
350
260
329
270
340
428
269
310
270
290
350
272
320
340
529
260
318
290
361
341
330
320
320
300
320
280
310
349
308
319
299
290
328
300
270
311
301
300
361
321
311
319
290
278
328
267
329
281
270
269
290
279
299
359
1110
301
300
261
280
281
289
311
309
280
300
271
300
280
310
289
419
310
361
280
369
300
400
290
269
280
330
261
350
269
281
271
292
261
260
290
290
272
296
310
365
293
320
299
310
321
1169
281
359
309
380
329
279
309
320
301
270
319
301
309
262
260
1130
290
301
280
339
280
319
279
310
271
350
320
290
272
301
269
329
300
320
270
281
301
260
299
280
310
319
320
268
329
310
260
290
320
299
320
339
271
270
358
320
279
301
300
300
309
1059
360
291
301
300
261
280
318
290
300
280
260
311
1141
349
301
281
309
281
300
271
278
302
309
270
279
260
1060
348
311
270
281
419
289
291
281
310
350
311
310
301
383
319
270
300
270
301
278
311
309
310
403
299
280
351
299
279
260
280
260
270
339
282
290
291
300
290
300
269
270
290
330
270
309
281
290
272
290
310
260
260
280
309
281
350
319
270
279
279
280
290
380
309
379
320
291
260
308
301
291
309
310
300
319
269
260
339
261
350
1081
268
291
310
300
340
261
330
270
340
262
280
282
398
280
270
296
330
320
300
381
320
330
280
321
279
336
260
262
299
270
260
271
270
260
291
269
271
260
300
299
1119
291
321
321
347
270
290
330
330
298
300
280
449
261
272
280
370
290
341
279
440
290
270
280
290
280
310
339
339
309
299
300
270
329
310
270
309
301
281
309
349
280
260
280
269
339
311
1128
280
299
281
301
349
290
260
260
270
339
300
271
310
260
296
270
330
260
301
260
300
271
280
309
340
260
270
310
281
270
260
278
1330
291
280
280
330
300
290
270
281
280
1091
281
290
359
312
290
300
309
360
294
310
281
320
289
309
270
281
330
298
300
302
279
261
330
310
261
330
270
291
300
260
319
319
340
1111
309
280
269
289
338
270
300
260
329
300
299
270
328
260
269
299
291
342
270
310
461
291
351
300
300
301
331
310
289
312
261
290
281
282
270
310
260
260
310
270
290
280
279
309
279
290
260
292
270
271
300
308
291
260
260
310
280
281
320
309
270
309
289
279
320
341
299
280
260
290
321
300
280
318
299
270
340
298
261
292
341
260
321
290
270
279
289
309
290
300
271
271
291
281
280
270
260
286
281
371
271
290
290
279
278
300
260
260
310
348
290
340
330
271
289
291
270
280
330
302
260
300
300
290
280
283
271
271
401
291
312
335
330
319
289
283
280
268
280
308
260
268
340
271
310
298
340
281
349
260
269
290
309
310
319
260
289
270
360
260
260
302
299
320
270
299
319
270
280
339
280
270
271
320
360
270
281
309
290
270
340
321
280
300
260
280
271
290
290
271
270
331
290
330
260
308
281
320
289
270
279
270
1181
310
269
270
300
1140
290
260
270
281
282
290
1059
1089
261
351
1079
260
290
340
289
1071
309
282
271
270
319
343
279
321
430
329
320
264
280
320
280
299
271
260
309
279
310
292
293
260
270
300
270
301
289
270
310
290
280
272
300
330
291
310
270
276
261
361
279
269
311
271
320
338
300
270
280
260
271
260
290
270
288
261
301
286
311
289
1082
261
330
261
321
281
322
299
280
320
281
317
290
281
291
310
300
290
279
263
290
300
1139
270
281
260
291
282
260
270
260
310
301
292
279
270
270
330
291
280
290
320
270
309
319
318
289
260
299
280
260
268
262
260
300
340
270
280
302
309
270
319
270
299
349
289
308
267
261
270
260
320
319
290
290
270
279
269
281
270
270
290
280
281
260
309
279
281
269
280
261
300
308
260
269
290
300
300
262
310
260
269
292
261
260
261
261
291
289
311
280
310
280
269
291
270
280
279
268
348
291
300
301
309
310
310
290
280
299
288
301
300
279
301
300
300
409
310
300
260
332
310
291
278
320
270
310
420
291
280
280
281
281
330
359
290
299
280
389
271
341
309
260
280
280
270
260
401
310
290
300
331
271
290
280
270
262
300
271
280
261
300
269
260
279
268
271
299
441
270
300
280
280
307
279
299
310
270
280
290
269
290
270
278
260
300
280
300
323
321
301
270
279
279
290
300
270
290
280
300
349
319
290
299
310
1118
261
270
310
299
301
1129
270
360
271
330
260
264
280
290
290
279
298
310
261
330
270
289
279
270
279
269
260
269
270
273
301
260
260
290
270
270
321
270
260
320
269
301
289
340
268
300
260
270
260
260
310
311
288
279
280
290
290
279
279
300
269
288
270
289
290
321
280
321
320
262
260
401
410
370
270
280
321
381
271
260
1129
271
271
269
279
280
291
299
265
260
279
270
271
260
300
310
280
300
270
299
1138
261
322
290
260
280
260
271
289
300
301
340
279
271
299
330
271
281
260
261
1181
330
269
279
271
280
269
281
261
261
279
270
280
270
349
269
280
300
280
281
300
301
302
321
281
320
281
279
339
339
340
271
649
280
260
301
319
280
269
269
298
299
290
280
282
260
300
271
270
299
260
297
269
290
282
281
280
260
279
290
289
290
280
1180
290
299
291
261
270
290
280
289
309
290
269
279
290
281
319
360
260
291
271
281
271
270
281
299
260
271
278
281
271
260
290
280
278
260
260
270
280
280
1099
270
301
281
300
271
269
281
281
390
260
260
270
280
261
260
299
280
309
1188
290
270
290
280
279
281
280
270
291
290
261
291
270
349
340
271
330
271
319
281
260
291
1061
341
280
317
291
281
309
289
280
271
300
330
280
260
280
290
300
310
270
281
270
270
270
301
1122
290
276
290
310
261
269
260
391
270
328
280
261
270
279
260
262
290
299
260
290
301
310
1160
279
271
270
290
280
450
1220
269
260
278
270
281
291
276
291
279
278
331
310
290
270
310
260
299
440
261
320
290
340
354
260
289
260
280
300
260
270
261
301
350
300
291
280
290
260
271
280
271
299
272
269
268
271
270
279
320
280
273
291
430
270
290
1239
269
311
320
260
270
296
300
300
291
269
279
289
283
270
260
300
270
260
270
271
270
270
313
270
269
271
300
260
269
269
279
340
270
260
261
1060
282
271
260
281
280
271
289
280
269
260
280
280
260
274
260
300
270
291
260
268
300
260
289
279
271
261
260
271
270
270
289
300
269
281
281
281
300
270
310
299
270
261
280
299
279
297
261
290
261
260
267
279
270
300
290
350
260
260
280
272
300
269
280
270
309
301
300
291
290
1201
281
298
260
300
280
310
260
280
279
260
264
300
320
280
279
270
270
268
291
279
278
270
274
260
280
299
279
288
1200
331
270
261
260
279
260
1098
269
269
300
290
289
409
291
272
260
290
260
279
301
260
290
352
269
261
289
300
260
270
271
261
269
271
270
270
270
260
279
272
280
260
311
269
269
261
269
270
260
290
280
300
281
270
270
280
290
270
299
281
290
282
299
261
299
289
300
260
1201
280
260
270
310
320
269
261
260
260
260
270
299
261
300
1129
270
280
1200
260
290
260
501
261
269
280
480
270
270
289
260
320
310
309
267
281
260
269
300
260
280
270
260
260
270
290
260
290
269
310
380
271
270
420
280
260
261
290
270
270
269
299
289
1290
319
289
289
281
330
1221
291
260
290
290
270
291
260
270
311
1260
281
270
271
290
268
261
320
350
280
269
260
270
298
261
299
269
340
260
271
269
279
260
311
270
269
279
288
279
330
330
330
269
269
450
290
260
291
260
268
280
261
300
340
269
260
270
260
271
271
280
341
269
381
261
270
261
260
310
270
287
288
279
270
280
320
269
260
280
269
270
288
340
279
279
300
281
349
280
279
270
341
263
281
350
261
280
260
260
271
289
268
370
270
280
268
269
269
300
279
340
361
265
261
290
260
270
290
310
290
260
279
261
293
269
269
269
289
260
271
265
271
260
269
311
261
269
260
311
291
270
310
269
290
270
440
1100
271
270
260
282
260
260
359
270
281
269
302
289
269
260
1320
301
260
260
279
280
272
269
308
401
278
270
340
280
261
280
289
278
270
279
270
328
301
260
270
289
270
261
271
270
310
270
270
262
268
312
270
270
270
261
280
540
290
261
271
330
340
270
400
349
289
269
261
1068
269
289
260
281
379
272
288
301
301
279
260
270
269
270
270
1077
270
300
261
286
300
280
270
279
260
380
270
290
262
270
260
290
260
1078
298
261
260
269
280
299
301
400
269
270
285
341
300
271
268
271
260
280
281
380
351
269
281
260
278
280
270
369
270
280
331
294
260
269
290
269
269
270
1200
280
260
269
262
267
280
279
269
261
260
288
261
288
310
261
310
268
299
300
260
288
509
261
282
287
1160
270
291
271
341
301
289
263
278
269
350
261
260
301
279
342
330
269
269
350
330
270
289
299
260
260
389
319
270
268
298
309
312
270
279
261
269
270
260
320
289
269
281
270
400
261
268
260
260
290
266
279
304
270
266
311
410
270
279
270
270
268
279
260
280
260
301
269
340
271
340
261
269
269
310
260
280
380
260
279
270
310
299
310
1082
289
260
300
290
371
269
270
290
351
271
289
300
331
1180
260
330
298
1088
301
330
391
260
279
340
351
270
270
301
260
279
280
280
263
276
292
281
1109
360
291
269
310
270
260
301
320
321
279
270
261
292
370
290
311
339
280
320
390
270
310
300
260
279
268
296
270
271
320
281
301
298
270
280
265
260
262
280
270
270
260
270
310
289
269
260
329
299
290
281
260
317
269
269
379
280
361
260
261
260
316
260
390
270
299
291
269
439
261
291
309
268
310
271
330
260
260
270
269
290
420
263
281
270
329
290
260
1111
260
289
321
310
261
260
279
267
289
269
272
391
269
272
261
261
439
282
320
280
260
260
291
271
260
290
284
270
270
302
270
298
270
261
269
281
410
298
340
290
320
450
260
270
360
280
301
268
260
1099
300
280
280
349
299
269
290
330
261
278
301
321
283
302
320
280
269
261
310
341
290
379
281
270
280
284
280
320
261
271
298
270
300
260