47
100.
120.
139.
289.
123
401
299
541
342
350
300
1070
291
300
361
292
313
330
291
301
310
311
309
321
310
321
320
301
291
331
290
299
300
380
340
309
342
299
301
301
309
302
311
359
331
312
290
310
312
310
330
299
321
422
370
298
299
330
311
350
300
312
301
332
300
339
290
309
292
292
300
1109
330
351
410
290
309
350
301
671
301
324
341
371
320
313
370
441
293
739
380
300
372
315
320
371
350
399
350
330
680
342
309
381
311
1140
340
360
1331
319
318
320
400
347
382
290
302
362
380
371
341
290
290
669
661
332
317
359
390
389
369
370
349
1161
379
410
319
290
441
291
392
290
379
309
351
719
320
309
310
362
372
360
290
651
371
290
350
290
430
390
341
371
310
318
412
649
309
382
340
313
388
400
290
290
310
297
360
309
309
364
301
772
722
339
345
389
301
348
330
610
290
290
300
722
427
410
311
442
311
290
308
361
337
370
740
290
410
298
319
321
470
690
342
300
377
418
361
334
668
349
362
690
409
330
310
310
387
519
669
408
421
321
429
330
689
299
657
678
420
609
583
299
410
301
299
650
591
710
299
640
290
670
346
359
337
370
301
311
291
721
300
721
300
607
290
291
650
721
369
307
1341
651
609
470
319
300
419
680
420
410
320
631
304
429
630
300
295
300
309
418
290
351
299
291
700
380
370
340
1521
309
412
450
649
359
618
1432
639
301
299
379
291
439
650
290
720
369
1409
321
331
341
572
630
417
299
1118
301
300
365
340
340
629
300
700
310
290
310
741
689
1220
690
300
369
739
560
300
739
731
290
680
426
701
310
320
678
362
709
360
652
389
1421
349
721
720
372
602
310
681
689
298
290
700
360
290
291
419
429
414
370
392
324
360
629
760
290
290
380
328
1118
360
442
321
359
339
350
732
441
640
300
492
1441
721
321
362
290
310
298
299
710
1183
311
362
691
291
319
348
399
290
691
370
651
388
670
651
369
299
438
660
309
1461
580
332
310
641
362
910
340
410
309
638
308
709
320
310
329
341
290
369
319
290
348
401
390
301
301
660
349
419
657
650
308
730
321
630
429
344
711
410
410
320
658
291
1541
419
291
321
315
360
630
291
2611
489
347
292
651
700
2160
690
299
361
642
429
340
421
410
349
329
309
315
290
290
440
407
699
679
339
591
299
380
1110
313
769
311
375
299
1084
350
479
310
382
411
338
300
290
370
358
429
341
400
320
1391
341
330
299
440
710
350
351
391
619
722
309
642
373
360
419
291
447
377
300
611
329
611
399
310
451
401
400
419
421
369
290
742
462
299
740
310
379
400
681
1371
670
691
400
290
630
399
617
389
300
1580
570
753
290
361
290
780
321
459
298
342
329
490
380
1362
320
702
708
370
459
392
370
640
722
353
600
299
605
711
330
650
298
600
399
310
1362
310
391
360
351
439
611
650
381
670
452
680
311
331
340
290
290
309
422
291
490
290
389
1171
319
440
379
604
329
411
302
624
291
361
1199
660
429
2160
1470
1490
1490
1490
1781
2201
1491
1491
1480
1490
1492
1478
769
349
410
640
290
690
370
409
320
323
300
671
333
298
331
399
1561
630
391
298
311
303
400
290
298
389
739
420
399
290
359
702
381
331
410
407
320
330
358
661
408
438
1729
1490
1480
420
1039
390
331
490
291
1141
409
698
411
369
318
672
370
438
651
290
339
709
659
412
298
291
429
383
290
428
1010
310
380
389
418
379
314
421
290
360
330
651
432
661
375
409
393
420
1462
662
309
1370
381
367
410
331
638
430
410
659
351
369
591
371
822
491
400
323
409
606
380
290
291
371
391
351
348
380
311
362
309
385
290
430
389
336
310
351
649
329
641
410
319
349
640
410
689
350
1639
389
362
640
290
732
470
731
681
297
399
419
370
340
648
362
1370
310
301
332
379
340
369
680
290
331
329
391
343
300
369
391
331
771
303
380
360
411
301
630
580
1083
311
331
710
962
379
401
341
351
290
331
781
381
370
312
432
408
340
360
389
379
290
399
592
370
300
310
290
632
680
331
352
348
370
320
349
631
417
361
691
390
329
409
360
348
362
320
623
410
350
361
389
641
691
379
311
303
1088
681
1341
387
380
621
492
399
741
359
350
398
333
710
299
409
358
298
650
395
321
382
341
320
390
351
592
393
290
363
398
321
351
339
298
427
358
300
361
331
399
291
362
400
298
390
298
311
370
361
671
379
291
389
400
371
408
310
710
308
391
309
360
291
339
298
421
339
290
359
351
349
420
363
390
360
363
361
353
351
350
308
359
398
399
359
381
291
601
360
649
391
357
380
359
300
359
1401
327
290
1091
359
391
384
317
354
350
442
461
399
380
399
360
311
407
330
300
302
299
350
340
379
422
380
352
2091
1490
1490
1480
1500
1502
1168
701
1442
357
357
310
359
330
380
290
359
371
582
351
290
329
391
388
330
348
302
390
331
361
324
390
672
400
411
290
360
500
360
429
380
290
309
360
360
341
640
360
661
720
350
309
299
432
400
389
1361
370
340
300
342
311
320
380
400
369
351
293
419
379
370
321
412
382
298
311
358
391
323
352
340
299
300
309
378
322
350
621
371
710
380
349
299
646
344
338
350
359
302
299
563
389
392
351
300
601
299
578
333
409
349
401
399
439
290
398
351
320
351
381
616
371
370
372
379
371
371
370
290
321
291
1340
361
412
312
375
359
373
391
320
339
331
361
1391
411
368
389
311
300
748
299
291
430
313
700
349
380
451
300
369
300
301
400
421
390
359
1057
322
383
631
370
309
390
321
371
370
350
350
331
322
351
381
625
351
319
359
1099
310
388
370
398
350
342
378
345
350
389
1420
322
390
370
321
690
439
290
332
361
560
328
380
369
341
481
352
357
310
311
350
376
335
292
309
1281
360
340
1110
359
310
310
360
351
332
430
351
311
360
302
299
389
339
342
291
290
322
370
290
2172
719
371
360
390
350
320
361
380
349
308
709
1149
381
312
341
391
319
309
380
320
400
369
341
349
331
348
1129
380
329
350
380
341
389
300
319
341
350
331
360
290
340
340
298
290
444
290
340
309
290
340
371
351
330
363
290
291
290
401
371
371
351
331
330
299
290
361
369
348
291
312
300
380
323
311
308
360
373
389
310
338
349
341
341
371
361
380
390
322
470
341
290
313
381
332
400
331
300
350
310
372
361
328
334
409
358
318
320
351
320
341
330
349
300
350
338
310
368
322
360
370
321
293
350
309
379
291
341
379
390
400
351
309
381
341
331
299
300
359
371
342
381
360
290
312
349
339
351
309
349
319
350
369
370
370
351
360
340
320
309
291
348
340
290
379
291
332
310
360
300
300
350
360
311
321
290
329
312
323
379
290
369
311
372
360
369
359
341
342
399
411
318
380
308
291
392
299
360
361
361
379
311
290
1119
460
338
359
399
341
370
300
420
338
360
308
340
312
292
322
290
369
340
303
340
341
310
351
339
423
290
320
371
431
420
350
321
330
293
399
341
1791
359
352
331
359
300
341
350
371
311
378
340
640
351
369
290
360
312
313
308
321
332
341
300
311
341
310
301
661
321
320
301
291
350
320
350
369
332
340
309
380
320
399
320
360
320
299
339
1283
290
362
309
394
299
371
300
359
351
338
339
312
349
661
339
331
299
401
349
320
319
367
290
291
291
321
460
361
350
378
350
351
331
313
302
291
350
380
319
360
290
312
290
350
321
359
321
300
291
357
350
300
392
320
291
330
310
332
298
300
350
341
349
721
321
311
349
350
290
330
290
290
401
313
451
360
351
311
449
350
1351
332
300
368
352
534
350
331
290
382
341
370
370
352
331
329
300
312
322
290
312
322
310
320
300
360
300
319
312
341
349
291
569
350
361
299
361
321
290
441
330
322
348
339
1710
1490
1480
1491
340
350
331
301
320
321
331
313
1302
379
291
298
341
311
359
290
310
368
340
301
331
341
309
301
291
320
303
331
380
310
311
300
291
358
290
342
310
382
300
295
301
313
302
321
318
309
291
341
340
341
300
310
340
302
322
300
370
313
330
299
312
300
298
330
341
290
312
349
330
362
410
298
325
532
309
339
302
300
320
350
340
301
290
300
298
331
332
299
291
290
302
321
299
330
299
300
388
350
337
290
300
301
341
310
299
301
311
312
312
293
290
300
312
370
301
330
291
290
331
300
322
359
312
301
330
290
312
312
301
310
302
300
291
321
312
308
332
290
341
290
301
321
311
290
339
342
290
331
329
310
290
290
290
300
351
331
290
320
333
432
329
290
290
300
291
290
291
389
339
329
310
310
290
301
292
290
321
410
290
399
339
292
479
290
330
302
312
290
350
2181
1499
1503
301
312
1291
350
311
322
300
313
320
311
290
291
320
319
310
312
311
321
300
291
309
310
314
310
301
300
301
300
312
301
310
390
331
330
340
309
310
331
332
323
310
359
290
299
300
301
331
290
309
308
320
290
300
402
323
321
382
321
320
320
320
319
300
301
300
322
291
291
290
321
529
430
341
351
309
290
330
300
300
302
299
300
291
321
292
290
310
321
290
321
320
309
311
320
302
299
370