68
118.
137.
159.
700.
154
1189
1121
1131
1160
1549
1620
1330
1468
728
1380
710
1150
3500
879
741
1391
720
4829
1540
1477
1290
749
749
1230
758
770
719
808
758
1480
711
720
740
750
2362
4040
2682
1751
1821
739
711
702
1679
1220
750
702
1161
749
790
710
748
758
720
3812
3019
719
1510
770
739
1421
711
2241
1649
730
791
748
1627
1559
761
721
750
760
760
1170
1519
718
740
1310
870
1351
731
712
1210
730
6190
731
708
740
740
730
711
780
750
721
2731
4147
3841
3300
732
1059
713
1470
971
890
760
860
732
1009
1119
1170
780
791
710
1402
719
800
729
2970
901
751
810
720
1148
730
1612
791
751
2988
3020
729
769
2348
2132
709
3499
3021
3030
2540
758
749
779
1481
1689
759
731
860
761
719
740
730
740
789
771
729
788
1510
2109
740
1230
1699
839
1010
1821
1530
799
751
720
870
840
1631
739
710
711
739
2010
1530
837
701
769
730
799
760
760
737
761
789
841
709
1541
749
3509
1601
841
810
762
1279
851
710
780
2249
1210
749
1279
859
799
800
880
790
1641
761
779
721
1601
721
871
1142
730
701
1569
740
733
1659
3860
760
759
1629
1009
708
738
719
1829
901
1247
1690
740
751
909
770
817
949
1138
2390
3030
3021
3019
3019
3020
3711
2990
3052
3030
3021
3020
3020
3020
3030
969
747
758
830
1479
750
710
1803
1620
769
1559
1609
2302
3030
869
782
729
737
1092
821
1531
794
981
1011
1629
711
1010
1009
750
1690
1599
1010
748
931
1729
701
1649
1590
709
1610
760
750
901
761
701
999
1580
1050
821
719
719
752
1321
1020
710
739
797
940
720
1710
910
1069
720
1661
1641
1610
1021
718
1621
720
1570
1670
780
1033
1692
830
730
3870
779
819
1750
1631
760
972
980
941
739
720
740
701
1059
1069
701
713
701
741
720
750
1057
701
810
1649
810
721
809
1030
1001
1341
729
781
721
1592
709
709
729
1752
738
1819
701
910
751
716
3280
971
738
712
961
1110
970
777
740
1200
719
1583
780
728
710
1011
721
1040
1750
2332
1139
1629
820
4040
1434
769
1089
800
806
769
747
1620
732
980
1130
1090
989
1709
748
1569
1631
731
1771
991
1026
771
978
721
1610
2071
740
712
970
1750
1369
990
4321
1559
732
851
790
3281
711
710
3909
3031
3020
3020
2550
1748
740
902
731
861
760
869
789
1469
941
720
940
828
758
1661
711
819
831
779
711
710
771
980
739
841
718
871
760
1700
709
1627
820
733
1660
761
1009
1730
1340
713
1609
957
3970
3801
3020
3020
3020
2750
740
748
749
1019
1651
770
798
720
713
750
831
701
738
730
1030
1051
722
709
789
2360
750
1602
737
1588
710
1649
711
706
731
1611
758
719
788
840
720
3749
2919
3020
3020
2719
731
3840
2740
720
879
1672
781
1672
733
701
720
1729
760
782
839
750
712
931
3049
711
721
1610
740
1581
710
1441
770
721
1030
2501
3030
3020
3021
3020
3020
3030
3031
1740
731
751
800
1619
712
1640
1590
750
859
1058
1600
778
1679
740
1632
752
1570
729
1029
738
750
731
1059
701
1208
719
4091
800
922
3028
2301
799
750
708
701
2991
729
1610
960
2781
1927
1452
1050
3060
711
1061
831
1379
1015
6688
1640
988
1160
1578
3990
1109
961
839
3710
828
1052
1792
1099
1011
1538
710
3412
1250
981
1830
720
980
960
1392
1660
747
838
1570
730
750
751
1611
718
729
1659
1011
990
3490
3020
798
709
850
980
740
1650
888
701
1621
728
720
1610
740
1552
1019
789
770
711
1680
1580
1116
799
748
1680
816
757
1678
720
812
1750
781
783
1681
1639
1610
798
1649
1629
790
712
1491
710
714
710
738
1020
2043
775
1641
841
1749
1621
1009
2521
760
1710
748
861
799
1620
782
704
1040
940
789
1679
750
720
1610
732
1669
749
990
1580
1719
730
820
939
799
1530
829
721
3110
1382
1621
709
1301
1098
780
1610
3821
800
730
869
720
979
1629
729
1560
849
710
702
1720
1660
859
780
800
741
717
710
1640
737
1640
1000
1608
3770
3029
1389
708
1648
1019
1569
918
1611
790
1058
1638
1500
4422
1221
998
838
860
719
1558
1250
938
1961
750
1611
1718
1079
738
1697
740
723
721
976
760
760
1050
780
1561
781
2351
3011
3020
3020
3031
3020
997
859
1019
720
751
710
1579
752
1571
726
770
741
2259
3020
3019
3330
3849
3321
3330
2590
1020
729
721
750
1300
730
1592
1710
1390
891
728
1709
730
708
1681
2400
1878
851
1219
731
909
748
719
1559
760
1600
1671
760
809
1610
800
1753
1031
729
1701
1639
1671
829
1709
2021
1620
1028
769
1550
758
742
1050
1619
873
819
710
710
721
1620
720
809
722
1689
739
1596
779
971
1750
729
1600
800
799
742
1449
849
869
730
730
710
709
2038
742
891
711
1640
819
710
750
738
1179
750
749
2040
880
708
855
739
800
770
720
838
701
732
712
762
1560
831
1639
840
722
921
729
808
778
1579
1071
769
749
808
790
740
729
1568
1521
1022
759
799
759
970
1071
721
798
830
800
830
1520
1611
729
1680
809
701
757
831
1029
2069
1568
1020
951
1719
747
740
779
760
1681
770
1641
1791
711
791
751
740
709
2189
750
1220
1570
1271
1590
789
3581
705
719
839
1549
1580
780
1728
819
1580
1031
1610
1280
754
704
799
770
830
740
827
798
757
899
751
718
750
1150
769
790
769
759
1649
800
880
4667
701
770
1539
3681
3121
1240
1048
755
1560
1600
779
1019
1320
828
950
760
789
703
719
1641
840
790
701
724
729
1223
1171
739
1010
760
829
789
800
780
750
1609
829
801
820
710
750
1510
729
1460
980
714
721
1552
741
2451
800
1681
768
754
799
2121
3031
3319
3039
770
840
819
800
761
790
709
809
760
830
790
739
701
799
781
750
780
3408
940
757
708
860
789
2300
722
1471
760
969
777
790
3750
1830
809
789
1670
899
760
709
800
800
821
748
819
751
961
720
888
709
1209
960
1721
769
1279
880
3641
739
1511
721
1540
750
3812
830
729
728
1557
1561
1589
720
758
1579
778
810
2290
2061
1651
3840
3020
3031
919
710
850
770
710
780
1619
869
1658
719
710
750
720
750
869
1021
729
1618
728
1718
722
850
725
769
726
760
780
911
758
2541
3019
909
1552
808
758
3690
3020
3030
1569
1580
1648
720
707
776
809
1469
1621
791
720
731
1652
1581
841
790
1610
1438
781
2190
829
839
1510
761
779
1551
729
4512
1719
1332
1530
2060
801
1071
747
741
780
1230
789
2159
1648
1560
888
2282
3020
860
821
840
1880
1660
739
759
760
829
759
1555
720
760
741
2248
3661
3030
3021
3019
2082
856
799
778
709
709
710
1631
719
800
780
1569
787
799
1620
820
1737
770
1019
837
724
759
1610
776
1521
810
1550
750
701
770
760
1200
778
818
3951
2279
3020
3020
3019
3131
3019
3330
1600
741
818
1570
3860
3019
3021
3030
3320
3030
1421
800
809
839
790
759
771
1570
769
701
730
1477
701
740
788
1547
1581
842
3840
3220
3020
820
770
780
1470
711
869
759
711
861
778
1440
1622
830
770
3830
2749
827
728
1680
770
772
751
817
811
708
749
790
1650
1570
1650
830
740
1690
1600
721
711
751
1631
739
763
730
1660
760
790
950
759
760
1430
2272
3442
768
1339
745
1698
1600
718
3710
780
778
1500
1480
740
800
759
832
710
3839
1860
719
1641
868
1573
820
770
1680
1190
3339
761
1091
2291
841
771
2651
4811
3529
734
779
831
1579
1550
841
789
789
1602
711
1150
839
1471
741
750
1551
3801
790
1520
780
760
729
829
1630
721
759
1617
1539
1411
798
760
776
761
740
780
769
1950
748
710
823
1480
779
908
1229
739
779
719
1631
800
720
769
820
719
2679
752
1169
719
789
849
840
751
1598
741
929
749
756
750
721
799
792
710
800
711
739
819
747
760
737
739
1651
709
800
839
869
746
780
1559
749
779
720
817
1920
800
710
780
876
751
758
1090
809
761
729
710
971
1111
1308
992
778
790
2440
1541
3450
767
801
1639
711
722
860
741
736
800
1520
788
761
711
715
701
728
860
801
779
770
780
1451
731
750
759
1569
791
749
725
759
811
791
780
1520
1520
3880
1210
751
740
751
800
789
749
1556
719
740
1660
1831
750
701
801
800
778
720
779
739
710
722
1188
1580
740
737
1698
808
729
709
1521
751
786
771
750
728
1660
750
720
1582
1600
790
799
770
704
1588
739
818
781
760
780
751
728
709
761
1719
809
1539
1662
779
1560
829
821
780
1810
720
889
1710
826
1181
1520
732
769
730
1609
3420
1109
1150
752
790
711
827
761
798
701
768
720
709
710
760
722
750
731
800
710
771
1840
783
1170
730
730
770
710
1679
740
741
2290
750
791
769
1580
730
791
740
1538
790
742
736
1670
760
1479
711
792
741
3781
3010
3069
771
748
798
1619
710
730
827
760
3819
768
739
728
1790
748
765
753
759
711
720
768
728
911
759
702
778
759
2570
708
750
759
759
718
731
801
720
771
788
761
1490
779
762
741
751
769
729
780
799
1378
730
710
739
1628
1709
719
770
732
769
731
720
781
800
741
750
761
760
1609
1559
730
708
709
809
749
720
710
760
737
3701
1490
769
760
840
761
820
1220
708
759
741
1349
1029
730
2712
1119
1669
1679
747
730
809
750
749
818
721
711
2060
760
760
1530
742
730
771
758
730
829
1149
740
827
1620
2351
730
780
759
721
3781
1869
734
771
791
781
1669
1479
779
798
899
1660
740
770
708
1900
711
710
750
760
2300
3049
709
730
838
760
799
829
729
1620
810
719
782
780
709
779
729
840
1459
1291
730
748
1610
770
1630
841
721
719
810
800
760
2431
759
751
789
3740
769
730
840
739
1598
810
730
719
713
758
1951
703
731
710
750
769
820
759
721
789
1403
729
740
738
1607
719
730
710
738
837
715
740
720
720
770
871
702
780
2790
2190
725
807
751
1540
799
710
800
1630
1190
870
3491
711
720
1301
3259
791
1160
750
1640
780
1380
750
701
760
772
739
770
810
750
799
710
759
757
1420
2232
2327
720
1470
709
790
763
741
769