47
71.
90.
109.
229.
95
231
260
231
270
230
239
263
251
251
241
241
280
230
251
230
301
230
370
269
231
249
240
240
260
250
231
241
249
291
238
279
257
240
286
259
241
271
230
480
239
261
250
291
239
250
239
239
249
261
230
250
230
269
230
261
231
250
249
239
230
230
231
260
230
260
230
400
280
230
239
238
230
281
232
230
244
231
247
230
290
240
230
230
237
251
250
230
267
259
241
241
240
242
239
230
239
279
280
239
251
270
240
230
251
260
249
240
321
250
292
269
239
240
239
239
240
359
239
231
270
261
238
231
238
279
230
240
260
249
239
242
230
260
238
240
249
241
250
240
269
240
239
300
230
249
311
249
310
280
230
230
269
301
239
250
230
240
231
280
250
280
289
320
269
261
269
240
241
280
281
240
261
240
269
271
240
259
281
280
230
230
250
249
259
269
250
258
230
279
290
261
240
240
241
279
240
239
319
250
267
230
250
279
280
250
239
232
260
253
291
239
230
230
239
230
250
230
261
322
250
298
299
262
251
269
231
249
309
252
259
230
231
260
261
239
289
239
271
251
250
250
240
240
250
280
231
259
230
328
242
291
280
272
360
270
231
279
251
230
241
258
230
270
251
230
269
240
239
230
230
531
249
231
271
249
280
240
289
250
231
239
308
288
269
281
531
251
302
259
230
260
440
240
260
240
281
260
240
351
230
230
290
260
231
240
240
240
250
248
258
250
230
239
259
281
239
239
249
267
301
251
250
240
261
231
269
250
260
230
240
259
270
246
249
261
281
269
239
230
291
249
231
239
239
261
282
288
260
230
249
249
309
240
251
272
277
231
231
230
230
281
251
259
291
270
291
249
289
239
259
240
249
270
239
351
270
279
249
319
259
249
231
240
240
270
240
321
269
280
300
259
230
270
260
260
231
297
242
249
281
258
240
260
241
259
272
442
281
269
271
259
230
241
280
269
280
230
251
259
332
301
249
240
289
230
270
269
230
231
270
241
261
260
319
230
250
271
310
262
368
240
270
290
260
250
239
270
250
230
260
259
250
259
230
1070
279
259
301
300
281
259
301
288
269
271
271
270
250
260
269
280
310
257
259
271
230
230
279
230
250
291
231
259
249
270
249
239
250
230
240
242
270
240
289
241
230
282
250
301
288
270
260
259
300
260
250
258
250
278
240
230
289
280
279
241
250
231
230
290
280
1068
231
297
269
230
250
269
231
398
259
240
250
239
330
230
288
230
251
239
260
250
250
240
249
280
1061
239
251
280
280
239
300
240
249
279
240
270
250
260
272
300
258
241
231
240
299
291
260
252
239
260
239
250
230
279
240
249
251
251
261
231
230
281
271
300
240
260
299
230
240
260
250
250
241
249
269
231
280
260
250
271
270
241
1095
258
240
251
249
231
269
240
230
270
250
282
239
250
289
240
250
268
259
258
309
260
259
262
230
251
249
307
231
260
250
240
232
250
270
280
261
279
279
249
240
247
259
250
260
237
279
239
231
269
260
269
288
269
258
251
259
282
239
240
319
250
249
259
250
249
239
240
260
230
239
231
250
240
300
231
272
251
270
238
1100
241
269
269
239
270
250
279
281
260
231
231
239
249
230
269
238
260
243
279
250
230
289
230
239
250
248
230
261
230
230
251
250
241
239
230
250
268
288
240
259
239
251
241
261
231
250
230
270
230
249
230
230
259
279
278
249
279
238
260
230
279
269
260
269
299
231
230
259
230
230
231
257
309
247
240
259
269
251
242
230
260
249
259
259
242
231
241
230
271
230
270
259
230
290
279
260
250
248
318
250
300
239
239
260
241
242
230
251
240
250
250
230
230
270
261
280
239
240
231
290
240
259
281
231
269
260
289
269
231
233
231
240
248
291
231
239
280
239
270
259
250
431
230
238
240
269
239
259
271
239
271
231
251
240
401
230
241
259
259
239
250
230
250
390
260
309
230
241
231
230
250
249
330
261
240
260
307
250
241
231
239
248
230
269
239
279
260
230
240
259
240
289
248
281
243
231
230
252
230
290
277
230
270
260
270
250
288
249
260
271
240
233
240
249
260
230
269
240
240
232
240
260
230
249
268
230
239
240
259
249
250
230
290
290
230
250
259
249
260
240
231
250
269
269
236
250
278
230
250
251
230
260
281
270
249
270
230
230
230
249
279
239
230
260
260
273
230
249
230
230
259
240
320
259
240
261
231
239
240
290
239
260
260
259
291
280
240
251
230
231
230
252
250
259
240
267
230
240
250
238
241
245
241
239
240
249
259
250
268
240
230
240
230
259
237
240
249
261
269
236
281
249
240
242
230
231
230
250
250
241
240
240
280
230
248
239
350
230
260
259
269
249
240
231
260
271
242
251
250
270
240
260
242
250
239
240
241
239
240
250
270
230
280
238
269
242
239
241
259
250
241
230
230
241
260
240
280
260
239
270
238
231
300
240
239
231
250
260
232
279
239
289
260
259
230
230
239
269
240
230
260
235
270
239
350
258
249
240
231
230
239
239
250
240
240
250
269
258
249
261
289
230
250
269
422
231
270
230
269
259
230
279
239
248
391
250
240
350
300
278
230
259
239
261
280
231
239
230
290
279
230
240
230
250
251
238
230
250
330
231
260
250
249
239
248
239
239
289
360
231
280
249
390
231
260
320
258
250
240
240
240
272
241
230
239
240
280
232
308
239
282
270
271
231
269
230
240
230
241
239
269
251
278
232
240
261
249
242
250
230
238
248
240
271
230
240
261
230
238
230
240
280
248
259
258
259
240
259
230
239
230
261
340
240
240
249
249
260
322
301
251
232
240
235
231
250
260
231
290
240
259
269
259
269
240
252
230
239
231
260
259
231
241
231
250
230
249
230
230
285
241
239
270
240
230
230
249
249
232
240
240
251
249
271
239
230
230
230
240
250
259
252
281
280
231
243
230
291
291
233
270
241
349
1150
260
230
1109
250
231
239
268
258
260
230
301
258
249
269
230
259
261
230
230
268
239
231
239
230
241
230
239
239
250
230
240
238
239
273
239
249
230
260
230
240
250
230
241
299
261
370
249
240
280
230
238
249
239
300
230
249
258
238
280
250
249
231
280
241
270
230
240
261
230
341
230
240
261
251
258
330
259
300
231
270
280
260
230
270
241
230
241
248
230
231
319
270
280
240
250
230
230
240
230
241
230
237
240
272
249
230
260
370
233
231
240
270
231
241
236
481
240
240
231
270
239
240
239
286
238
440
250
251
239
237
270
240
230
238
249
289
240
249
261
249
268
237
237
231
230
250
231
249
350
230
270
259
250
240
239
230
230
230
230
260
289
230
298
290
249
320
251
240
260
231
259
262
250
239
230
361
230
240
238
230
230
241
301
239
230
231
231
240
268
240
231
269
310
240
289
240
340
230
239
250
231
280
240
260
237
1122
241
230
230
241
249
259
260
321
239
240
280
249
239
269
395
231
250
233
237
239
349
240
240
239
241
241
260
231
250
230
241
299
241
250
267
1090
231
302
230
451
260
239
248
248
240
329
300
282
319
231
231
231
241
273
308
230
420
311
250
257
251
250
230
243
260
232
609
238
233
230
347
281
230
259
231
231
350
1130
250
240
240
230
259
230
249
239
240
249
281
271
291
230
239
230
280
319
231
289
291
280
289
279
270
292
230
241
309
279
259
241
230
262
231
240
271
250
232
240
250
260
279
250
259
250
251
349
312
280
250
260
231
283
300
233
260
240
231
280
282
236
230
268
240
230
233
250
242
241
241
262
260
330
280
271
241
320
269
248
241
252
271
251
230
269
320
230
241
280
284
250
270
310
230
242
278
239
238
250
261
292
260
239
259
352
311
260
238
230
230
300
249
239
239
300
230
340
250
279
329
241
232
260
241
240
230
250
280
291
251
231
295
345
250
230
330
240
240
249
239
230
244
241
340
231
320
251
249
250
261
250
230
251
251
340
279
248
230
237
230
250
259
230
250
250
231
279
240
258
239
240
259
310
250
258
239
231
231
249
230
239
239
269
249
280
320
241
250
240
241
270
270
251
239
249
240
239
251
240
238
249
250
250
239
263
260
241
240
251
299
240
351
629
291
231
240
239
279
269
250
270
290
230
269
259
259
248
309
250
239
230
240
270
289
259
250
260
250
250
258
239
250
239
261
1140
240
250
240
290
230
240
271
231
281
259
240
269
300
269
240
230
280
230
240
260
258
239
239
293
279
260
340
260
288
250
249
240
259
241
249
269
240
241
261
290
260
230
239
259
260
260
248
270
259
249
240
239
260
251
279
250
248
270
231
249
239
280
240
240
250
240
241
281
350
240
269
279
271
259
248
301
270
250
279
269
1142
280
241
230
270
240
259
241
239
281
230
271
404
279
270
281
340
319
319
309
340
239
240
410
292
249
250
250
320
250
260
279
240
249
270
310
239
272
300
240
240
230
271
279
240
310
280
301
401
290
230
290
320
280
230
269
250
300
240
259
290
270
239
270
309
271
319
291
270
270
259
230
281
260
311
260
250
260
260
270
280
261
459
250
261
339
239
320
311
240
291
241
299
240
252
238
271
230
259
271
250
298
281
280
260
261
280
320
310
231
271
248
268
290
289
249
268
290
260
260
331
279
230
279
290
270
240
271
320
260
268
280
279
281
260
249
280
249
281
320
310
269
250
270
259
258
240
232
299
239
270
340
232
269
290
1120
270
251
240
290
250
260
267
299
279
392
250
260
230
290
250
232
251
230
290
303
251
271
281
260
340
311
281
319
240
309
290
300
231
280
309
251
270
271
251
270
281
259
272
260
242
250
230
279
230
270
240
301
239
250
259
230
330
310
259
230
241
319
290
248
241
250
261
233
310
277
230
260
270
280
251
291
290
270
231
260
261
260
299
259
240
240
310
251
260
270
250
231
280
233
290
267
231
261
310
230
232
230
269
239
269
259
240
250
249
261
250
269
270
259
251
300
260
270
230
230
269
279
261
254
231
270
271
239
260
289
250
239
250
250
259
280
300
269
280
270
261
230
280
249
321
300
280
268
279
251
240
231
249
241
240
230
280
269
260
239
300
252
290
239
310
270
270
281
280
269
250
231
261
280
241
231
250
241
280
250
290
280
260
310
289
299
310
279
260
260
230
269
290
330
240
241
319
260
260
260
271
260
240
300
280
310
280
278
249
288
271
277
280
250
288
251
280
231
281
239
280
250
280
310
241
260
250
251
250
231
291
269
265
269
231
340
278
250
250
231
249
230
311
320
319
270
270
233
250
250
260
309
250
260
280
260
300
259
259
230
230
251
251
241
230
271
410
278
270
230
231
230
260
240
249
249
289
239
250
261
320
230
260
339
249
280
270
251
291
280
230
250
261
310
291
268
278
270
280
271
260
321
260
280
290
260
300
271
289
311
230
329
259
240
230
291
241
269
240
271
300
310
249
289
300
277
283
250
269
250
239
290
269
329
241
261
239
270
279
270
250
240
260
259
250
340
299
288
311
289
248
259
250
258
260
260
259
240
250
269
249
241
291
260
269
261
237
279
249
258
271
239
240
270
250
240
269
270
250
290
262
259
249
250
291
250
250
240
251
259
251
241
250
260
239
289
231
1060
230
300
273
241
241
251
240
280
259
239
269
249
249
240
280
290
270
230
231
301
260
291
231
250
269
239
271
249
249
241
250
281
261
1100
230
259
310
231
290
230
290
269
269
291
251
260
280
280
250
259
329
300
260
289
269
281
248
260
259
240
271
261
270
231
251
309
270
299
261
310
279
249
280
240
251
259
259
269
241
231
250
279
249
280
250
299
260
289
240
338
249
260
280
230
259
251
249
239
259
251
260
250
250
260
281
230
281
261
259
240
250
250
271
280
309
290
249
280
260
239
330
260
230
489
290
260
291
286
230
261
230
240
232
241
289
251
260
260
232
241
240
258
250
281
279
249
280
311
231
230
260
260
259
241
261
249
239
260
281
260
280
291
250
240
250
260
319
269
251
260
270
330
300
250
250
241
289
240
289
250
230
240
231
280
237
270
230
251
251
252
260
248
289
239
290
241
271
285
260
231
331
240
279
248
271
270
240
250
319
289
230
239
240
250
259
240
400
287
230
257
240
271
230
240
270
270
239
251
249
310
251
269
281
270
321
250
280
1050
230
258
280
240
259
1158
280
239
240
310
269
239
249
240
258
231
239
241
269
265
260
266
250
240
251
240
1140
269
270
299
240
289
250
260
290
271
250
251
240
351
240
231
249
259
230
230
238
251
282
249
260
299
261
269
230
230
230
240
230
240
230
240
250
290
231
230
240
269
248
230
249
250
260
261
260
286
271
240
260
230
230
230
230
270
285
239
251
279
263
239
239
260
261
300
260
249
251
230
260
260
240
259
231
230
250
238
270
269
289
230
230
240
281
271
269
237
258
240
260
260
240
249
240
259
237
230
250
230
239
240
259
231
280
250
240
241
251
261
241
250
239
240
240
271
270
280
270
259
251
261
250
270
289
250
249
260
240
268
281
299
360
289
241
230
251
240
230
250
230
239
240
242
280
391
290
271
239
260
291
270
260
259
241
250
280
276
230
238
267
270
230
240
270
230
260
259
309
241
250
240
240
270
238
290
259
270
269
240
231
231
230
300
301
230
240
230
259
259
240
240
260
260
231
281
250
252
250
260
240
268
240
290
351
279
259
280
261
240
257
269
241
290
260
281
251
260
250
230
249
249
231
241
280
299
230
249
260
259
260
230
230
261
230
231
239
280
239
270
270
269
239
239
250
240
231
250
251
279
230
250
230
231
230
238
260
240
290
230
230
249
250
239
269
270
240
230
290
380
277
278
239
285
260
230
241
230
300
239
309
290
250
231
240
231
249
250
240
230
260
251
281
230
251
269
349
231
249
301
250
240
261
231
230
250
250
259
240
230
250
270
263
279
239
239
231
231
290
291
259
241
241
307
260
249
239
250
240
240
261
270
260
230
240
230
230
250
230
240
259
230
241
240
330
239
230
231
240
230
231
240
230
249
261
269
278
269
239
239
241
231
251
240
250
240
250
299
249
249
250
240
287
230
230
279
268
310
231
261
237
231
351
260
230
240
230
251
230
230
291
231
261
233
291
301
269
239
239
320
300
240
290
249
299
260
246
230
251
250
240
250
249
231
269
250
252
240
260
270
269
230
240
230
300
270
230
250
239
249
250
261
260
241
291
260
230
250
269
230
279
278
250
239
249
240
240
314
231
230
231
260
249
339
240
250
240
231
250
232
260
239
230
239
240
250
250
250
231
270
291
231
279
251
240
240
270
240
249
230
240
279
280
312
251
239
230
230
259
259
240
311
231
289
271
230
339
239
271
260
300
260
231
239
249
251
240
230
230
260
261
231
279
290
230
251
271
231
238
249
235
250
252
239
241
239
288
260
231
251
271
319
270
238
230
231
281
240
230
230
250
270
249
239
249
230
240
250
240
260
248
230
250
230
240
259
249
230
291
240
230
320
230
290
281
249
230
240
249
230
248
250
410
251
260
230
240
290
300
250
240
240
260
231
231
269
339
249
260
231
240
240
232
240
230
259
230
230
230
240
271
230
249
280
239
241
231
260
260
238
239
231
230
239
260
230
260
251
230
299
320
239
230
251
250
261
250
250
257
240
261
280
289
300
240
243
230
302
249
230
259
241
231
253
369
230
231
241
258
251
260
230
240
240
240
231
261
240
260
230
242
239
259
230
281
250
241
240
258
239
241
240
268
240
230
260
236
290
280
231
260
230
311
269
289
280
290
230
240
230
240
261
1130
241
241
240
268
460
230
260
230
230
259
341
230
240
231
241
241
250
230
281
240
230
230
260
250
230
260
260
301
241
258
265
251
239
230
231
231
271
269
260
230
230
240
280
249
311
230
230
230
240
230
230
250
239
230
239
239
249
250
230
259
271
247
260
291
330
267
250
239
230
231
260
350
279
230
248
230
249
239
350
249
250
280
239
241
230
250
240
269
231
238
230
239
230
263
238
351
230
230
231
230
291
251
270
239
270
241
250
249
250
260
230
239
231
240
250
240
239
231
230
280
260
239
250
260
230
239
231
240
269
238
230
254
280
238
240
1188
240
232
249
278
239
269
259
271
330
250
251
250
259
279
235
259
240
252
259
270
230
309
270
290
230
230
299
239
230
230
230
241
320
249
240
260
251
350
230
240
231
230
423
289
269
238
230
262
231
230
239
240
251
260
237
289
371
269
239
320
231
241
231
248
259
272
230
248
230
241
259
230
230
230
241
270
259
244
240
349
301
238
280
240
230
241
1121
230
239
290
242
240
230
309
290
269
230
240
232
310
230
230
339
309
250
260
231
249
230
259
230
310
230
290
251
242
230
241
240
338
238
239
260
288
251
300
230
230
258
230
240
230
250
242
411
259
239
249
340
340
291
280
270
280
230
261
239
241
249
231
256
279
239
291
231
230
292
280
249
367
240
281
239
250
340
269
231
250
261
270
231
270
243
299
241
253
230
304
291
268
248
288
289
239
290
260
231
231
239
251
289
399
280
241
350
259
300
309
259
400
249
251
320
279
250
258
230
242
271
250
240
240
259
230
246
339
269
318
240
259
260
439
239
239
239
240
270
390
240
279
231
300
260
300
251
234
272
231
270
261
269
249
230
230
236
232
247
236
241
252
320