68
120.
141.
169.
321.
154
498
478
351
420
1139
449
390
429
361
1729
660
1308
419
1371
1349
439
460
1179
390
337
1251
821
460
3838
1229
850
361
509
1230
481
341
679
480
1160
2329
341
338
368
441
329
359
339
1390
1179
1491
1163
348
488
1130
3098
1222
680
332
1168
369
340
1270
658
501
352
330
339
1170
450
390
1180
439
1328
3221
700
1230
479
421
390
1197
1180
1188
350
1429
341
330
1120
1590
349
1151
1411
609
354
531
370
365
350
350
1210
420
442
921
380
368
329
1169
1189
408
370
432
429
1220
1170
778
487
1171
2821
1151
350
1148
329
433
470
2620
1240
339
1140
1209
1170
1159
330
1199
420
1172
1200
1311
1820
328
400
400
1130
339
490
341
1238
497
328
359
372
1215
1150
1129
1179
1321
359
350
420
330
360
360
371
390
352
1219
333
1347
1160
339
351
1100
1193
1218
470
1500
338
349
769
359
361
340
458
1640
350
1140
440
401
448
329
351
470
429
1308
621
359
1170
1327
410
419
330
470
1291
350
370
409
1149
329
330
420
329
330
453
390
508
1190
420
328
1230
388
458
1200
1159
331
331
341
1540
1170
371
399
330
1237
1188
501
338
330
339
400
1101
1219
2551
328
1260
383
361
380
1249
419
332
1189
1190
1191
367
1209
341
350
1239
1191
369
370
331
349
462
529
360
568
1281
1148
391
2270
329
1139
2672
3059
1881
429
680
409
330
1230
340
371
1230
370
1909
470
383
1241
1210
990
1198
1890
1090
1123
389
348
511
1180
1150
338
415
1151
330
370
562
340
340
1139
332
340
341
4031
1238
386
340
690
331
365
471
322
391
352
1231
1173
731
490
322
370
2321
1171
1250
371
491
339
1229
390
1347
1209
1240
338
338
1181
1170
341
1260
341
1169
1129
1892
351
330
420
2540
849
512
2041
448
1218
1200
421
351
361
489
2239
1819
329
339
1169
4162
330
1140
328
1851
350
412
1131
331
1258
1180
402
351
1219
3058
1351
2110
681
1140
1170
1319
330
341
1240
1160
510
350
1871
3049
750
1160
469
359
1131
458
739
359
1251
359
419
418
401
414
499
339
1220
1210
401
371
490
1208
419
440
580
1190
358
1251
351
333
1151
1170
477
1199
449
332
1679
1890
341
450
2257
349
1170
1161
349
1180
1240
1110
360
390
439
329
391
329
1250
1220
1790
540
3390
3120
350
1132
1192
370
362
379
2470
449
331
369
339
438
1218
392
456
1131
1220
340
329
351
371
2170
1190
369
501
368
408
347
1789
379
330
331
1171
370
608
501
370
1389
469
653
1110
1141
468
490
340
419
1129
1211
360
1179
390
340
1112
362
370
331
1269
381
610
478
351
440
427
1170
409
350
1169
3328
360
330
360
389
1208
340
629
331
330
2110
1130
1099
1800
3020
3040
349
520
347
391
1834
2559
332
420
1151
338
1179
1171
350
350
3721
2650
400
380
1408
1159
1169
371
430
464
402
800
395
1351
1100
1179
1150
1220
441
400
3402
3068
360
340
441
1123
360
340
1101
359
379
380
330
330
359
449
530
500
1140
329
500
1130
331
340
1249
1172
419
1150
1321
329
331
341
560
371
388
540
339
1222
411
1210
469
1128
330
1143
509
340
1209
419
381
450
430
330
389
349
330
350
481
359
401
330
470
371
350
1128
600
409
500
330
2311
3058
480
400
1629
1149
429
330
322
388
929
461
418
481
350
349
420
1991
1341
399
340
361
390
1219
450
330
340
341
430
431
341
361
3609
3050
420
1091
341
430
509
1227
329
351
337
1390
360
1148
341
380
339
1110
3010
371
1110
1359
340
370
1219
330
429
338
3231
4050
3920
400
1090
371
381
1189
1558
380
420
380
370
399
390
590
370
1162
1380
1140
338
1320
361
3110
390
538
1101
1597
410
324
640
329
1131
350
1146
341
390
438
439
380
778
3209
341
369
2200
360
372
487
988
430
480
3201
3548
678
350
330
440
470
423
420
341
375
1170
1190
658
340
1101
379
819
490
3941
350
370
431
1251
330
339
392
739
548
400
1220
3021
728
1979
1149
1900
1910
350
1169
1179
350
331
419
403
451
579
360
1392
839
372
609
2997
2330
420
1190
460
399
1111
379
530
3090
3030
1870
1180
379
469
460
409
650
332
636
1409
358
349
1213
340
1102
429
1371
419
2161
1180
392
339
451
341
380
1929
361
408
371
418
330
3149
3051
3068
360
2169
3011
490
1171
1110
462
400
339
338
369
1140
330
339
479
440
341
329
1231
1120
330
370
450
390
481
410
1207
341
473
440
1180
3359
1839
340
1207
1618
331
329
1169
548
1370
1149
348
3791
3018
2861
400
570
420
390
1131
360
388
340
1159
351
379
360
1180
1178
1270
1237
332
371
331
340
509
1294
361
348
1858
401
1121
389
350
1130
360
1263
352
340
390
350
459
1230
1854
399
510
689
428
726
3111
1883
330
1131
1121
350
361
1759
690
1147
1160
360
1170
1221
390
347
383
1171
531
1349
1131
340
1139
368
1141
3090
3020
1121
419
419
3189
1189
651
800
370
370
1380
341
1170
330
329
1181
1220
1161
400
1149
380
350
1180
378
1122
1270
489
1540
1980
360
3100
1919
340
439
1339
3381
2940
401
340
359
439
1160
350
2140
420
449
341
949
481
421
439
356
392
330
340
340
667
2932
3059
351
498
1179
380
1140
420
359
3137
2990
1590
3020
3030
1869
370
399
621
390
350
689
327
477
3068
3039
1129
350
389
349
331
1200
3089
910
390
342
609
409
1667
390
330
1168
1519
350
1210
350
389
400
411
330
469
331
359
478
374
332
380
450
1175
1219
658
553
1180
2240
3101
3039
2659
1198
350
1129
1229
489
361
401
1750
4388
1360
4718
361
1151
341
389
330
421
470
450
1187
1019
3255
3189
1109
1220
381
329
371
330
360
380
1738
1149
340
3126
330
586
370
368
3019
3028
1569
358
2997
1089
669
419
340
441
348
349
380
2017
447
331
369
380
330
370
3899
339
749
410
340
488
2921
2920
3019
3031
3319
3699
3282
379
1129
1140
478
1189
430
329
338
518
420
1188
347
387
330
1220
450
1180
410
410
410
1140
341
1269
2880
460
380
909
370
977
1880
659
330
1900
479
339
459
351
850
340
1190
390
1108
1420
3011
3109
1150
368
3391
400
716
3111
3040
1298
369
1274
390
1418
2701
339
3751
1731
1468
361
338
341
1190
370
388
332
329
1189
420
1231
348
1183
2161
380
1120
1456
499
421
1249
350
421
400
470
468
1840
810
380
1479
1191
359
330
370
610
1118
500
360
1250
330
350
1179
1111
4107
341
410
370
1771
1911
449
330
340
1160
1339
1218
390
355
389
331
331
728
1169
1240
2491
3041
2958
391
350
1158
1219
399
469
447
330
2882
3037
1880
330
438
390
3141
1880
369
1233
1170
330
1160
380
1171
401
3061
3031
1873
350
419
1730
339
470
330
439
359
3100
369
368
431
489
2831
2989
3040
2640
322
399
1101
329
1308
328
470
1180
350
418
329
360
340
1210
2492
468
419
330
1199
409
1160
1169
442
340
1660
1129
329
371
458
1111
350
1198
1149
2889
989
447
379
1270
1149
380
349
677
1902
330
528
3089
2909
880
1179
510
1970
328
400
1152
1200
331
981
392
350
1119
361
1291
1239
391
411
479
1111
360
479
370
419
1181
330
1192
1759
1109
1189
561
349
382
797
3088
469
1789
506
1138
1257
340
340
880
3329
600
391
437
4567
1820
430
371
340
439
1159
1286
440
3110
1172
1170
409
4398
2278
370
358
410
1357
1150
3840
400
1209
2018
640
1697
1117
4040
819
369
369
1611
420
2247
4280
332
351
1160
331
1172
411
389
1130
330
340
1928
1142
438
418
3070
338
4029
3089
1121
390
1210
328
1160
349
1173
399
1139
390
441
697
322
2472
351
379
338
419
430
409
1209
1828
341
360
341
2619
410
2999
1351
3109
650
608
348
508
1939
341
332
360
980
4090
420
330
380
350
1140
530
350
3067
332
402
1949
1070
518
1179
340
419
330
1230
330
329
350
3110
3036
1140
339
410
397
1300
358
468
2823
442
399
430
1190
379
1209
1240
361
329
3138
1821
669
455
330
1159
340
1130
458
3247
1501
1601
478
331
1210
1150
431
370
3099
1478
1190
331
688
1152
330
420
1162
1130
330
428
329
399
1162
469
1239
411
339
369
428
438
418
3159
3085
370
1239
420
350
1180
340
328
360
1192
709
448
354
349
1199
330
2370
869
381
401
339
429
327
330
389
389
421
1219
360
1137
410
351
428
348
431
953
1161
1211
4151
3041
560
329
418
361
330
1099
361
559
1102
1150
350
339
331
2678
427
459
609
330
2851
3018
1369
1119
1210
1231
349
3069
3038
1840
330
669
350
437
732
460
1192
379
1162
3039
1883
331
330
460
1219
330
587
520
3086
3031
3028
1199
1461
1109
560
1438
367
1160
330
360
419
330
1170
390
449
3091
1890
578
2328
549
340
1160
3330
610
380
330
1190
327
1182
412
350
530
3353
2381
380
331
3099
3019
2831
1148
610
411
368
360
349
3197
1749
1851
361
421
337
1180
390
338
1858
1160
591
831
529
361
1260
1770
378
458
2888
381
2248
3189
1830
353
1160
1150
417
361
1170
1120
1205
3360
3020
3057
350
1170
330
1180
1138
386
350
1979
370
1232
1160
422
550
356
1167
369
1187
479
1210
339
336
3160
341
371
330
1229
1812
2362
1141
350
350
1318
1201
1238
859
329
2309
341
1210
900
1199
481
330
341
400
3088
461
410
1141
349
457
370
458
477
1140
439
329
360
360
418
515
389
1279
1208
401
571
1169
341
458
769
1750
451
799
479
2718
1187
331
1190
640
429
1280
381
1040
1151
331
420
389
438
373
401
330
370
1200
3301
1378
371
340
3130
3039
1921
1160
439
381
329
391
1187
479
370
529
3127
1109
351
1222
387
420
341
329
1738
459
478
441
419
350
350
379
641
340
340
391
1140
409
341
379
369
1129
349
1099
450
360
330
399
374
2338
361
348
410
390
1508
428
349
380
1319
571
351
368
420
499
3170
1219
350
402
330
510
1129
3291
1537
1099
1539
390
698
1240
347
1299
1211
350
432
330
907
420
400
430
1159
337
379
450
379
360
1199
492
413
370
3027
370
1190
330
3105
3048
370
370
1301
1209
868
420
1228
1209
410
420
518