89
150.
169.
190.
430.
188
450
471
460
510
440
460
570
520
432
1229
440
449
480
1211
510
460
440
460
450
529
1400
440
1160
439
434
461
460
431
439
1279
1329
1210
440
440
440
590
529
1190
1199
470
1220
1249
500
484
490
451
449
1240
1320
470
559
591
460
549
431
480
1530
1169
448
1340
1290
1201
1371
541
1220
1240
660
601
1156
1309
1170
470
1300
701
450
1150
1171
1160
1391
1180
1169
489
1158
1170
550
1111
1459
449
1329
661
1380
651
1309
1208
1150
441
1400
1359
499
591
1159
631
698
431
1370
441
840
1251
1210
480
468
489
499
479
440
560
1291
710
698
459
540
1180
459
1190
1322
1140
1150
680
1381
1311
1390
1150
1169
470
460
1190
1189
449
440
470
440
560
1178
490
439
492
1341
1200
440
1410
460
720
1179
1189
439
441
490
570
531
1016
662
510
541
1189
459
1340
510
1139
600
1180
1150
830
1150
1351
440
1210
1189
1159
1330
1339
1280
1360
1149
470
1170
441
1211
450
459
449
450
1178
600
466
480
549
560
1150
1279
1420
1191
1660
591
1149
1170
1190
1030
460
540
1159
1360
1160
560
620
560
979
431
459
1140
1189
480
1150
1529
1180
1171
1130
1319
500
470
1370
431
1180
1259
490
651
460
1250
1198
629
449
440
440
1231
1129
1361
449
569
480
1340
449
470
1222
510
1140
460
701
1250
450
1169
481
449
1328
1140
459
1120
500
510
447
551
440
1070
840
1132
1370
449
439
480
442
611
1340
641
1220
501
471
510
1149
1190
500
1150
452
431
459
1390
550
799
479
479
497
510
491
439
480
1170
439
440
1241
460
530
460
431
490
1222
1130
1171
1150
1210
440
660
1231
1150
1171
1180
1169
439
450
571
491
1170
980
540
500
460
1161
1170
1189
671
510
511
509
1290
489
1130
1160
440
1200
1369
1199
470
872
469
1130
1180
440
520
449
460
1219
1156
451
630
1189
431
481
459
590
1190
442
1200
440
440
1370
490
660
639
1171
1199
439
480
1160
440
539
1019
450
1160
1350
1160
530
1349
500
481
520
469
1180
611
497
449
1212
1181
601
1230
1221
1180
439
479
580
571
431
500
1329
1170
1189
431
1170
1218
1330
529
1140
1169
1220
581
460
459
630
1191
451
600
1321
439
991
618
440
1248
509
1139
1140
1270
1139
1349
500
500
450
480
540
440
460
1190
1280
1281
1181
1199
1189
1140
1200
468
481
440
750
1389
1230
1201
440
1201
482
1190
1600
1180
450
1210
1178
491
1328
511
649
449
1279
1209
591
1154
1191
1140
460
1219
431
1171
1120
440
660
439
470
520
1439
1169
781
479
1192
1140
460
1200
1151
499
469
449
1210
579
1180
1190
620
440
1328
479
619
441
1139
1209
459
460
1201
807
1150
470
540
1190
530
549
1180
1189
461
1190
449
479
479
580
451
1110
439
1179
475
450
470
1210
1330
1371
471
1199
1340
1170
571
1190
440
1230
1181
1205
632
1210
1360
1139
1229
1179
1200
1160
1158
490
1419
449
560
460
541
1200
619
451
450
441
1219
650
489
1220
520
1149
671
1200
501
1170
602
1208
1189
1180
1170
518
440
1159
1250
460
1150
1199
1150
431
1220
1140
440
1210
479
682
1180
480
1169
1120
1218
620
499
459
1231
1179
608
1160
470
439
478
469
480
438
510
499
1199
1150
450
499
474
1171
1220
472
570
1170
1350
1161
1389
1179
1149
1130
449
490
1239
431
450
1365
479
1340
570
509
491
1210
1319
438
519
440
459
749
1150
1380
861
1190
1211
459
470
459
1160
1180
480
1280
499
1180
569
471
1360
431
571
1330
440
1300
1150
1190
469
490
441
1281
460
1341
1160
919
1320
473
451
440
479
1120
470
467
1198
1180
460
481
1211
470
611
1170
448
629
1199
1188
1190
689
550
1490
449
1190
1310
549
450
480
1210
1340
480
439
470
440
611
1181
593
1150
500
440
471
1370
1310
1161
1180
1380
470
1150
1200
469
1131
1190
439
1200
1370
530
1159
439
440
451
1199
460
451
449
1160
1210
1320
1130
440
1159
451
1149
439
1338
1199
910
1128
1170
520
1229
469
499
1111
1189
1210
441
469
1260
1340
1140
1189
691
1160
480
470
509
501
1231
1280
440
471
459
450
431
630
1150
691
1200
471
469
550
1160
470
1300
1211
450
1200
480
480
1130
730
1170
1301
1190
461
454
450
1181
1169
1171
1310
441
579
1140
1319
480
1150
589
441
560
499
521
1119
1300
461
440
1129
1168
1219
1201
450
518
460
590
1142
1190
1181
1200
1330
440
1179
1219
1179
440
1209
1141
490
1194
650
460
1180
1191
1140
507
449
431
1190
431
508
459
550
450
491
1220
500
740
1240
521
449
1340
1161
1338
1318
439
1149
1160
460
1230
1250
1429
470
1172
431
1439
490
460
500
691
481
1199
500
1360
1179
1170
451
1191
610
1210
450
440
1372
1119
1161
1200
448
1300
619
1190
1210
1341
1330
1328
529
1180
1130
1209
480
1250
489
1181
490
439
658
1261
1190
660
1299
1127
1213
520
1281
1288
1191
1159
499
1169
1258
498
470
1189
451
1299
1220
470
460
1339
439
470
459
1240
1420
870
469
1251
451
599
1140
434
1150
431
649
1210
470
521
1340
489
1200
571
461
1237
1388
470
559
721
480
499
1191
1219
450
1191
460
1159
599
459
1210
470
1339
440
1190
1180
461
1150
500
489
540
498
1160
1354
441
501
571
650
441
1269
1351
1200
1279
550
439
441
1220
1340
1230
1161
1210
1280
589
1168
461
431
1180
611
470
1121
1140
1166
1170
530
1180
1291
1080
460
550
469
1280
478
431
1171
440
588
1210
555
1201
581
1129
550
459
520
590
479
1161
519
441
489
619
1270
1270
580
1429
1299
2309
1239
1211
1139
470
470
1269
439
1200
1170
440
451
439
481
480
1201
470
1339
1301
1228
1300
1170
1161
733
1271
439
1308
1160
1199
520
469
1210
1399
679
1149
1159
1120
431
509
450
431
439
1200
1160
1199
460
1148
1200
450
589
449
1200
629
560
1059
1160
1140
1201
450
1280
589
447
529
1211
461
540
1170
442
1200
1130
469
540
470
1359
443
510
1230
460
484
469
439
530
1190
1261
1159
480
1191
1159
1190
1221
540
490
440
1199
598
470
1180
449
550
530
431
1209
590
1169
1221
1199
431
1310
571
469
471
1190
1159
480
1191
1239
1229
2000
1140
600
1150
550
1159
1200
480
1181
439
469
1170
1210
577
482
619
1199
1310
1151
1180
1160
471
1289
469
461
439
431
1261
1140
1190
1200
510
1171
1269
620
1280
1371
1319
1140
1149
441
459
1160
1151
481
1210
1319
461
1159
1160
652
1270
1180
440
449
1130
439
500
1200
510
479
441
1170
1190
1220
1251
1160
1190
450
439
461
431
489
1209
431
449
1180
1239
1310
1160
1290
1270
1300
1228
480
1179
1250
431
1150
441
440
449
1260
440
549
1179
539
1151
1160
459
1250
1200
1279
440
1161
451
1140
510
1180
500
1219
479
569
1179
440
1215
490
1238
460
529
1152
1279
1309
1300
1190
530
451
1320
570
1150
450
1169
1179
451
1162
711
1218
431
532
489
1149
1190
449
441
500
500
439
481
522
1162
1280
431
1219
1170
460
540
1160
501
440
611
447
450
1279
471
566
539
1239
1191
451
519
500
530
531
600
1319
449
1170
1159
1207
441
450
1280
1191
479
1189
440
1230
1121
661
440
1161
1210
559
1150
1200
1130
1210
531
1200
1200
1231
1277
1220
450
440
508
460
460
1121
559
609
461
1190
450
1161
1319
1251
614
1180
479
1151
499
1201
1170
470
1241
440
1180
480
1150
470
450
1139
1280
1150
1189
1240
551
441
439
1140
450
470
1229
672
1168
1141
1261
460
470
1160
439
1250
1201
1169
1260
1159
469
1237
500
471
489
601
492
1150
1130
459
1321
1239
441
460
1227
1140
501
431
450
513
1159
1151
1200
1281
540
449
1210
431
440
1241
508
1210
1180
1150
470
451
1170
1140
480
1131
1213
520
460
1251
1259
439
1240
500
1229
580
1277
1170
540
1259
1280
1201
533
1180
1140
1229
1180
480
1131
1160
1259
1180
589
1170
1210
1141
1201
1110
489
461
511
450
590
449
631
1229
470
460
1150
510
1150
440
1229
529
460
1189
1140
459
1180
491
1180
1160
490
1200
440
509
450
521
1202
441
431
450
1199
1189
1191
1199
1131
460
1250
1180
1209
500
1150
1199
1280
1190
479
1209
1160
541
1170
1270
520
1211
480
1210
1211
1190
1209
1300
1269
500
1259
480
469
527
459
520
1169
509
491
1189
1210
1199
440
1229
1180
1230
1299
1142
1219
1181
1230
1213
471
1269
1200
441
470
451
1171
1200
511
460
471
431
490
1151
442
500
1181
1171
1241
450
439
479
1180
561
441
489
479
529
490
1210
439
480
509
1230
450
498
540
601
480
449
1290
431
1161
1180
510
1150
469
1259
629
679
461
1180
600
457
461
440
1189
500
1309
1359
440
469
431
609
1302
1160
440
1150
1180
1169
590
1190
571
603
450
441
590
439
1370
629
1310
460
600
431
1390
1146
1320
1140
480
600
1180
549
431
501
1299
1259
600
471
1129
1170
521
678
479
1230
1280
1190
521
480
1248
1341
480
460
468
1130
740
460
1310
468
469
612
1149
1139
531
1210
910
1160
1470
431
570
659
458
711
581
481
1169
1140
1189
1131
491
470
810
500
1169
479
1179
1149
441
1399
1218
1160
450
1270
1369
1180
1270
661
1151
1201
630
451
1180
501
807
470
530
1330
440
1190
1380
640
639
1399
1148
1360
470
1130
449
1160
445
1349
1200
450
439
1300
481
460
1001
510
958
461
871
439
1228
449
1179
459
1210
1168
500
490
1180
980
449
439
619
1229
461
1090
1189
691
481
1183
1470
690
490
439
441
431
460
1191
1579
433
1319
1231
1181
1210
1210
539
500
1190
1269
1381
1111
450
450
500
448
491
541
490
518
448
441
731
440
1131
1189
1369
480
1150
431
729
1270
450
1271
449
440
1159
590
529
1191
1010
641
1170
1150
470
460
609
1170
500
620
1148
600
488
490
1390
1350
1150
1371
621
1358
440
460
518
459
500
441
1189
1319
439
439
449
1150
1310
1250
1200
530
1191
449
1359
1180
1389
470
610
580
620
500
451
460
468
458
447
571
461
1360
1149
440
1161
1340
1220
541
1190
1379
1208
690
480
460
1300
1190
469
1320
779
1100
439
439
1221
1151
480
601
450
541
1200
1201
1129
1170
570
449
460
489
1191
1251
1179
600
431
1188
1330
1151
439
640
459
1210
449
1210
460
809
490
449
710
440
1190
620
449
1349
470
1191
449
489
599
1161
1170
1139
1194
1180
460
1180
470
550
918
1230
749
440
461
570
1170
1151
1139
689
561
461
1209
450
1180
1160
1189
702
479
441
880
1200
1108
470
1371
1351
1339
490
1139
3199
1210
439
1120
481
1180
540
1111
539
1212
830
969
1150
1231
431
1179
1350
472
441
1149
1180
1150
470
1154
470
571
460
740
1430
1150
1310
1350
1249
1330
1178
1170
641
1181
1159
1199
489
450
1209
561
1199
1181
1140
1190
1160
1210
660
1260
741
560
440
489
530
450
1199
450
1200
1169
509
440
1329
435
1299
1160
630
1369
1185
431
439
1371
439
451
449
1162
1149
470
961
1171
490
477
460
461
1150
500
461
479
440
441
1130
1170
440
1169
467
531
1151
1176
501
1179
610
461
491
459
439
463
1219
440
510
450
603
450
1188
469
1249
1259
451
449
1209
1160
472
431
1361
1169
468
1160
1169
470
559
589
1141
473
451
1130
510
1329
1219
452
461
471
1139
460
1310
470
1350
1219
579
1209
1240
1321
679
1229
690
1450
440
451
581
1200
458
440
1159
1361
1260
680
1150
1230
461
1211
1181
750
1269
1190
640
1200
1200
1150
469
1148
1239
1170
459
1219
1179
441
431
502
541
1170
1180
1150
1170
470
440
441
1179
1174
440
1178
1130
440
460
480
1159
609
471
439
1170
529
480
459
451
831
441
609
453
509
1189
1210
479
1152
1190
480
529
1370
1310
559
1360
450
600
471
610
1287
431
439
1199
540
439
1141
432
470
1180
460
1191
540
1169
1190
1300
1168
441
502
1151
490
1160
700
1181
1510
1141
509
481
1187
1239
1319
690
1330
500
1210
619
1350
1221
1180
1170
1140
459
751
940
1120
1289
1168
1249
1320
1170
1139
441
1138
1160
490
458
1150
1281
451
1241
431
1191
1160
1150
451
479
628
580
1390
1110
1319
479
1189
1333
1290
459
1230
1179
1189
580
1489
1189
510
491
571
1190
470
1171
510
500
530
1149
1170
1160
451
431
460
618
1270
941
1330
641
1181
1270
470
1210
499
1180
470
459
450
1360
529
1208
1200
1140
450
1181
1159
1289
1362
1320
470
440
610
600
1200
641
500
1218
1190
476
1340
478
502
1149
1178
580
449
599
459
450
1240
481
1180
456
1327
440
1160
540
500
1220
521
1200
451
1197
460
600
610
1179
1149
1150
1140
1240
1211
609
440
661
1160
480
1210
479
439
591
470
1199
481
1152
459
450
1181
471
1200
1190
1280
440
682
509
450
1329
1350
460
450
1188
571
460
1289
1139
1291
1299
609
1359
520
1190
1189
1300
441
460
440
1191
1299
440
1200
1212
1160
500
450
584
440
561
471
1320
520
1178
490
1209
1236
440
1241
1308
1318
591
460
441
520
1169
470
1190
1180
1190
460
1320
1350
1179
1140
1139
649
1151
1200
489
490
440
470
570
1321
1160
1150
1209
449
1201
459
1190
1121
631
480
449
1169
575
1159
470
629
1339
1189
1280
730
471
451
1209
470
1219
1161
440
1178
1186
1179
1191
1239
562
462
1161
501
490
439
471
1200
549
529
560
1200
569
1199
571
1249
1300
460
479
1159
1201
620
481
1320
1131
439
480
449
461
460
501
1160
1179
510
501
470
1219
460
469
460
1150
439
1219
470
638
1149
500
1169
1171
439
1181
1150
450
451
779
609
481
500
1259
440
1170
1370
431
1309
439
620
460
439
630
438
610
551
1210
1312
679
1190
1159
449
1180
470
580
1190
559
570
450
608
1169
1139
1290
439
470
1151
1239
450
464
459
1269
440
510
479
1161
1320
490
1189
509
1321
1150
470
491
570
479
470
1339
1190
440
451
439
1119
470
442
1250
1330
560
710
559
639
521
450
1360
601
1110
540
1299
1219
1099
570
1190
1220
1249
1230
1190
1319
1130
600
1190
461
1179
1299
541
441
432
1180
1201
1310
1161
1130
1150
1150
470
660
922
480
534
470
440
1299
440
1180
461
1170
479
450
461
1169
1250
1191
440
1209
478
539
1191
509
440
470
439
1249
1180
441
440
569
1199
441
1180
1158
1269
601
449
1230
459
1190
456
450
449
1209
489
1189
1160
470
439
440
1310
1330
1249
851
1310
571
471
531
631
440
451
1180
490
540
480
1166
1181
1220
581
480
1191
1130
449
1180
1170
1300
1151
460
1170
1181
440
510
1279
481
1250
490
1160
481
1160
1170
1159
470
1199
1250
490
1160
1219
1161
1160
1212
1120
440
460
452
593
1289
639
450
460
469
550
530
470
1192
1409
1190
540
1281
451
1190
1179
1270
500
1330
610
1340
1201
1301
1218
1161
491
1301
1189
480
1280
441
470
432
1310
440
501
610
1140
451
1139
1191
1160
690
460
609
439
1179
470
491
1270
469
459
1202
1149
510
440
490
459
1119
1240
1210
431
478
629
1160
439
1151
450
460
440
1209
1199
1220
489
521
1280
1320
1160
1330
1260
442
1249
1180
1350
460
1180
1279
440
1171
461
1210
450
440
1258
440
431
490
460
500
440
480
1200
510
1180
1191
1313
1270
440
1180
1120
510
1139
439
441
1229
459
1129
1200
1190
1240
499
551
1407
469
470
1170
1251
1279
1260
1210
1170
1191
1330
480
441
529
1199
1189
1249
481
1191
451
488
1179
459
440
449
1190
1241
1229
520
451
461
540
440
1139
1230
458
479
1200
501
1180
570
1190
539
1280
439
570
1199
650
1241
461
569
1169
1259
490
1170
1269
441
539
1132
1259
1200
1170
460
1320
1209
1250
1161
460
440
1370
449
491
1128
1130
1180
500
1190
491
1149
464
1159
560
454
481
460
489
1369
441
450
1230
1210
469
1250
550
1171
480
810
1230
1209
1280
450
780
1139
440
519
490
1201
1271
1109
460
499
1250
538
1140
1280
1170
459
500
638
1189
479
450
470
1166
499
440
1169
439
529
471
519
551
509
1180
1180
1192
1148
561
1129
1199
1290
1270
1221
450
468
1179
500
470
531
501
1169
1190
490
440
499
1189
518
480
440
1201
1180
460
460
1341
1141
1160
470
439
1291
1279
431
1160
1280
1150
1240
1170
1201
450
450
458
1219
1239
431
506
1221
1150
1169
1125
470
1200
1200
1130
461
451
461
1179
560
1179
1199
441
1229
1279
470
500
461
530
521
1239
528
1177
1239
1180
1220
1208
541
569
499
1140
469
521
469
1291
440
491
1190
542
670
489
1240
480
460
1200
510
510
499
1229
440
439
1219
1211
1179
450
470
1160
1171
468
1300
1240
1190
1230
1200
1156
1160
459
1160
442
571
431
490
1221
460
1140
1169
1239
470
500
1200
1180
1219
452
501
1159
470
441
439
1167
1168
1229
1160
1150
459
468
1189
1150
1196
1209
649
488
440
441
439
493
1160
471
1201
431
1280
1190
1199
1169
1161
1169
500
439
450
519
439
439
460
543
479
479
451
489
480
509
440
431
489
1179
1281
471
449
1320
531
1199
439
588
1211
490
1170
460
480
461
461
485
470
439
439
1189
441
431
500
450
440
1199
471
519
1380
441
490
439
449
1209
459
431
431
439
1190
431
440
1161
449
1218
1211
529
450
439
1370
1310
460
450
461
440
561
1179
450
549
440
470
740
449
480
431
461
500
432
451
628
451
438
602
470
449
479
432
471
441
470
496
439
449
491
438
1431
448
449
480
450
469
470
1400
531
440
439
659
459
460
720
1380
1241
450
460
460
440
440
570
462
491
479
1240
1370
440
1208
441
1203
1210
1178
549
470
440
1189
459
480
1190
679
470
540
500
441
1200
439
461
468
1180
439
460
460
431
1231
470
450
449
640
440
439
470
520
891
438
590
449
441
460
519
520
550
456
459
1180
560
469
471
459
551
450
548
1469
449
510
440
538
529
479
441
1209
1609
450
1190
520
550
470
561
1200
569
1185
480
551
445
1170
448
630
440
440
460
559
460
432
451
570
570
431
551
641
1200
860
480
470
520
1250
1200
531
469
540
441
441
440
561
450
491
451
549
619
449
440
482
431
450
459
431
669
1341
500
1160
451
1210
440
580
1190
449
470
450
442
490
1219
458
810
582
1179
439
457
569
450
499
470
539
490
498
449
479
1208
440
488
582
1461
1170
471
440
471
545
439
460
528
1460
510
459
539
449
460
1200
440
479
449
1199
520
611
1219
440
1208
510
436
493
461
831
1511
1226
509
540
450
489
471
1170
1470
480
431
459
469
481
469
463
441
1260
499
1193
439
1201
449
644
1199
440
460
470
559
1221
641
481
439
459
441
440
441
590
1190
509
680
479
440
1440
439
460
431
441
439
480
469
499
1500
439
461
550
470
529
1230
620
549
529
480
1429
570
450
1218
1430
480
460
459
641
1210
1180
440
1211
1246
1410
579
439
1190
438
1379
1179
599
460
698
519
471
460
650
432
440
440
1360
431
1500
1449
440
438
471
460
640
1371
458
448
919
439
470
431
439
438
509
1230
451
459
490
470
653
433
431
1169
438
639
450
450
530
541
490
1179
1211
609
1400
530
461
1239
440
459
441
818
431
500
469
439
439
1219
431
480
2181
459
431
441
740
444
441
498
1179
489
459
431
570
455
440
438
539
439
509
439
1220
450
1180
491
480
611
468
1171
1410
500
1421
1220
468
520
1211
1199
1200
1180
470
460
591
1168
450
465
570
1209
438
540
1289
510
530
499
489
468
450
1240
450
1189
739
501
1189
470
1238
1211
450
480
481
1218
1429
440
490
1180
431
451
560
431
460
450
791
1180
1401
521
441
500
439
439
470
1230
1171
519
599
470
460
471
470
1222
431
571
480
501
1178
511
480
481
1229
470
451
529
549
451
439
489
440
450
1200
581
1172
490
431
521
449
570
1179
1161
508
571
439
449
540
439
440
1280
740
440
490
438
631
490
449
680
579
440
1200
433
451
731
1480
1225
440
709
436
518
470
448
452
1400
469
532
449
1212
540
1190
1204
1460
891
479
441
538
521
580
512
1199
1181
561
440
469
750
1199
438
480
460
480
470
490
461
548
449
732
448
459
440
469
660
1190
498
600
450
449
450
640
670
1170
1180
438
1589
440
1191
511
471
1219
469
1241
1200
440
480
513
449
1259
449
1199
450
461
459
450
480
441
449
440
1166
450
519
449
499
459
612
461
453
431
450
463
480
1210
459
670
451
461
480
1399
699
448
460
459
431
511
490
481
1480
440
1231
450
1141
450
509
490
1489
530
1209
941
2281
440
1380
440
1290
1220
450
439
451
460
492
1158
552
740
1190
459
450
461
434
440
480
1390
510
450
510
471
510
489
481
1172
458
560
469
440
451
1279
460
509
1438
439
450
440
490
439
441
490
431
461
1210
440
468
459
460
441
441
451
1221
1220
481
480
449
1240
1409
447
459
460
820
449
489
619
480
1190
439
459
509
431
583
469
703
450
1370
470
1230
490
499
1329
590
1231
490
809
470
491
431
1209
590
1209
469
451
439
469
439
630
449
600
511
469
478
431
440
589
448
1191
531
451
510
500
479
479
730
488
470
1189
539
1239
460
1440
490
451
1379
450
499
1209
1240
458
489
489
450
492
609
3179
471
606
674
1000
449
439
431
1150
588
471
432
460
731
447
450
498
1481
451
449
1440
1180
459
1180
471
549
479
1360
440
451
459
741
440
500
1170
499
460
459
542
1440
450
1230
1201
1429
470
440
449
1189
561
441
1168
529
510
444
710
438
449
452
732
689
738
1209
443
439
450
440
468
1249
540
670
1229
600
600
449
480
1178
441
489
1240
1219
450
460
1459
1201
461
1130
439
732
499
474
1369
440
1200
511
448
470
560
438
1171
459
461
540
468
490
501
750
459
1039
689
601
440
590
460
450
839
609
539
460
1221
471
441
680
471
460
540
431
480
470
1209
1199
480
1108
450
459
520
1190
781
1220
439
499
660
1382
469
470
439
442
431
431
440
460
490
449
440
470
1239
1218
450
1409
1180
1250
441
550
1210
469
460
1200
900
471
1188
1149
460
489
589
1208
452
453
1248
1379
511
1221
481
670
450
460
460
711
431
550
1209
1279
1219
471
439
469
441
469
540
459
441
1191
492
459
1219
460
560
1191
521
458
460
1430
452
1181
539
531
440
441
470
460
1420
1259
432
481
1159
449
449
460
440
438
520
510
1400
510
450
451
460
1210
460
491
441
439
470
530
570
610
660
452
1188
440
461
1379
1528
459
453
439
481
1229
448
1220
440
1237
1238
440
520
450
1231
500
461
630
980
680
1219
460
821
440
440
490
452
1258
511
589
1191
490
450
710
431
450
448
449
1198
431
434
439
490
440
480
531
1370
1260
1250
1201
441
444
531
499
459
1200
529
438
1492
619
540
1180
439
440
439
1190
439
630
1220
480
471
442
431
471
1260
1269
435
471
1412
471
609
479
459
441
1180
469
1188
441
1190
490
440
470
460
459
490
451
461
432
490
440
1291
1389
763
500
480
520
1189
1390
869
439
565
441
450
700
431
500
450
1219
570
1248
529
500
1180
620
1220
550
1379
461
452
469
1210
1189
1210
1210
540
471
499
460
440
480
470
510
460
1199
1221
460
1428
441
470
470
1199
439
729
449
451
449
441
489
440
1199
439
460
439
1390
1410
449
449
480
459
1260
469
440
431
1250
580
450
448
1190
449
489
449
549
1231
1241
470
1160
2250
561
440
521
519
550
449
490
450
440
468
1200
1189
1119
450
1150
1200
1219
479
630
510
480
1210
1159
449
480
480
461
441
1500
448
538
1351
489
459
490
1170
1189
510
459
469
439
460
471
440
431
1388
431
481
530
550
1231
467
1151
450
1228
1228
440
1189
462
550
431
539
460
451
522
431
1160
480
461
480
450
579
1199
500
481
451
510
600
440
1206
440
450
450
1211
440
448
1250
603
470
1210
471
510
810
620
459
1400
431
469
709
541
1170
1180
470
441
460
1240
1189
432
442
440
1178
1400
449
441
580
439
480
438
1199
440
1371
680
450
490
479
479
470
469
1200
438
1143
1170
431
559
691
570
1161
628
530
440
500
431
448
541
450
460
1190
439
459
1391
439
439
449
1310
448
468
531
461
600
431
1202
1200
1210
509
442
699
460
1470
450
459
1210
462
1170
868
440
721
1179
1220
439
910
1200
452
639
459
648
1219
521
541
438
538
613
480
438
1189
481
459
448
1210
519
480
450
1239
431
491
460
479
497
470
1229
490
439
431
1359
1261
1209
1400
479
450
479
640
461
479
432
712
480
450
439
1161
477
459
559
1429
1184
651
469
439
1391
1209
450
444
432
1310
1211
580
670
480
440
482
529
441
651
790
480
1201
469
530
470
710
458
1200
1307
512
889
1389
451
571
470
519
450
520
751
469
599
439
620
478
1220
460
1188
1340
561
470
498
437
450
1191
969
489
1160
530
448
550
461
1241
440
481
1191
470
759
489
440
1410
479
1179
444
449
1209
450
449
469
439
449
1250
440
449
689
1140
470
451
570
440
431
641
440
438
450
440
1189
440
439
1230
649
480
440
442
450
600
460
490
481
490
573
520
441
460
1378
1358
749
799
579
610
1200
1201
1190
1250
440
450
1160
1218
481
450
1198
480
1480
469
1200
449
481
1171
1209
489
479
1399
439
521
1209
500
1210
1201
512
620
440
450
471
1260
1440
449
479
455
1180
441
1450
550
439
2320
669
1280
1379
432
451
470
441
470
440
670
519
461
901
1160
1200
441
439
449
481
458
1209
432
431
468
440
1240
459
480
1209
471
1161
480
725
449
461
438
449
491
460
459
469
702
1189
1070
449
1220
468
439
470
592
1179
469
480
1560
663
459
482
520
509
1239
450
1439
701
461
469
541
550
1201
489
470
1160
501
510
440
1170
449
1201
439
1267
480
1210
1410
440
489
1220
621
459
1180
480
1390
440
439
461
490
438
1228
490
478
1200
1210
1210
451
451
1220
1240
1470
1298
438
449
578
459
1171
1199
1181
639
440
599
431
479
1240
443
539
439
440
530
439
1251
739
560
1199
1228
501
1199
431
1149
1389
461
540
1370
459
1190
481
460
460
510
1110
560
1471
1398
1221
1210
1201
1388
470
440
460
441
470
1191
1340
478
538
490
540
490
470
459
1400
450
550
490
490
440
500
1220
470
590
1179
459
460
460
451
511
453
440
475
459
620
481
1209
1169
680
459
460
480
470
490
628
579
1169
450
470
519
460
450
640
440
489
470
440
1170
480
547
1181
539
1140
1201
1171
508
1188
1240
501
1191
661
461
470
459
470
1399
440
1209
1401
521
1219
431
469
601
461
509
439
489
440
470
1210
1208
1209
1199
531
500
1198
520
1190
452
460
1351
579
480
1419
440
549
469
1430
1360
1220
448
431
1198
480
1199
459
431
560
440
479
1420
1209
501
499
1189
650
439
1168
450
521
450
460
500
431
508
520
449
1170
1249
470
1189
490
470
530
471
518
459
621
1209
480
1350
1189
531
1210
661
483
680
552
511
460
627
550
740
452
490
442
489
650
549
438
438
471
471
450
1159
1180
711
472
480
1309
490
440
460
1170
830
1401
460
649
1219
481
1349
440
1190
1179
610
1241
561
460
679
1200
451
1200
471
519
1239
449
459
2381
1189
442
1470
490
541
441
462
468
1409
470
459
469
480
520
1181
1229
1168
432
469
519
481
1629
1201
490
1171
560
495
1210
1170
479
1329
1170
441
460
469
1198
456
1210
1409
1180
440
471
1221
441
1291
441
490
1179
1349
508
489
1450
520
479
1150
459
1231
470
450
1378
729
437
469
449
439
1188
1351
448
1260
489
1390
469
649
431
479
490
1220
520
451
440
470
1178
1230
619
440
1229
658
439
660
1170
1220
449
469
539
450
1159
472
1209
500
1166
1410
1240
440
469
479
462
510
439
1200
440
478
1538
460
431
450
1189
638
480
450
1200
1420
1250
470
439
1191
1219
439
491
460
461
450
478
1220
540
439
467
1370
460
459
462
489
439
1242
1169
591
469
581
1209
1240
1170
490
539
519
488
448
1340
701
461
1179
1180
491
1182
1351
1179
1189
450
650
580
440
1160
1220
1170
449
490
690
1190
489
1179
1218
439
482
529
450
459
451
469
451
580
449
480
469
1210
560
1379
1231
570
460
459
449
1221
1238
1230
1169
471
651
1220
1349
431
480
449
1150
460
588
670
440
468
509
1210
471
521
440
1159
1210
496
499
1200
1181
460
1131
1230
1328
650
431
431
480
1370
440
449
559
521
1180
1210
1229
530
431
1399
501
511
450
1210
501
459
459
591
1199
459
1349
441
469
529
440
440
1309
640
440
479
441
470
618
470
600
470
1228
1190
1210
449
432
560
671
510
1200
570
439
1219
449
1342
470
451
731
439
1200
1221
1161
510
599
458
1201
440
519
460
1240
1211
499
491
441
431
460
450
1169
488
469
529
549
458
450
678
500
451
983
438
459
469
1370
730
500
461
1189
1169
1230
490
1169
1310
449
528
440
1169
570
1180
1209
529
519
611
450
440
449
1166
441
1329
460
459
450
1191
469
489
490
582
480
499
1179
1379
1189
1270
438
479
1171
511
459
581
499
1350
1180
559
569
501
1179
1271
600
461
1391
450
439
1400
461
432
1170
441
1181
1141
1300
440
1220
438
460
468
483
1189
478
521
499
531
452
1191
481
1169
450
1191
440
1177
431
1209
1351
438
489
500
488
441
1190
1308
460
441
1280
451
431
433
451
537
432
469
1202
460
1420
699
460
490
521
1360
450
1179
490
441
601
489
1340
1259
441
1169
431
491
441
447
459
460
470
441
451
441
431
441
439
460
499
520
528
450
671
440
1189
450
1199
1341
491
499
1161
450
1190
439
489
438
451
1336
520
1278
1310
460
669
489
1181
1281
1310
479
501
451
560
431
431
550
479
450
440
468
460
1228
1161
440
485
1170
481
1410
1151
1183
550
450
1230
439
449
450
508
1330
449
450
1181
500
1189
1209
620
1179
1161
448
1220
640
480
1159
441
441
438
1212
483
1190
441
1257
1190
1180
608
490
1179
1199
450
1351
461
1164
1340
1211
1317
480
461
469
451
439
450
460
449
1229
450
470
2290
1210
1180
1199
450
1073
1200
1210
1249
439
1380
599
479
1180
1200
992
499
531
449
1178
532
446
1208
609
470
509
470
540
462
459
462
1239
1370
500
480
431
1210
440
571
591
1209
450
441
502
490
1290
1179
1200
1298
451
440
1290
1150
1279
431
1199
439
440
450
1229
451
470
550
439
1221
449
1350
450
499
501
469
1219
1280
460
1180
1349
469
1219
580
461
470
461
619
485
480
1179
520
529
450
669
1331
449
498
1210
1330
431
529
491
459
1160
460
570
440
1251
1259
1209
1310
480
470
1290
491
469
490
1290
613
449
581
479
1199
439
1249
1251
459
1201
1221
440
480
1261
1299
571
1259
450
460
1449
1228
1191
580
457
1239
1180
619
431
431
591
578
470
449
440
1220
431
1207
641
1200
482
450
559
1179
451
1208
1229
1260
449
1269
437
1310
459
1250
1199
1259
1259
591
1210
1318
470
440
600
1149
460
479
453
1169
1189
1169
1180
559
450
629
1220
440
1206
1219
560
1320
1200
519
1192
451
1180
431
1249
500
490
1200
1240
480
1209
1198
1150
480
433
1160
461
500
1270
449
549
440
440
452
501
1195
1199
1289
480
1259
469
1310
431
490
1200
1271
530
1180
440
1200
444
460
550
1200
470
439
1190
540
453
460
1200
549
449
1219
1210
1229
1198
1240
431
431
439
440
444
440
479
512
460
540
450
520
1170
448
1170
1262
1249
1250
450
1149
1270
1258
1280
461
1280
479
710
440
449
480
449
1200
431
1330
519
448
1311
460
441
439
491
440
1170
1178
1260
571
580
1301
571
1170
439
1161
1337
1320
439
439
469
1381
1230
459
1220
499
1139
1149
1199
1209
1259
2176
1188
590
1210
440
1050
888
450
530
440
1151
1170
470
440
1090
460
471
1380
1190
1322
1411
549
1419
1150
470
470
1150
479
1130
520
1220
630
469
620
440
1370
550
533
1400
469
1188
640
469
439
450
1150
650
480
650
1190
449
460
490
1211
460
449
439
1250
1170
1210
440
1141
540
1180
1180
479
458
448
1150
1129
1410
1171
610
1210
1390
460
1400
459
501
1180
469
760
499
631
439
451
1359
450
450
1160
453
639
1150
1159
660
459
439
820
489
630
450
772
551
1189
460
1200
1389
440
441
449
440
440
1370
1189
1629
1392
650
1359
2680
1130
1131
459
1485
478
500
480
1160
549
448
448
450
441
440
1351
439
1409
1232
1210
440
1191
1430
450
631
1350
1178
431
1359
480
1160
1230
708
440
440
1210
1140
431
499
1190
1391
1199
1161
1380
690
1190
450
1170
858
450
570
500
469
1210
1179
450
660
500
450
1310
500
1179
1361
1451
1168
1178
459
468
450
501
1409
1210
1150
1161
460
1229
780
630
1120
441
490
440
1189
448
488
440
1190
1231
491
1379
1329
1320
1150
1267
1199
590
1372
480
1240
1170
1381
510
440
441
490
1140
1139
470
1239
950
1199
449
570
1201
440
489
431
641
451
500
738
441
449
1378
439
1000
440
490
519
1142
1180
480
1220
1159
499
1200
468
1398
1149
499
470
501
540
479
529
629
440
1269
680
1151
1160
680
470
440
439
781
1221
831
711
541
509
1410
480
1181
1181
450
1190
449
529
581
478
440
541
450
541
641
1180
1359
1218
1160
1210
1151
1190
1200
590
449
459
549
1169
431
570
1330
520
550
1172
1119
440
640
440
490
1170
1140
439
712
1191
700
1221
1389
600
489
1190
1391
1209
1160
1179
459
1239
431
470
490
450
460
450
1220
1149
450
560
440
1140
450
469
631
440
431
1380
488
1140
439
440
1139
469
591
1201
450
469
519
671
449
1240
500
449
439
1200
440
461
1158
1039
449
1190
671
1370
481
1180
1219
569
649
441
472
450
1180
461
469
431
460
1181
478
1209
440
1161
1210
1149
1359
670
450
431
551
438
1231
1200
1410
437
510
461
497
561
519
1201
431
600
470
450
1320
1189
1190
449
1409
501
470
480
902
570
508
560
820
1151
1179
1251
460
1178
480
1400
490
469
459
780
500
670
1371
654
1509
1157
450
1220
451
470
1189
449
1370
830
561
431
1349
619
1200
470
460
431
1130
480
1320
1161
540
1381
559
1251
600
540
449
1199
1170
471
1281
670
459
1170
1190
519
1180
451
802
680
449
431
441
580
1370
501
450
569
460
1350
450
439
460
1279
459
1290
1168
450
470
469
460
540
1209
450
1360
500
1510
1241
1182
1170
1209
440
459
1169
491
1320
1190
682
661
450
830
1311
431
1180
641
620
1179
1350
1167
1190
1151
1149
441
461
631
740
470
449
1200
459
489
1189
1139
551
461
550
1300
440
1179
460
432
1129
510
1269
1190
771
439
689
1260
1180
1209
478
1180
1210
431
471
760
570
479
488
1360
500
470
1210
470
539
1180
1179
1160
440
1150
1171
460
1241
1169
499
650
1389
450
480
1200
469
1188
439
440
1219
479
540
491
509
479
580
480
1209
449
469
1170
1200
1159
1280
450
441
432
1191
440
1219
480
472
1188
670
470
1141
1140
1340
1270
1170
468
489
440
450
1199
621
440
470
490
1198
1220
460
1200
440
1171
1360
461
1160
460
461
471
431
540
739
439
1190
485
641
569
1272
1209
431
1100
451
1190
1169
470
521
570
1189
450
1149
1199
621
699
431
599
459
450
440
441
1170
531
439
1210
1169
470
500
439
520
1180
1199
659
1351
481
450
1180
550
461
510
500
479
460
1160
452
460
1180
499
610
459
1170
509
1259
571
1340
1231
449
461
1129
498
1140
1160
1259
1009
450
450
581
1142
480
580
549
521
471
1181
511
1169
591
740
460
1319
451
1179
431
1378
499
1271
1160
440
1201
469
519
1191
440
1160
440
559
1350
1359
569
460
1349
1179
860
1170
1171
460
1151
520
2200
530
1230
591
530
460
1340
651
441
628
1230
1199
1168
480
497
1140
777
690
440
489
980
500
450
1159
1359
491
481
1240
459
1169
510
460
440
441
1429
460
460
601
1140
540
490
497
1219
510
1220
439
1200
460
510
1100
1111
479
449
601
1231
1249
1169
1130
1370
469
1159
1170
449
470
1230
470
1230
469
539
449
700
1209
1159
1361
491
1318
1210
630
450
520
499
1150
1260
1239
1149
449
471
459
441
1059
459
1209
661
1360
450
1180
1200
450
1160
1230
1170
437
620
1150
460
1160
1201
469
479
1139
1179
521
559
510
1140
441
511
440
1190
1171
440
639
440
489
1269
1170
470
451
489
551
471
449
471
1361
1191
509
1179
1200
490
1190
1192
460
460
1171
1161
539
1140
460
491
1131
1140
669
431
439
1160
1210
450
1190
499
620
1170
486
440
1199
1189
481
1160
1150
1160
1131
626
1170
1220
468
461
1160
470
440
450
1171
449
560
1179
461
471
510
652
491
489
449
449
797
600
459
440
440
1191
1209
473
1170
470
460
680
1169
971
879
460
1119
531
1140
1310
1231
1280
1181
540
471
431
499
1149
1300
1150
443
790
1169
1259
1299
1179
489
1220
589
1188
1170
1159
460
1190
1279
600
1201
440
1190
440
1348
641
479
471
1149
1201
450
480
470
1340
610
1190
547
520
470
561
1350
440
461
1159
460
480
1149
1319
1150
1150
1212
449
440
431
462
460
531
451
1310
469
1390
1159
810
501
439
1160
591
1210
469
1328
1438
1221
1340
449
1150
1141
1351
1190
511
649
1140
1169
1150
449
640
671
511
511
1310
1200
471
469
589
539
1230
1240
550
1171
541
520
1168
490
581
1181
439
459
529
450
491
490
460
449
1180
1140
1169
1200
1326
1160
489
1201
580
481
590
470
441
1190
1300
521
499
860
1150
1379
540
1151
479
467
622
1181
1360
450
489
439
431
479
500
441
1249
470
1210
439
1279
620
721
458
440
459
1350
431
1210
1330
639
591
590
431
1341
1200
440
470
570
1190
1180
1210
459
1240
1190
1311
1190
469
599
1190
440
1131
1160
441
600
461
1169
449
1369
1151
1183
560
531
499
460
1149
480
479
459
1179
440
510
1170
1131
1199
1160
1160
440
441
1210
1220
608
629
1210
469
460
489
609
440
440
451
458
520
440
1140
1151
1220
621
1179
1279
451
479
1218
1139
1181
1170
468
471
580
1148
1209
578
440
563
500
610
440
1140
450
1189
1200
1250
450
1150
1191
1158
1170
1170
490
631
1178
1192
1279
1191
450
460
439
480
631
480
1149
434
450
440
460
590
1160
1170
592
460
441
1310
520
1170
1190
1160
470
1261
431
1299
602
441
432
470
1229
1149
440
1169
601
1469
540
571
1249
591
459
1310
1121
1159
459
1210
470
1200
431
1340
1211
570
1151
1420
518
1340
1170
1140
439
1339
1200
1311
560
1130
1190
1210
520
1120
1170
441
1169
580
1300
1149
479
439
450
1260
1179
451
589
490
459
1190
1140
449
1160
441
440
490
1150
540
1359
1169
1151
520
440
1169
1149
1441
549
551
1161
439
1170
540
1259
1219
1179
500
1168
1150
1180
580
490
522
1318
459
449
1170
1210
1211
449
471
1179
1190
1170
1169
1250
542
610
1211
1300
449
450
1210
469
439
500
1121
1151
530
599
439
460
440
1190
451
440
1170
451
471
1189
1280
1190
469
491
489
480
1200
1150
490
1170
469
1170
480
480
450
438
1139
440
1258
1180
520
1189
540
1289
1180
559
1140
470
1180
1179
460
500
640
521
450
459
1299
1160
459
1260
570
1130
1189
431
550
1230
1291
449
579
471
440
1270
521
1119
488
431
1150
1260
559
1302
1170
449
479
1319
1170
562
1160
1139
1210
559
459
1150
1242
480
1140
459
1151
500
440
1269
507
490
460
1180
1179
500
1209
491
1150
569
1239
1169
479
431
460
1190
530
450
571
1299
1200
1150
1249
1239
1290
440
461
1188
1190
1190
1159
1237
479
1180
450
1189
1200
1191
1259
551
1150
1200
541
1189
510
481
549
1181
1189
1120
440
431
460
439
1141
1201
1220
1131
1150
550
439
1230
1149
1200
1220
1319
471
1129
492
449
1168
461
441
540
1200
470
431
1220
1200
443
500
441
479
1189
1329
1220
529
480
510
459
1160
1289
1270
431
500
1150
1140
1171
1180
441
511
1169
469
489
582
449
1179
441
459
450
1289
440
1160
509
490
1240
440
470
1200
1280
1220
1210
469
1219
1170
1151
1205
1170
498
560
1310
470
1161
1159
490
1180
1161
440
1191
1210
1191
1180
1200
468
1193
1189
1259
1180
459
438
1249
441
1191
459
440
1242
1211
1240
508
431
470
440
1199
1151
1230
1190
1181
600
1210
1220
1169
1190
1191
1151
431
1200
1200
1229
1200
440
431
470
489
1132
440