68
110.
130.
150.
210.
133
250
238
261
211
248
220
219
220
331
380
269
239
261
239
241
221
230
261
219
279
220
270
261
229
240
211
281
240
220
300
251
211
239
429
220
260
219
259
271
279
279
268
220
291
286
266
260
240
240
270
239
270
250
1170
460
219
218
270
280
390
280
310
321
250
349
219
228
221
230
280
211
261
220
239
270
309
219
230
318
211
240
249
211
240
230
217
322
401
318
220
270
226
270
250
319
241
270
320
430
211
300
230
220
290
239
259
260
211
260
240
221
218
217
420
481
220
211
218
398
241
220
300
211
217
219
259
219
219
232
240
390
248
238
292
388
221
311
211
228
230
349
221
271
230
250
249
231
220
230
260
270
220
360
240
219
219
229
230
380
229
316
218
230
221
260
270
219
248
250
390
219
220
349
340
211
311
220
269
211
379
231
329
228
230
229
219
279
229
370
279
221
229
328
258
248
390
219
230
381
368
220
218
219
340
229
230
218
220
261
211
260
219
219
229
229
216
240
311
211
219
230
230
470
226
219
229
220
219
241
218
230
400
211
361
389
290
259
240
211
399
229
300
228
239
270
230
241
308
369
269
216
239
259
240
260
230
211
250
230
229
270
220
218
221
211
221
261
228
218
320
219
219
277
238
218
220
291
258
229
290
219
219
228
258
240
440
220
229
229
237
739
261
249
220
220
280
240
219
248
360
218
220
230
219
211
360
229
299
229
281
219
301
220
216
220
220
219
217
260
230
211
230
229
248
211
282
231
270
317
217
219
220
309
230
220
420
220
219
248
368
229
229
310
218
269
227
290
221
220
240
338
301
236
220
381
218
301
247
268
211
350
229
220
229
219
281
300
230
239
230
221
221
300
240
240
719
218
230
220
211
239
227
241
281
238
219
230
217
219
221
290
248
220
219
220
250
239
230
220
252
211
229
269
319
250
250
221
220
219
298
219
369
250
220
459
231
211
309
240
230
419
218
228
229
249
211
219
220
219
229
228
429
269
219
211
331
240
229
218
239
229
239
260
260
270
239
250
239
230
330
228
220
230
389
259
241
279
230
342
217
350
221
227
225
280
230
259
238
219
380
230
219
310
361
223
248
219
310
220
281
240
211
339
239
249
219
250
220
211
230
1040
259
218
230
219
269
281
241
261
230
300
211
220
1240
218
289
259
349
230
368
220
219
221
240
259
249
261
219
220
220
280
230
239
270
230
231
219
219
299
220
259
221
219
220
291
300
269
220
290
220
221
251
220
231
221
230
239
229
280
269
548
228
269
211
310
221
216
219
219
350
229
239
220
239
219
410
291
228
221
211
370
219
251
309
220
259
320
260
229
291
271
230
231
240
259
221
220
289
258
217
211
688
240
220
228
259
240
219
320
430
219
400
230
239
217
219
231
218
332
270
229
310
218
250
240
220
212
221
240
229
231
300
588
230
399
227
361
259
269
282
219
221
230
330
219
241
220
220
229
259
241
260
216
238
240
219
220
228
281
261
211
280
250
259
242
289
240
238
310
220
229
220
219
220
239
248
299
229
220
229
229
349
211
211
220
371
279
331
270
439
219
217
231
211
219
218
227
231
219
219
221
229
230
218
287
230
239
290
220
279
229
218
359
241
299
351
261
240
220
230
218
290
241
221
310
240
219
270
229
227
307
330
378
230
459
229
319
212
278
230
228
241
248
231
219
340
270
211
240
381
229
229
229
289
219
259
238
230
221
211
351
240
219
309
219
370
260
239
488
276
240
220
289
239
219
219
241
230
219
240
220
218
219
219
230
300
240
290
211
260
250
230
211
219
230
230
220
219
220
228
230
398
260
240
218
281
232
270
290
311
379
230
410
226
428
228
230
219
260
268
230
220
217
219
250
250
299
219
222
229
230
301
239
299
230
220
211
239
239
240
359
221
229
240
230
217
240
220
488
279
220
212
220
221
340
261
211
220
240
240
220
259
219
341
230
350
228
229
445
420
241
220
220
238
212
220
219
219
260
261
229
420
220
229
319
229
399
396
312
268
220
239
217
211
301
219
260
240
221
220
239
240
228
240
350
240
310
211
320
219
249
219
220
231
310
238
259
281
220
221
221
331
218
240
231
240
330
221
270
219
338
227
219
220
240
231
279
230
268
231
240
219
211
240
269
217
251
250
220
349
220
230
361
280
248
253
220
250
399
219
259
219
380
271
220
281
250
211
218
230
229
230
218
227
251
261
260
219
230
217
270
271
279
229
230
269
249
211
360
380
371
230
239
239
410
381
219
238
627
219
478
311
211
229
219
213
230
220
310
211
250
329
218
228
240
230
292
220
211
228
219
221
218
239
229
219
219
270
228
271
218
409
260
489
230
260
211
230
219
220
241
301
228
232
421
290
230
250
361
396
216
211
240
221
219
292
280
220
219
248
220
260
218
258
220
220
221
221
221
250
218
219
260
408
271
229
260
369
220
228
268
230
220
220
219
319
291
229
230
451
451
379
231
231
230
240
269
211
250
240
239
261
231
258
369
281
280
220
240
211
239
460
249
211
310
230
229
298
238
249
229
240
230
320
220
229
240
271
219
239
221
221
390
228
250
255
240
230
240
211
248
231
229
217
229
270
280
718
240
231
230
389
220
240
250
220
240
341
220
211
241
220
220
230
219
220
260
230
241
258
283
269
252
220
222
250
370
300
358
290
220
239
229
280
220
230
211
289
218
229
239
212
218
229
219
230
310
230
241
220
218
359
271
220
339
231
219
220
260
268
270
220
230
220
359
219
230
270
211
310
216
211
211
220
217
227
239
249
360
221
219
239
211
271
289
329
339
249
228
218
249
300
348
219
289
218
211
409
239
230
240
230
220
280
219
240
221
248
229
240
217
220
221
219
229
249
221
219
368
211
220
220
219
211
240
289
229
211
260
281
248
219
300
290
211
220
219
220
239
229
211
349
220
221
719
240
220
218
279
228
299
321
229
218
370
229
289
229
240
420
218
320
250
219
229
270
220
218
230
241
218
231
233
238
219
319
220
268
219
228
241
230
220
251
477
410
240
243
211
219
399
229
250
238
280
239
211
218
411
519
400
271
270
230
339
227
211
228
219
230
230
270
259
220
468
350
220
211
360
289
219
348
259
218
360
260
410
211
229
230
251
250
239
291
248
351
211
220
311
240
230
240
408
300
262
249
211
250
230
280
330
220
370
269
219
240
249
320
350
290
218
272
240
220
239
292
770
279
219
240
239
230
249
219
211
219
219
218
247
218
271
229
270
231
229
260
222
229
219
362
289
239
391
219
240
320
211
211
309
330
300
270
260
230
350
239
289
240
229
240
221
290
359
220
251
219
220
340
278
240
211
229
261
260
279
320
280
220
228
270
261
260
240
240
213
221
229
217
219
309
271
249
219
370
220
221
220
239
410
229
220
245
221
211
240
270
331
220
211
240
350
219
229
351
339
279
300
219
261
241
230
233
241
291
260
219
260
231
331
278
240
218
238
250
229
220
280
228
211
309
232
340
249
211
219
260
219
260
239
211
518
349
219
220
231
230
270
219
230
230
240
331
390
220
280
229
220
241
240
230
230
260
230
280
400
240
420
219
290
269
221
228
240
229
279
219
231
271
229
290
279
230
221
220
229
349
250
350
281
221
270
259
229
251
259
240
248
270
242
221
261
261
240
220
239
250
499
219
220
219
239
250
290
211
339
281
250
230
228
219
211
300
300
230
269
230
270
231
270
279
317
229
220
269
230
219
228
291
220
220
229
238
220
390
221
219
218
429
231
228
211
211
230
219
220
231
239
240
290
232
350
290
360
289
259
240
250
239
220
219
348
239
369
519
219
229
258
219
230
230
310
219
251
230
241
229
230
247
289
221
219
219
360
229
211
249
230
219
229
230
239
360
239
211
229
228
227
230
240
398
260
240
221
219
241
240
289
321
260
218
259
229
230
260
220
219
220
299
219
229
241
218
230
220
390
220
219
231
230
240
400
221
331
221
279
219
228
220
241
229
260
252
220
248
399
217
219
211
381
229
319
220
320
271
240
216
262
217
219
288
229
239
219
240
292
290
230
230
219
219
240
222
211
238
228
288
329
260
249
250
215
360
330
217
239
230
219
236
219
220
224
219
228
217
259
229
229
220
270
211
220
217
339
220
229
460
211
227
281
221
219
281
261
229
419
220
230
329
219
239
410
240
220
229
300
827
240
230
220
270
220
239
270
280
220
260
369
219
228
220
220
271
278
221
220
229
220
219
250
239
221
249
220
220
240
214
214
219
229
738
211
270
369
220
280
240
220
220
299
239
269
240
390
211
220
219
260
219
240
240
238
259
249
219
219
240
220
218
230
229
269
239
270
218
219
220
217
258
280
279
220
232
239
219
260
219
239
230
220
229
248
220
330
219
410
216
239
309
260
211
231
220
211
240
230
395
290
220
220
250
450
211
220
270
291
219
250
249
227
230
259
220
270
219
219
219
229
276
381
226
250
211
220
260
270
290
220
219
260
259
280
349
220
290
350
220
220
239
301
260
220
220
217
228
220
230
231
218
211
218
239
301
250
218
270
247
211
218
240
240
321
220
220
302
229
218
218
230
281
220
270
360
219
227
239
211
211
231
228
240
261
217
420
258
278
229
219
217
220
289
239
219
220
219
220
349
410
221
263
370
217
229
239
220
211
251
219
220
230
229
219
271
231
242
289
219
219
269
220
220
258
279
300
211
218
417
219
679
269
239
249
211
220
230
228
240
240
290
698
220
219
218
239
431
295
220
211
249
300
218
211
289
241
230
215
229
319
221
309
230
370
238
219
211
211
220
229
260
230
230
239
227
220
439
269
291
250
319
219
339
216
228
293
211
270
243
280
219
228
229
239
250
280
300
217
230
230
221
249
221
219
279
219
219
219
219
220
219
211
231
399
220
330
229
230
211
239
219
320
228
261
220
260
220
219
293
220
260
261
231
269
211
218
228
217
260
219
301
279
219
219
230
230
269
279
401
211
231
240
250
310
230
250
468
219
228
221
220
211
289
230
292
229
220
239
221
260
268
217
341
260
219
258
211
219
211
211
218
230
218
299
220
408
267
220
250
239
219
299
350
230
259
240
249
379
211
231
230
211
215
221
240
219
242
230
227
259
240
219
289
218
240
301
239
310
270
280
228
218
320
211
252
267
357
468
260
229
219
249
240
249
218
218
219
230
219
301
230
219
259
218
218
320
219
219
219
309
269
250
221
227
238
241
260
230
300
380
229
211
219
220
249
238
211
211
219
211
228
238
249
220
219
240
219
311
219
229
230
211
219
270
248
229
1009
229
261
220
251
219
221
237
240
261
220
230
211
221
240
221
257
211
211
218
228
220
230
281
219
228
240
230
219
301
260
260
269
240
211
220
231
251
230
290
246
240
220
271
240
220
219
219
231
278
231
239
219
211
230
238
319
220
221
218
260
211
241
239
230
229
219
280
218
230
219
260
229
230
211
211
230
390
220
219
230
290
260
218
220
211
411
229
247
218
290
220
211
219
218
259
238
310
219
249
221
220
239
211
349
219
228
238
229
409
219
219
221
451
250
381
238
220
270
219
251
219
271
238
229
241
289
231
211
221
220
214
220
219
220
280
229
220
221
229
230
241
259
229
217
220
241
288
229
249
219
230
220
220
311
229
221
219
218
220
219
249
211
211
383
240
216
341
228
216
270
220
230
230
220
340
251
310
251
215
218
399
250
260
220
225
219
257
230
218
328
220
218
400
219
280
230
212
220
348
220
238
230
217
220
211
219
281
272
270
220
211
219
221
270
268
219
299
220
226
229
300
218
230
311
259
320
237
220
218
239
232
249
229
569
231
229
250
238
229
220
219
211
219
211
220
229
220
219
372
230
250
212
250
260
268
219
339
230
229
218
261
221
439
218
229
239
527
517
230
211
211
231
219
229
271
248
220
449
211
211
240
211
229
230
330
249
250
240
230
220
240
279
230
269
220
218
250
211
239
221
219
219
350
269
240
270
238
230
260
220
220
370
211
219
220
220
220
231
219
214
271
211
250
219
260
218
250
220
220
230
228
341
259
258
241
229
222
217
239
229
241
221
211
220
228
220
239
211
211
259
219
221
220
232
230
239
219
259
249
248
669
330
211
219
289
220
219
219
310
217
218
249
247
211
320
220
319
219
219
211
281
211
227
218
220
228
239
219
239
360
220
219
218
377
289
220
229
239
241
340
219
219
312
219
228
379
219
240
220
218
219
220
229
249
230
220
211
250
230
220
229
229
289
231
250
211
341
329
229
260
328
450
239
227
219
220
320
260
246
221
231
219
230
220
219
220
236
498
220
248
260
240
219
221
218
227
219
230
220
260
218
228
249
219
380
227
280
241
219
229
271
239
261
219
230
230
227
232
220
230
221
220
219
340
227
360
279
219
230
281
238
217
240
211
249
240
229
240
220
310
211
229
329
211
221
220
290
221
230
232
239
260
330
211
280
214
211
221
260
211
221
231
278
351
228
240
211
391
228
269
220
219
220
239
260
220
360
230
230
222
249
220
260
211
360
321
217
219
221
229
249
309
219
219
261
220
248
219
311
309
228
211
339
231
216
220
270
240
228
213
216
250
217
219
220
351
219
219
229
220
220
219
219
219
260
250
228
247
219
230
220
219
410
220
251
272
220
228
221
211
217
218
217
290
218
241
219
220
230
228
391
218
369
301
240
300
309
211
230
240
300
219
229
218
290
216
230
238
220
217
220
217
219
225
220
319
211
299
220
219
218
260
269
288
211
649
301
310
211
280
251
400
280
229
278
249
280
220
229
218
259
219
211
229
218
300
219
490
218
310
220
229
340
238
238
230
227
299
219
219
219
229
220
239
239
220
219
630
248
250
229
255
231
245
260
300
271
240
230
219
260
390
211
242
221
269
218
211
350
251
218
221
219
279
212
211
260
239
247
250
231
240
220
220
280
220
229
219
251
211
229
219
211
239
229
279
219
239
220
240
220
220
320
251
270
230
352
298
221
230
238
229
219
239
266
212
238
231
220
229
281
218
240
228
217
230
231
240
237
229
218
240
225
221
240
220
258
220
239
230
390
219
226
339
241
220
230
219
320
237
211
242
228
220
459
230
230
229
448
220
231
269
280
219
229
290
231
268
220
279
221
239
359
229
220
219
269
229
211
218
229
270
229
230
220
211
218
220
248
390
211
219
221
220
220
211
220
220
250
219
219
218
239
228
219
331
290
212
220
230
269
217
219
250
228
228
220
260
221
218
220
220
359
220
269
230
270
220
229
219
220
250
220
219
271
219
309
261
220
330
220
218
248
219
239
241
260
220
230
280
218
230
230
260
219
230
219
321
219
211
219
229
229
229
250
241
219
220
216
217
219
250
270
280
215
259
219
240
289
351
220
309
229
218
226
220
400
230
241
250
308
239
229
360
290
240
220
214
230
278
249
228
211
261
251
220
229
228
418
219
260
220
218
218
280
579
310
246
397
220
229
280
211
240
488
239
219
261
211
389
388
211
218
373
219
220
240
228
220
239
219
272
219
230
260
211
219
291
219
239
220
217
220
240
219
220
229
230
291
220
387
220
218
211
370
261
319
240
219
222
288
217
219
211
341
229
220
239
249
220
340
239
227
290
230
239
291
280
253
240
211
221
220
219
219
220
270
229
240
220
260
218
250
211
251
211
219
269
221
251
270
219
219
309
230
214
398
230
220
281
221
261
212
250
221
211
269
239
219
219
350
239
281
211
228
212
268
220
230
219
231
268
231
220
230
211
240
220
299
280
279
270
261
310
239
311
228
239
301
241
228
260
248
230
259
280
360
221
299
260
311
231
259
239
220
220
300
218
352
220
218
388
211
300
230
230
263
221
219
250
299
220
319
228
250
258
214
230
239
229
379
220
219
234
239
251
309
211
262
260
260
271
218
250
330
239
280
248
241
220
240
230
239
240
297
219
220
229
231
219
240
221
429
230
390
260
260
312
219
231
219
220
369
239
251
258
228
219
289
280
259
321
230
218
230
288
288
220
239
229
268
219
240
279
219
290
260
230
218
239