80
139.
150.
171.
370.
168
371
390
400
409
400
419
390
410
421
411
379
470
410
379
422
409
430
390
438
429
381
371
589
1220
1210
422
380
389
401
400
431
1280
379
379
399
1200
371
379
391
380
429
441
571
401
600
469
529
501
439
430
570
400
430
659
529
390
379
399
400
419
1242
381
390
1301
389
371
1140
429
1320
1341
410
409
469
379
399
389
400
379
451
1211
430
441
400
371
379
390
380
380
390
389
400
419
380
409
659
389
410
421
431
1170
381
411
399
561
380
389
390
389
419
410
1320
1260
420
1211
440
378
621
1139
409
491
1190
400
590
1140
378
1370
1348
429
491
391
400
478
372
371
398
380
381
371
390
400
409
430
390
381
379
445
1351
491
500
1150
480
570
500
401
378
1281
380
371
379
420
390
700
380
379
378
379
480
441
389
411
411
420
390
389
380
388
500
1179
409
420
380
380
409
1210
1169
1280
391
511
419
389
623
381
389
400
390
489
651
380
391
380
409
401
452
1120
387
410
371
429
379
371
391
490
421
459
1310
380
401
510
379
1120
411
580
451
408
389
400
380
401
500
1170
411
390
450
371
440
390
429
380
409
380
1160
400
1160
489
441
561
1170
382
400
430
399
421
391
409
630
371
409
1149
1220
406
380
390
380
378
399
450
1151
399
420
1329
382
430
390
399
380
379
388
391
409
1158
491
389
380
450
381
440
391
409
390
431
1160
388
600
548
440
381
399
1079
389
380
379
390
381
461
1166
371
533
1130
1130
1150
390
380
381
389
459
371
419
390
400
400
380
371
381
460
1359
420
1110
461
410
381
380
1289
371
400
399
460
410
421
1181
1229
1280
390
420
1211
399
390
499
430
380
580
379
371
1151
372
380
429
400
1229
410
378
390
400
1150
379
400
451
499
400
382
609
1378
1191
371
400
380
390
429
1401
1381
430
371
420
410
390
1120
410
439
449
1200
390
389
422
1149
371
380
390
371
1170
379
1179
509
399
371
431
619
410
1179
400
390
391
1400
1360
410
430
451
389
402
1240
409
410
380
371
390
420
380
430
439
421
1170
381
1179
420
461
478
380
1339
381
379
462
382
410
380
459
380
400
380
390
371
410
1131
409
400
380
540
380
371
1160
400
470
380
409
380
419
371
410
470
510
419
429
449
440
430
380
371
489
1099
400
400
419
380
1149
371
371
413
379
379
440
1280
389
1351
421
389
1160
389
410
391
1300
441
490
440
390
460
380
460
420
1120
390
419
380
410
401
440
401
379
399
1311
420
411
390
390
1331
490
380
400
579
380
400
441
430
409
581
481
390
378
381
380
390
1180
399
450
390
430
380
1149
380
1270
389
381
461
1460
1450
432
371
379
381
441
399
1347
1330
1170
381
380
1190
1181
1171
379
1100
450
420
389
380
439
1168
381
440
489
378
380
600
429
425
498
541
380
390
420
1221
381
540
385
431
609
381
1330
1340
371
389
1301
1159
1150
429
371
621
430
443
462
380
457
1170
480
410
381
371
380
429
1191
1399
390
371
390
1180
409
409
411
449
378
389
480
389
390
380
380
390
379
390
580
390
408
480
400
1161
379
371
460
1121
380
519
371
1320
464
400
1159
391
390
1150
1198
400
521
1159
390
379
440
552
1168
430
1270
1271
410
611
799
1311
1118
400
380
378
470
430
420
430
379
389
380
590
501
1149
460
380
484
461
1261
400
421
1298
1180
392
379
420
371
442
429
1260
401
1240
430
450
380
1150
390
379
430
1330
1239
490
411
1162
399
1340
381
451
479
382
410
1179
441
499
1181
1149
379
621
480
399
430
400
429
1230
1160
440
531
1109
411
539
381
379
379
449
374
390
419
399
1320
541
479
400
560
490
410
489
471
409
380
410
390
440
371
401
1130
411
400
1199
380
430
400
430
400
469
1391
450
379
371
400
380
379
419
450
1380
409
409
390
1280
1379
371
1319
418
519
400
390
379
380
450
529
402
400
1190
371
410
380
439
386
588
1310
470
1140
387
421
1239
450
380
390
1221
490
1369
420
399
1188
439
380
380
510
410
399
390
400
479
472
459
451
1221
420
400
530
491
460
1339
420
490
459
1120
430
440
1169
390
404
528
1129
380
1342
390
401
511
420
1249
392
410
398
419
449
390
471
639
419
509
419
439
1209
421
409
400
439
390
379
580
390
421
441
1149
380
1161
880
1180
429
399
1161
469
429
521
1210
409
628
390
440
382
380
469
710
1150
400
482
482
1299
380
400
402
390
450
380
1301
430
419
531
482
380
421
420
450
391
599
1239
1170
471
400
460
389
1141
389
1280
481
371
381
1140
386
1309
1188
1141
439
389
1231
492
601
409
441
500
1159
1239
461
400
400
400
381
420
1372
390
481
471
1228
480
1149
400
421
470
1180
1179
531
1199
449
1213
1219
450
1211
381
1190
452
420
490
441
422
1329
1299
391
400
371
430
1160
409
371
430
390
439
520
640
1139
410
1151
380
600
390
379
400
399
1210
410
419
379
470
511
380
1171
380
480
381
1151
379
459
1129
421
1300
670
379
399
462
1240
479
1148
1209
621
391
559
591
620
460
380
441
440
1130
380
499
1188
498
469
1131
563
442
1142
421
420
1159
410
422
459
381
400
539
1190
371
400
381
586
1195
1190
470
390
391
381
460
449
572
1230
409
1340
509
549
499
541
400
411
1380
382
485
391
430
1150
1140
399
1230
1159
441
409
1150
389
439
397
380
390
1190
420
420
779
420
401
1219
410
400
391
440
390
431
390
410
399
371
541
380
380
1290
1219
469
459
1210
380
430
491
440
440
372
1310
1280
389
389
459
392
1139
420
481
410
389
509
1171
420
560
1229
1310
1130
510
510
401
1220
420
1219
441
470
471
429
1279
479
390
457
380
430
520
420
440
1299
421
419
380
438
1140
389
400
519
432
1168
1180
450
1289
430
398
1164
516
1221
619
1269
420
1190
470
1251
1141
1135
380
379
398
450
499
410
1150
390
379
1160
540
1140
381
498
420
413
401
410
1312
390
1170
450
400
1319
1189
1191
820
489
449
1170
530
450
1168
508
380
380
1130
400
437
460
439
410
1271
1350
380
1228
1149
501
1161
1141
1140
390
470
489
1189
430
410
1339
461
490
403
421
431
1440
549
1318
401
1149
478
600
578
571
1230
451
459
411
1139
590
509
1170
391
469
591
380
1132
1300
680
520
380
401
1250
421
381
410
1220
390
521
390
1139
550
439
420
401
380
400
380
440
1160
440
391
1129
390
1190
409
401
399
389
374
380
449
431
631
411
1150
1149
1170
423
399
1139
1128
1173
510
561
1199
449
550
381
441
1180
1190
1190
530
380
437
1210
720
389
590
429
450
1129
383
381
419
420
410
390
1291
1160
1130
430
390
401
490
1110
408
1150
449
390
450
459
372
431
400
390
423
1190
1221
450
479
570
400
1260
1239
381
381
440
422
451
431
1160
1118
480
419
480
1151
420
410
399
410
371
428
400
389
1177
480
390
400
1129
400
410
421
379
1180
1250
1120
1230
1179
470
401
431
421
470
380
405
400
401
400
1130
379
448
459
371
490
1270
421
1210
449
389
420
1151
1130
381
440
1158
501
1270
380
1169
1290
1200
411
1189
1161
550
381
429
1239
459
1201
450
421
1190
1179
430
439
399
400
1319
479
381
441
380
450
455
460
401
469
1130
531
469
1140
390
1250
1210
411
451
431
450
430
420
419
1200
1180
548
470
529
1161
389
389
1139
400
400
1251
520
1120
1249
379
420
480
390
1192
409
1209
401
1218
420
1141
481
478
1219
380
400
460
409
1300
1160
1140
481
1268
399
380
1330
1099
429
460
410
1129
534
1160
458
559
390
520
1151
380
450
461
371
1160
410
1229
439
1182
412
451
1141
500
410
1188
400
440
390
1189
981
441
1170
471
410
1170
410
430
391
450
480
449
472
1160
460
480
389
420
411
450
400
520
391
1150
430
380
1210
380
380
371
429
660
659
390
1171
1129
499
1109
410
381
390
466
371
1230
481
380
401
1219
398
441
450
1109
500
1140
390
1209
380
510
1290
1250
1219
420
412
390
430
1210
420
469
438
390
499
399
491
400
1170
399
398
1211
430
1169
458
1171
449
1199
468
421
422
501
400
451
420
430
459
1180
1171
467
470
459
448
1169
1241
400
400
640
453
450
521
659
409
441
480
1250
400
380
529
1181
390
380
522
1261
410
420
391
1159
390
421
540
460
580
1299
509
380
471
730
400
510
410
390
380
511
441
451
1239
451
403
1231
420
379
1169
432
439
1240
400
379
450
399
1240
540
450
379
411
559
450
611
449
371
480
421
439
393
381
400
398
1210
1128
390
470
1211
1150
432
490
410
1181
421
400
479
441
380
390
449
380
389
440
450
548
431
389
400
411
470
1280
379
400
430
380
541
381
371
371
569
1261
371
380
1300
1389
1169
440
400
440
610
1229
1359
1199
439
1300
399
410
380
399
469
400
430
401
400
379
389
472
500
399
371
400
1321
900
461
1310
490
399
439
1350
379
398
410
1300
940
380
450
439
399
510
419
372
380
380
500
410
379
380
430
401
380
390
380
379
401
399
380
420
480
380
431
389
1150
388
419
438
378
380
400
440
391
381
429
488
490
409
421
428
401
499
449
1281
530
390
1370
409
390
1350
588
410
1160
419
380
400
489
379
390
410
371
391
397
389
380
391
381
371
410
429
399
380
399
460
470
390
1149
590
390
371
401
440
590
381
380
449
470
451
459
400
381
400
398
399
389
660
380
379
381
401
371
379
381
419
501
371
1351
471
440
1160
400
380
581
421
1190
389
380
1379
371
411
400
380
561
381
380
380
390
410
460
379
371
1300
420
599
380
371
1289
379
501
420
380
389
390
441
389
459
600
1180
1430
1239
389
441
499
420
381
371
419
1159
400
381
431
390
440
418
390
449
391
380
390
380
380
1330
391
1241
550
381
439
390
390
371
390
390
390
472
389
521
409
380
380
381
408
470
371
380
421
391
371
430
400
371
573
371
1340
582
450
371
390
390
390
466
469
411
380
371
409
450
391
379
381
431
450
1199
380
398
389
409
1309
381
419
469
400
381
389
392
419
530
430
429
371
400
389
1119
409
1201
449
389
391
1369
420
530
378
380
651
661
389
400
1329
371
380
441
378
399
410
409
451
399
376
390
380
388
380
379
401
580
409
379
379
528
1359
397
398
389
441
400
371
371
381
1330
381
389
379
1239
469
400
383
480
398
398
411
389
450
379
410
1119
480
379
449
390
380
379
401
419
400
431
449
461
428
1409
371
459
390
420
380
1170
441
1100
420
379
389
377
1150
380
401
460
410
381
399
420
1180
450
400
1139
391
388
490
1129
378
390
389
400
380
470
1319
420
400
590
380
422
401
372
511
430
539
568
420
419
381
571
380
471
431
378
398
389
390
440
378
378
1381
380
371
371
430
540
380
670
391
399
1220
651
1200
390
449
1162
430
1181
389
420
1271
409
1151
371
390
1141
400
379
389
380
379
492
381
371
371
1178
502
390
430
400
390
461
441
1169
386
1130
380
1141
389
480
430
1169
380
1160
1158
380
371
399
371
400
411
1310
400
381
1170
430
380
421
1151
449
379
400
379
509
1170
379
371
380
1160
390
440
389
430
390
510
481
379
409
380
430
379
440
1159
1170
461
411
379
390
379
449
379
380
371
380
470
409
380
380
438
380
399
1150
1290
390
1180
631
390
380
379
388
410
379
571
570
380
429
451
410
380
389
410
380
1199
410
381
448
371
470
390
390
1110
379
379
440
1200
1190
379
399
400
450
400
1140
441
379
380
441
1149
659
480
411
642
389
560
451
400
380
391
1140
480
430
371
1179
400
380
1149
379
399
1181
420
431
439
1159
550
419
380
479
468
1300
490
779
431
530
1315
410
380
410
520
1180
440
390
371
1219
1159
391
1191
389
1190
1292
388
399
1319
461
421
401
389
380
399
1330
440
460
490
382
410
372
390
450
450
408
449
381
379
380
421
419
579
450
420
1222
431
380
381
400
400
539
389
439
410
389
479
380
611
452
419
460
371
610
409
421
421
700
489
379
380
380
372
541
411
381
1199
1238
440
408
621
381
1151
380
409
459
1200
449
1219
391
408
460
1330
378
1310
371
570
1181
1180
429
479
1259
1290
410
460
440
1120
472
1271
679
380
390
429
425
371
1179
400
510
401
599
410
420
448
371
419
520
480
442
371
381
1350
460
380
478
1350
390
511
1171
381
480
427
1360
410
419
809
389
450
379
470
371
380
387
411
391
1320
530
1351
420
499
371
1209
391
1199
669
420
381
391
490
500
431
1179
1170
410
1179
448
371
419
1360
410
500
419
389
550
420
380
410
461
378
380
1189
470
371
419
380
1160
410
380
416
391
449
1198
380
1150
409
379
481
380
450
650
430
440
1179
560
400
438
1310
420
371
389
441
769
378
390
389
380
450
567
929
389
398
1190
389
1210
1149
380
1141
1261
380
1329
451
449
1160
472
1320
421
390
1129
1221
499
401
440
1159
1330
510
410
421
371
1160
380
451
411
430
440
1210
1140
371
380
371
1210
381
471
1180
519
410
1240
399
420
540
800
470
591
450
399
371
440
379
1159
1160
410
1250
381
1141
441
1339
451
1150
381
391
390
371
470
420
371
371
380
461
620
480
461
411
1120
378
1180
371
1190
430
449
447
1140
422
379
398
449
410
390
419
469
421
374
401
408
611
393
1170
389
471
399
1290
971
380
1190
1240
410
371
378
380
382
410
379
461
390
380
388
411
420
629
409
510
571
389
549
1110
389
460
1179
380
510
1180
460
410
380
410
1319
430
419
420
401
380
389
1218
623
379
389
1190
430
430
411
1230
421
480
1150
400
1168
460
380
1150
376
1180
380
420
490
450
409
439
400
1150
1310
460
480
411
560
1309
416
381
420
390
1159
430
390
380
1229
1210
439
660
1211
462
1290
391
430
1151
448
420
520
1191
520
480
500
400
1128
440
549
529
380
1298
381
421
1129
430
411
389
1199
649
610
519
513
1140
420
429
430
560
371
569
467
511
379
629
1190
459
1321
372
1308
401
371
379
1131
721
1260
379
1160
371
461
480
591
390
379
1150
521
820
1149
446
471
538
1216
400
1159
1198
488
441
1129
381
440
439
442
499
1196
430
1180
380
419
1170
1211
471
430
430
371
460
498
459
440
428
1277
410
430
491
1160
418
451
390
1180
379
1188
389
380
461
430
1139
520
488
1260
502
1090
380
409
380
1130
411
459
1389
390
379
1179
371
1199
380
439
371
425
379
547
540
419
411
400
1118
380
1200
1188
1210
412
1149
1389
440
1159
689
380
601
410
1180
1200
577
1421
410
402
371
429
1141
371
1160
380
429
419
461
1121
1169
1140
430
410
500
1280
372
1130
1429
402
1187
1259
1200
390
422
529
520
440
450
372
1240
1279
480
400
461
460
390
379
379
450
1159
510
1239
452
1189
461
540
1170
410
1199
371
399
380
472
459
1181
409
371
499
430
441
399
380
540
371
540
1180
1198
444
489
1290
449
470
470
380
409
1169
408
401
410
449
1170
1219
480
400
504
399
1271
401
371
450
1180
629
480
1169
1150
419
1160
1200
411
1139
1211
430
1170
479
379
409
452
1171
481
1160
1150
1360
381
441
1139
1149
1316
381
411
469
400
1259
482
410
419
411
511
468
450
390
1469
380
690
391
1210
390
420
1189
391
410
401
431
480
420
630
431
390
1250
440
451
490
1369
740
1130
451
429
530
1231
431
399
420
410
460
1155
380
501
379
407
531
1289
1199
489
480
380
411
391
1160
488
490
390
1280
441
401
450
1221
399
429
501
1269
390
1159
389
1280
429
440
1200
601
530
401
1140
1210
1181
409
400
421
401
460
479
1130
500
1169
419
562
1139
1129
1120
1180
560
464
401
420
399
1211
392
389
420
390
1197
378
381
1159
440
429
1238
371
390
1148
389
381
1150
530
1119
1259
1159
410
1180
400
1150
371
399
1120
402
1211
1300
1210
401
1300
1159
1219
1121
399
478
1280
411
387
440
1210
420
410
439
1139
399
1179
1160
430
389
379
399
410
1141
402
400
1110
1240
680
1220
551
410
1230
400
1170
379
400
440
437
390
450
410
390
1251
389
421
450
389
1180
455
371
372
410
1151
381
1129
420
500
540
1250
1281
1171
449
430
407
1257
379
430
1210
390
1207
529
580
460
508
379
1190
430
462
1141
1170
409
440
380
391
389
1181
437
549
1251
420
1200
420
379
389
430
451
450
490
480
478
420
389
420
400
390
428
1141
489
410
499
440
1199
379
1220
398
401
1210
440
400
500
438
1321
459
550
449
559
380
400
371
399
1310
450
1279
378
1169
1149
1328
470
540
411
457
569
501
559
1230
1190
429
390
1150
490
1151
1159
470
1260
500
389
510
390
378
1148
470
399
470
380
431
442
450
420
1110
380
1141
400
379
1221
418
1190
519
1190
420
393
1231
599
1180
409
1171
429
1160
380
1190
1170
371
478
1169
509
380
1249
549
430
1181
399
411
1150
489
399
390
391
1359
1120
380
1201
391
440
440
490
430
1150
440
1149
1159
1230
429
600
469
450
420
1249
380
410
381
1189
1309
421
390
380
1139
491
481
390
1229
480
421
430
409
1250
479
1180
430
420
379
503
450
390
501
388
411
1221
1169
378
408
1158
401
430
471
1339
450
1222
449
427
371
1240
1138
400
1140
1181
399
500
1169
1159
1180
1239
1191
1300
510
421
399
498
1211
1170
1150
460
440
1117
510
431
1300
450
442
411
1235
550
849
440
462
439
410
1320
1150
518
1230
1220
451
1160
400
1180
410
1140
392
421
1142
380
1139
380
1151
1151
1250
521
400
371
800
1121
440
1189
451
479
411
391
383
450
410
380
469
490
371
470
400
419
438
419
373
419
439
490
399
419
420
390
455
450
430
439
410
510
410
380
451
371
449
397
380
389
1160
378
1191
429
1159
441
490
1151
391
1191
380
400
382
409
380
399
380
400
380
390
390
431
377
450
429
380
390
409
419
470
430
380
410
461
399
380
400
430
1410
379
1281
381
1311
565
380
371
430
395
399
421
500
429
399
379
402
371
1270
500
380
400
380
1269
459
440
371
391
399
371
1150
385
390
399
539
388
380
418
419
470
1190
379
389
399
380
379
490
400
1400
389
401
380
456
480
409
1291
430
380
379
372
473
380
371
450
389
399
398
379
380
480
500
399
391
490
479
400
482
549
500
413
388
399
400
411
389
380
390
401
1199
438
400
390
379
411
529
389
1365
379
390
409
1300
469
469
440
530
401
1389
399
1350
430
380
410
390
430
372
422
513
520
391
371
390
401
380
401
379
460
390
388
390
380
401
381
379
380
419
379
391
380
371
440
442
430
631
1150
400
371
380
409
1370
420
391
380
373
480
371
1140
371
390
1170
410
428
440
390
400
1380
1170
380
410
390
450
480
430
391
1211
418
390
398
539
381
399
428
391
420
451
379
381
439
451
389
490
421
377
451
390
1249
400
380
389
391
400
379
401
401
391
380
1149
420
560
421
438
1160
420
371
420
499
379
389
521
391
380
389
399
471
440
420
418
398
1191
400
410
400
400
379
450
381
420
381
381
380
371
398
400
379
399
469
460
389
390
449
403
409
380
1361
490
399
380
371
399
388
411
1151
381
481
404
399
429
1323
409
380
390
399
490
373
379
400
401
451
376
420
409
402
380
419
1169
371
381
430
389
420
469
389
399
410
389
409
450
399
400
549
470
380
479
450
440
571
410
380
479
461
381
371
390
371
480
380
1150
1360
410
400
530
500
391
381
490
371
420
439
440
430
670
396
621
371
420
389
690
459
511
381
1170
612
1169
819
800
400
400
1150
381
380
1183
410
420
390
380
381
440
630
380
450
430
600
391
460
1189
880
1178
573
389
1331
631
430
380
431
379
461
391
1239
380
381
380
561
379
441
420
1148
389
371
381
381
380
399
440
380
391
429
409
379
399
389
379
390
408
479
391
390
402
389
391
1300
389
379
430
421
490
391
381
390
398
619
400
379
399
1270
371
390
441
599
451
380
399
379
391
479
380
390
491
380
389
408
394
411
390
390
419
411
399
419
390
500
461
1248
379
399
1180
379
409
449
379
390
390
552
400
431
1291
378
390
639
389
381
1147
400
391
441
401
379
401
381
471
1289
509
379
1219
400
461
379
410
1180
1219
379
430
380
439
387
379
391
379
391
420
461
379
439
371
371
431
372
399
389
380
410
371
379
430
470
389
400
390
379
389
401
419
390
501
380
380
431
1301
440
381
1179
1150
409
539
389
391
388
407
379
380
371
381
430
380
380
400
380
439
409
400
429
419
1321
391
379
389
459
501
560
450
1340
429
541
389
560
429
1189
390
390
371
1350
399
439
390
380
439
389
410
1170
1130
429
409
389
420
450
380
398
381
429
621
379
490
410
398
371
379
1190
1131
420
439
371
399
1150
371
451
409
392
419
520
420
1140
388
371
380
1310
399
371
410
452
400
371
379
389
1121
378
451
500
1172
449
451
412
380
431
540
398
609
419
440
400
499
380
380
1460
1330
371
1160
1150
381
376
570
440
371
420
391
381
1241
391
390
430
421
450
1220
421
410
380
380
1169
449
381
411
371
429
490
450
436
400
449
378
1320
380
420
390
411
1160
379
520
480
421
400
380
381
489
469
459
380
420
1169
387
520
419
472
390
491
380
411
1161
390
410
390
420
371
753
380
1209
600
1180
609
1170
391
390
430
431
380
1150
372
1330
429
400
420
1191
420
1310
421
439
410
389
439
1168
520
380
449
389
699
440
1290
431
391
450
390
389
1179
399
380
429
410
1380
389
399
371
391
400
430
381
379
371
371
1171
1269
379
440
460
380
390
451
1180
850
1160
1130
371
380
377
371
420
449
1110
389
430
1217
389
381
421
431
379
410
380
389
371
469
411
399
1329
379
1171
429
379
1169
380
380
429
419
470
398
409
390
430
390
379
397
460
560
400
1150
1140
380
379
381
389
1321
1299
420
380
381
409
410
392
1159
472
380
379
390
379
379
610
390
409
1350
1220
441
470
380
401
519
390
1141
500
1200
442
1190
438
490
749
411
378
409
419
1150
379
399
390
1120
410
390
372
419
510
390
380
517
1228
531
401
371
460
409
379
1292
1150
400
429
389
461
1170
390
380
450
500
390
381
389
390
409
410
380
389
439
460
380
380
539
400
419
461
421
431
399
390
1178
1150
391
381
382
389
380
379
389
389
408
1330
461
1290
1330
379
1180
1160
400
1319
480
382
380
391
549
409
470
400
420
390
410
430
1188
475
380
419
393
371
610
1179
379
381
500
1310
380
450
662
389
750
451
379
1279
1180
489
420
1281
390
1349
500
1271
671
1199
459
377
391
411
419
410
371
1210
371
469
400
371
429
390
378
1238
409
372
1149
390
411
1209
390
380
460
458
1178
1409
590
480
430
449
1150
561
420
377
1289
399
389
399
449
372
1196
410
390
1320
390
510
421
409
420
411
431
490
460
390
530
387
380
431
539
464
430
467
1150
459
1269
420
479
420
389
411
438
430
1152
390
450
601
1150
391
1149
1168
1300
1180
420
419
420
620
1319
1241
459
460
1319
481
391
1160
1160
410
512
391
439
570
408
640
380
1237
491
380
1179
460
560
1250
399
550
420
499
442
399
1171
450
410
389
1129
411
509
400
379
1180
382
1066
1291
411
439
440
450
1318
620
390
519
377
440
1140
401
410
410
420
400
421
408
410
1318
408
460
379
380
401
390
379
1200
1198
430
460
390
430
450
480
510
1280
429
1220
621
1230
510
399
379
371
469
1192
371
1141
391
1160
1189
1220
1221
1101
399
410
1121
440
440
619
430
491
379
1279
460
1310
1121
600
540
391
420
621
1281
390
380
759
449
489
430
830
449
380
400
380
1341
400
1181
1280
372
1140
450
1301
430
430
401
1200
1189
1280
1290
400
1180
380
500
521
1200
401
380
409
660
1300
1140
409
400
549
1199
462
490
441
411
430
411
451
390
1201
1201
387
1240
1329
430
440
472
400
541
451
539
719
391
430
399
411
539
530
381
540
461
1309
473
380
399
390
490
1259
1140
1378
371
555
378
411
480
401
391
403
371
470
1351
1150
409
410
499
429
469
410
499
1300
420
371
389
430
1159
450
1160
591
421
1110
371
371
646
380
469
392
379
420
449
430
439
410
1180
1150
1289
439
1250
581
399
551
391
410
1120
402
1171
380
521
1191
381
1140
410
440
490
410
1200
1159
1140
440
411
401
400
410
380
410
691
381
409
460
381
1200
508
1262
1138
380
371
381
410
449
518
1250
461
410
419
1150
420
418
400
421
1191
449
411
1181
390
380
399
1271
1150
1160
380
541
391
451
379
380
1179
1220
469
411
579
399
430
1148
1230
451
1187
448
390
391
400
1158
448
1140
1308
448
559
1209
381
371
1150
400
390
372
1138
1180
431
541
390
390
439
400
380
459
1211
378
391
1160
430
1170
1190
429
488
1151
462
390
400
417
451
1231
1330
456
419
1158
1150
400
420
431
400
390
400
400
481
410
434
389
430
469
440
459
387
531
1299
412
1318
391
591
1200
421
440
390
1410
508
380
1200
1219
400
621
1300
379
1270
411
410
389
438
390
1131
449
430
420
390
1129
1180
421
390
459
439
420
1330
480
380
440
391
381
1181
391
1250
541
1200
490
440
389
1169
1219
410
1160
401
430
439
380
1140
559
401
1140
1339
490
379
1191
529
401
420
420
459
1141
1161
501
1131
1220
391
551
1186
381
460
1120
379
380
451
502
390
509
469
471
439
381
459
412
1219
412
429
421
377
439
1179
398
1189
390
421
451
1130
1190
422
389
409
1210
400
390
1198
430
440
1319
440
380
439
393
410
592
379
528
430
531
390
1170
381
570
1129
371
469
379
1300
460
419
1200
432
430
420
388
430
438
470
1100
1220
391
421
1309
480
1130
428
500
1210
380
1210
1239
429
510
479
390
1239
390
390
390
420
430
380
541
440
449
381
1129
1189
480
430
404
530
420
1170
400
379
478
1251
450
1208
609
419
1130
1270
499
1160
470
1180
520
379
519
451
516
1179
381
1100
1170
1180
401
401
400
439
1180
1210
430
1149
390
1280
692
419
509
378
770
381
390
1131
1314
371
410
1139
530
380
480
1151
410
572
1179
420
399
1311
598
540
1279
380
371
381
1171
459
521
1140
1131
409
1318
379
389
400
1338
1199
371
480
1129
511
381
470
550
1171
409
460
1250
390
420
1240
390
1150
387
388
390
450
431
421
471
431
1161
1159
380
1159
1151
443
510
450
1279
439
390
1191
1130
1230
569
400
1209
1179
378
371
410
419
389
450
407
419
480
469
1220
460
539
1170
380
420
429
1189
371
479
438
421
1169
1241
381
1188
421
1179
400
380
399
441
430
1130
500
401
1200
461
1218
470
499
1229
411
460
1211
419
409
442
680
390
1160
371
1140
371
1110
460
481
1199
421
429
428
540
400
401
1160
1250
449
1290
400
499
460
1249
400
439
461
1179
400
430
1150
441
390
1120
411
390
480
400
391
408
1220
440
1201
420
401
440
1190
1181
1170
387
461
399
1170
409
1179
470
429
439
460
409
1140
440
379
381
431
1189
1160
1180
430
470
491
1181
710
1181
1170
412
1170
381
490
1151
400
421
481
410
490
1160
1111
405
380
420
510
439
750
430
420
391
401
440
501
372
400
400
389
400
379
470
429
449
429
389
480
419
401
589
380
380
460
420
488
440
651
1230
381
371
480
1199
410
1121
520
410
371
440