49
100.
110.
120.
261.
115
441
290
500
271
270
381
369
1110
280
1130
280
329
300
270
1110
1120
315
280
288
419
1110
269
400
1159
1089
1169
353
311
349
540
289
292
1119
1099
1092
1127
321
1628
269
1118
1151
1071
390
1120
310
558
290
1120
271
281
280
1180
1127
1160
300
1120
299
378
281
581
287
1101
269
288
318
290
290
271
301
289
370
531
270
269
300
280
300
358
481
319
290
382
1130
271
1161
482
1090
1060
1102
371
339
1109
321
320
283
270
268
300
320
269
279
271
278
310
270
281
280
270
281
291
310
281
379
562
331
271
289
330
311
1119
320
320
291
270
269
291
290
330
310
269
290
321
1841
1520
278
270
298
302
269
299
280
302
269
300
280
510
290
300
270
301
300
290
278
279
281
269
268
269
301
300
290
289
313
313
300
281
290
279
269
269
280
331
370
289
319
301
271
268
269
313
279
324
321
300
300
278
271
289
270
268
268
280
320
267
268
334
291
351
369
301
280
270
289
279
279
270
269
310
660
290
1129
270
300
319
331
268
270
279
270
271
310
269
269
281
339
1100
1109
370
280
281
349
267
332
280
271
371
320
291
578
268
1040
341
270
280
299
280
290
279
300
270
290
300
298
392
1090
330
350
341
309
340
299
350
380
303
269
279
269
268
309
320
342
300
291
270
311
311
339
692
280
379
280
279
271
682
320
400
269
270
280
268
300
270
280
281
269
320
310
289
270
513
1211
1081
310
329
641
278
351
371
270
338
599
270
372
290
300
290
382
268
290
299
300
270
290
278
268
459
280
270
318
390
298
309
271
389
299
279
271
353
280
281
392
271
270
328
280
322
290
311
281
267
349
338
299
590
268
288
309
329
270
350
290
295
299
371
269
371
601
299
330
308
362
291
607
360
299
330
279
280
320
360
268
337
269
270
332
290
269
328
268
330
270
1049
291
280
399
511
360
620
371
600
289
289
330
290
380
270
653
300
300
271
374
363
270
680
310
320
319
300
290
350
290
278
280
371
350
350
270
300
280
279
268
271
390
310
340
309
360
270
360
289
281
298
270
299
270
308
321
278
380
290
671
286
341
280
280
281
351
310
279
270
341
270
370
270
299
319
364
320
278
270
641
330
301
279
330
270
328
280
329
269
330
291
1131
280
299
281
280
1037
329
269
362
366
289
280
287
269
330
341
295
611
373
471
288
321
301
290
320
301
279
641
400
269
309
391
330
267
382
280
269
278
450
280
281
310
330
270
289
371
311
300
343
339
362
411
1238
379
351
269
281
290
330
279
268
289
268
279
392
1071
271
339
1069
309
630
270
362
291
298
610
312
298
299
309
279
371
353
279
269
361
280
299
279
281
294
290
309
500
280
299
299
319
271
620
270
271
268
280
380
510
280
280
278
351
288
371
269
350
370
289
281
339
268
341
340
301
280
349
300
1320
280
280
599
310
278
300
280
268
314
266
290
350
278
299
611
277
288
661
371
281
610
268
350
379
290
280
379
300
332
269
280
263
329
371
280
369
340
340
270
351
631
289
269
330
277
270
350
280
280
279
300
270
371
279
268
659
330
268
280
351
291
279
392
341
340
301
281
338
320
277
331
279
331
312
1111
359
309
591
280
300
301
331
341
360
288
366
360
321
760
351
361
269
739
341
290
331
290
313
269
300
289
262
289
299
1110
272
329
312
409
1289
340
352
309
351
277
277
352
320
263
1138
611
332
300
351
311
270
308
269
280
281
320
470
329
340
289
641
592
1479
269
352
265
299
1963
270
290
330
341
280
290
369
290
319
549
331
318
690
321
348
310
340
301
279
289
279
349
269
353
368
371
268
349
392
270
321
338
311
278
300
361
350
281
322
341
1090
279
279
298
360
320
270
1122
289
1111
341
340
280
341
370
280
319
342
1381
331
289
1090
330
400
270
361
350
298
301
351
351
319
360
359
341
270
300
352
289
319
269
328
278
299
270
309
329
340
267
342
309
280
270
348
339
372
279
310
302
299
589
269
1130
280
1150
290
267
339
279
288
288
281
307
269
330
342
362
271
280
350
269
278
320
309
1081
1369
288
279
309
661
279
1080
271
631
300
380
308
350
270
288
349
650
389
269
279
350
270
302
290
269
289
270
290
321
270
271
339
271
602
290
351
299
309
299
361
352
302
290
320
303
323
289
331
331
318
280
289
350
302
352
270
300
280
281
350
331
361
281
279
280
309
340
290
339
360
331
289
270
317
270
279
306
379
299
268
299
270
270
320
269
280
269
300
268
340
388
291
311
322
270
289
310
333
280
370
383
379
1118
330
333
270
341
279
269
312
299
267
278
270
343
289
332
270
740
271
281
340
270
276
270
315
266
308
302
300
288
551
274
320
268
352
281
271
319
313
291
271
310
380
300
341
270
361
321
281
271
321
319
299
409
271
269
310
318
270
342
290
360
269
320
298
331
290
350
291
311
393
278
268
278
278
268
2570
1260
1501
271
366
480
280
342
280
319
349
301
270
361
283
300
269
331
331
321
350
280
309
278
359
279
279
1271
269
340
280
335
320
280
322
279
301
311
360
349
321
267
341
349
372
330
270
330
270
281
322
271
277
312
290
280
263
290
279
368
279
359
311
342
360
280
351
300
310
299
310
279
301
321
312
351
262
279
271
300
280
333
269
319
350
350
319
323
281
430
267
282
300
290
282
332
270
262
368
340
270
278
278
333
1120
290
290
329
370
271
277
319
322
270
269
301
350
300
281
340
299
314
277
301
319
289
290
330
300
310
299
1076
271
291
324
268
331
310
320
350
1050
379
277
270
310
269
349
331
268
312
281
299
313
269
300
322
1141
318
271
279
270
268
277
281
321
270
330
310
279
271
283
330
289
2082
1821
1449
1490
1480
1490
499
310
310
300
281
269
319
321
314
321
450
280
280
300
269
290
342
269
269
291
280
270
350
299
309
269
290
329
269
270
320
300
300
270
269
320
280
281
268
316
301
1108
271
321
1122
270
270
262
270
311
269
331
302
310
300
268
269
310
290
291
321
329
330
300
301
321
270
313
590
301
268
300
268
291
297
290
331
350
319
312
300
350
269
301
323
291
281
262
269
271
280
269
320
323
300
269
312
281
289
320
300
291
280
275
310
290
281
313
270
270
301
281
278
340
300
300
313
290
278
314
320
268
290
290
289
323
290
290
288
300
310
301
271
300
319
440
311
290
269
282
330
300
301
270
300
332
270
279
269
280
299
327
339
281
329
301
289
310
309
302
262
281
301
269
338
262
300
291
267
1089
271
303
302
322
301
284
349
268
280
290
271
299
280
299
270
311
269
301
301
400
269
291
270
314
291
270
322
301
290
310
291
351
282
311
290
311
270
299
292
262
331
273
291
350
280
320
310
280
292
310
291
302
320
300
300
309
290
332
271
280
281
329
269
301
300
290
299
300
269
313
301
313
310
280
291
280
282
280
270
262
300
382
392
300
301
310
291
291
291
291
269
270
271
312
310
282
299
281
289
291
271
290
300
281
321
300
331
292
301
280
291
291
280
270
299
269
300
412
337
279
290
310
320
311
262
291
351
271
291
271
271
300
321
281
320
311
290
281
289
310
359
270
281
277
342
288
292
262
280
290
269
269
320
271
1029
281
270
270
409
290
580
275
280
280
290
300
319
300
300
316
290
300
275
303
1099
310
280
272
278
309
301
291
289
281
330
280
401
271
310
281
270
272
269
279
350
290
300
281
311
270
281
270
301
281
309
272
289
289
321
1111
331
271
270
280
271
271
300
271
1180
290
282
280
1140
1109
271
301
264
269
302
281
281
279
1071
300
270
280
290
400
600
301
269
379
281
311
1203
270
280
272
269
281
380
280
309
371
300
270
281
272
288
322
272
270
283
271
272
290
262
270
289
330
322
290
302
289
271
270
279
302
310
350
283
271
269
270
262
300
390
281
351
310
311
271
271
280
269
300
297
290
471
270
310
280
310
279
411
271
272
262
301
271
290
300
270
279
272
262
280
263
280
264
672
272
282
291
272
270
381
302
280
271
320
280
284
270
269
1230
262
549
289
270
310
272
314
270
270
264
271
292
309
280
291
342
272
274
283
301
338
281
290
270
280
302
300
323
1122
302
300
300
269
1080
269
270
269
290
281
292
321
1168
299
270
281
341
269
290
282
269
328
301
310
280
1620
340
310
310
291
262
263
263
320
278
300
271
280
318
270
280
360
300
293
299
268
1060
1470
1792
991
282
289
299
272
263
271
290
271
299
330
1118
289
291
329
301
289
269
280
310
279
282
351
299
269
279
300
272
270
269
270
269
282
1110
279
272
330
281
270
1180
262
349
499
278
320
280
309
274
300
290
271
272
270
322
321
272
280
340
279
270
262
280
409
321
401
300
271
370
1079
319
1090
1090
1101
271
1070
280
270
280
1118
371
1890
271
451
374
270
328
278
1149
781
1499
1479
1489
1790
1462
1487
1522
1483
1460
1541
1467
300
1079
271
280
1163
1089
280
271
290
290
269
379
281
301
1090
1141
1111
271
330
272
1079