54
90.
107.
127.
180.
108
189
187
259
242
291
269
230
259
199
190
188
197
200
190
220
220
189
199
239
188
199
181
209
197
205
311
192
187
219
300
240
190
319
200
206
198
198
238
189
200
209
311
409
320
370
221
228
349
273
220
208
290
209
251
199
198
191
298
198
189
300
507
561
490
919
550
343
241
449
342
407
319
341
260
192
218
188
192
190
199
261
219
189
189
181
210
209
251
199
201
320
206
191
189
191
189
187
238
251
189
200
368
198
208
189
190
229
189
188
188
182
258
201
189
190
231
200
199
270
188
190
200
190
219
400
200
210
189
187
181
199
209
201
190
190
212
191
200
190
198
181
191
190
230
199
199
280
189
279
240
220
184
190
189
188
190
221
241
190
200
221
199
190
199
329
190
208
239
188
201
263
190
270
209
188
210
269
189
190
187
189
272
190
220
220
1100
250
230
209
210
230
219
189
200
181
250
201
190
190
187
201
199
310
347
208
241
190
220
188
210
448
187
190
191
212
229
199
200
241
280
189
190
189
188
189
181
219
188
251
222
209
210
181
200
200
181
187
189
187
181
190
188
230
187
201
237
189
189
189
189
188
190
231
189
188
189
189
218
190
199
229
190
208
190
189
300
187
189
199
199
199
240
191
189
241
190
219
201
189
429
200
190
188
240
209
189
188
300
189
248
190
190
267
199
236
200
269
188
181
280
239
190
200
199
270
250
218
259
189
190
189
190
210
260
191
210
190
189
212
300
190
278
199
209
209
250
210
198
188
199
230
191
229
198
197
290
240
186
181
280
189
209
188
189
189
200
199
199
192
200
196
199
199
191
188
190
189
259
250
199
189
186
210
231
210
329
189
278
188
218
189
200
260
183
231
190
399
200
239
268
189
187
248
199
191
292
202
181
188
199
198
189
198
200
210
181
190
209
228
181
189
190
210
190
276
188
189
188
291
187
189
570
191
203
280
240
220
191
198
199
209
191
190
189
200
269
220
191
199
270
188
190
280
190
189
218
307
280
189
200
270
185
278
217
301
190
189
189
210
202
208
209
200
219
299
188
270
201
197
211
189
199
186
190
189
184
209
253
199
200
182
190
249
200
310
190
190
211
202
190
220
190
201
219
181
200
213
199
189
251
310
189
190
241
260
190
189
209
269
189
210
189
211
269
189
318
190
228
189
360
268
189
279
191
222
199
191
230
229
186
250
189
299
190
230
301
200
189
190
198
189
188
330
429
181
189
218
231
188
198
247
191
190
188
300
197
181
189
311
200
189
251
221
220
189
220
189
210
181
189
188
198
260
198
189
200
210
197
188
350
198
189
220
199
199
340
198
189
207
271
219
199
188
190
200
209
189
200
188
190
189
199
189
209
190
240
188
189
219
197
190
269
190
228
209
190
190
260
187
211
471
209
191
222
185
197
231
188
200
211
190
189
250
210
259
230
271
190
199
190
190
200
299
299
190
299
220
199
189
189
189
281
190
238
269
228
210
189
220
210
249
191
260
188
188
250
190
190
181
239
198
240
241
181
252
181
188
190
187
240
240
190
590
197
230
238
189
199
181
181
241
201
196
182
189
181
239
200
240
209
190
201
210
190
239
190
240
188
200
230
279
200
200
198
258
189
190
186
188
190
200
190
206
190
228
181
199
260
250
181
188
189
189
219
188
219
187
244
189
260
331
250
181
189
189
219
198
301
230
186
250
250
199
189
290
221
217
190
191
260
199
189
229
229
189
190
200
199
188
187
260
219
189
202
269
259
199
188
190
188
279
228
211
190
250
241
329
190
189
190
189
190
188
230
186
200
186
199
189
261
189
230
191
181
201
199
189
270
198
201
197
250
199
199
201
188
189
188
189
189
191
189
199
189
238
278
260
187
199
189
189
181
226
189
239
258
190
272
188
189
189
189
210
189
182
191
189
210
189
190
240
199
208
182
200
190
197
209
191
190
349
186
188
229
190
230
210
200
209
190
181
187
196
190
188
209
200
210
211
187
200
249
181
230
230
209
190
280
238
257
182
189
360
189
269
212
188
258
231
208
198
210
229
181
188
290
189
181
181
220
191
189
260
181
189
207
199
237
199
220
197
189
189
189
208
201
181
220
181
190
181
191
218
210
190
188
190
190
191
181
351
199
192
240
181
199
210
210
190
311
200
189
190
240
211
187
331
211
188
229
189
188
189
231
190
189
279
189
199
190
181
201
230
181
251
181
260
200
189
188
190
200
210
189
186
190
190
182
201
348
309
250
198
190
218
188
269
190
181
209
191
189
299
219
239
260
190
181
200
210
239
189
313
241
219
189
188
188
220
240
190
188
181
197
201
187
190
211
278
240
181
190
210
187
181
191
208
200
399
290
200
189
189
181
267
181
250
259
200
199
240
189
189
232
322
189
189
189
280
199
191
289
221
219
189
398
201
261
260
182
197
240
290
319
189
241
210
200
191
197
260
188
181
200
240
181
181
197
271
290
187
188
200
201
340
189
250
300
189
270
191
191
188
189
199
210
221
189
351
199
249
181
190
199
210
200
181
181
207
188
181
188
189
218
181
188
197
209
190
299
202
189
187
199
199
209
189
188
339
260
201
190
187
209
300
300
330
227
189
248
181
210
249
199
190
269
250
200
250
189
208
190
369
181
190
199
209
189
239
189
181
188
199
200
249
260
270
229
188
189
190
182
202
189
187
190
184
190
251
219
181
190
190
182
191
209
289
189
181
229
189
241
259
238
200
269
189
188
220
190
199
187
190
189
187
281
199
199
221
320
189
209
211
189
191
1073
329
190
229
197
200
220
202
279
200
189
250
189
190
181
181
212
199
250
188
231
270
189
227
183
229
190
190
188
181
190
198
191
200
188
189
188
270
199
190
191
509
201
209
190
189
260
200
261
181
182
200
189
260
190
190
319
199
199
209
212
189
219
220
189
188
189
188
206
309
189
187
337
217
190
259
208
249
181
189
198
479
188
187
198
189
199
209
188
191
199
191
371
191
250
181
190
243
231
188
182
190
189
210
189
210
189
209
256
187
195
199
271
219
187
239
260
187
229
190
279
250
190
190
181
190
259
199
200
250
189
201
201
221
189
249
251
198
187
190
250
211
201
271
186
199
182
201
181
217
191
188
219
190
189
187
236
181
189
240
209
187
270
269
219
230
181
190
181
189
359
189
189
200
189
190
190
189
210
190
188
211
181
240
198
271
209
190
208
191
220
189
191
187
200
191
198
221
208
310
188
380
230
247
268
224
187
211
197
249
259
190
209
208
230
352
188
229
299
197
190
199
289
222
189
238
190
190
199
221
200
182
249
186
220
186
249
220
181
209
239
199
229
240
188
200
231
230
198
259
229
190
191
187
257
200
290
188
181
190
240
221
199
189
188
220
198
195
208
200
190
189
189
220
189
200
186
181
289
210
198
189
289
302
229
190
209
218
191
181
271
209
189
219
189
977
181
190
209
260
229
188
190
189
181
190
181
219
191
199
200
289
189
188
189
388
470
188
189
190
221
189
219
200
189
211
189
189
200
191
201
185
250
188
342
240
187
190
189
210
189
190
220
211
199
189
229
190
240
259
220
190
190
210
260
190
187
185
270
199
191
191
221
188
269
190
190
189
181
199
210
198
199
208
181
199
199
240
199
270
189
199
209
189
220
189
191
190
211
181
189
310
188
359
207
189
247
289
229
198
190
189
186
210
197
190
189
270
198
290
189
232
199
189
219
181
209
250
188
201
189
189
199
220
191
181
200
210
238
227
272
201
259
188
197
190
289
199
190
221
181
219
181
210
269
198
190
281
320
321
199
181
360
181
188
199
249
182
188
198
191
320
187
199
209
220
230
248
189
190
190
210
197
241
204
181
270
210
188
199
191
258
189
200
209
320
280
189
218
188
190
190
198
209
187
207
199
190
190
190
221
301
240
189
199
349
210
190
229
209
188
248
190
189
209
189
188
211
210
249
200
268
181
207
199
321
189
220
248
219
187
191
240
208
230
190
189
268
190
191
189
190
311
190
210
259
189
220
200
370
439
320
320
190
331
190
191
380
191
191
261
200
230
237
239
209
281
189
199
400
188
190
190
529
509
281
440
590
258
460
261
370
280
289
359
312
307
190
199
210
187
200
260
199
230
229
190
248
230
188
191
190
181
260
190
200
211
250
191
185
410
430
200
189
181
189
260
189
220
219
248
230
181
188
191
190
190
181
269
190
221
217
189
181
189
199
190
269
184
190
220
189
259
189
199
183
199
199
230
209
188
201
181
238
188
191
310
260
230
189
189
199
220
231
211
190
220
189
189
247
199
190
209
229
409
190
188
210
216
181
211
239
198
198
198
190
188
182
188
198
240
210
189
291
190
270
239
190
200
280
186
188
191
190
188
199
191
210
209
181
189
219
239
191
190
210
210
221
181
229
189
229
190
189
189
189
330
221
209
258
187
239
209
210
220
182
181
189
190
229
181
182
231
210
187
251
189
229
191
190
229
189
239
182
189
190
291
202
191
189
330
190
250
199
280
240
181
189
187
231
189
218
260
188
220
200
208
189
200
191
209
200
189
190
200
190
189
190
181
260
189
181
258
220
188
270
186
190
220
240
188
187
209
259
209
188
190
320
238
200
181
190
181
261
181
220
190
261
260
200
280
188
220
190
191
190
188
199
187
289
250
188
210
198
200
260
189
202
210
201
219
189
239
189
190
212
192
220
187
200
209
269
189
238
187
208
200
208
217
229
218
259
199
209
189
187
190
269
190
190
231
199
189
230
188
187
289
189
291
188
185
199
191
230
229
189
181
188
189
250
199
181
189
197
199
190
208
198
198
229
200
188
181
258
220
208
187
210
199
332
190
208
181
181
330
199
211
196
210
201
200
249
181
191
239
189
200
272
190
189
181
259
188
229
183
205
219
278
181
188
191
264
189
188
181
190
190
200
210
199
249
260
199
290
189
200
190
269
189
238
190
198
187
269
279
191
190
219
389
230
219
208
189
196
187
199
190
186
189
191
189
221
199
341
199
190
184
189
196
190
189
220
221
210
189
181
381
190
230
199
188
230
190
208
187
199
189
271
189
188
580
181
181
240
269
182
219
190
398
189
313
189
191
300
230
191
189
240
199
188
189
250
188
219
189
279
190
189
189
259
190
188
200
188
189
189
185
188
187
188
257
190
181
210
188
195
218
181
189
181
217
198
228
188
189
279
190
290
219
189
269
192
218
188
188
281
189
249
278
189
211
220
231
250
210
189
189
181
189
238
181
199
198
301
190
259
189
238
198
187
187
389
190
269
188
182
260
238
189
209
199
190
209
198
349
189
189
189
188
189
359
229
190
188
231
230
189
182
189
260
189
198
199
189
289
193
188
199
301
190
189
208
238
181
190
189
189
188
189
189
189
189
301
226
189
301
189
230
190
190
211
190
200
189
411
189
210
340
359
200
340
189
291
190
190
190
199
191
261
219
199
220
279
218
189
189
188
209
269
221
181
182
187
187
190
201
189
189
249
209
230
209
189
260
210
181
188
190
188
290
199
219
181
181
200
188
219
240
188
189
191
201
227
181
400
200
219
190
240
189
189
189
280
189
188
188
261
188
201
187
189
198
220
189
189
208
219
290
189
191
191
260
209
189
189
189
190
188
189
191
230
199
190
189
190
270
330
185
220
190
191
266
239
280
201
250
189
190
261
182
189
189
250
219
329
199
189
250
189
190
259
261
221
230
189
181
189
189
187
210
232
211
189
188
191
337
198
280
189
201
190
240
189
210
220
189
260
188
187
187
190
181
199
218
198
279
191
187
190
191
279
181
239
197
189
189
189
194
221
190
230
219
189
199
190
189
189
189
190
260
209
220
181
191
189
239
189
190
211
189
219
189
321
186
240
269
230
200
209
248
181
197
190
197
191
269
190
188
211
190
186
189
208
190
217
212
270
190
200
218
281
200
188
191
202
189
300
181
211
239
190
189
181
270
201
238
188
240
197
187
218
184
231
189
200
188
230
200
249
189
199
269
189
200
220
189
189
190
198
200
210
188
330
181
231
199
188
270
189
191
251
188
209
250
189
259
230
189
189
187
190
240
189
199
206
271
289
199
200
239
191
190
310
190
189
261
190
200
189
181
188
201
188
190
220
189
201
209
220
197
189
320
199
199
198
259
190
185
209
311
439
181
209
190
190
351
188
189
218
229
189
210
189
230
187
219
190
231
188
188
190
187
208
350
189
190
289
209
190
280
229
190
229
210
228
190
181
320
190
260
208
185
199
189
189
191
291
222
201
221
187
190
239
190
211
220
183
241
181
190
190
249
188
230
209
260
220
289
182
220
209
269
190
191
199
221
190
182
187
205
188
189
188
189
223
190
189
190
189
199
200
190
185
438
240
189
279
199
191
249
209
190
181
373
189
201
200
181
200
190
189
190
191
200
239
250
238
190
200
298
187
218
270
201
208
250
188
188
310
228
181
411
201
189
308
181
190
241
181
193
190
211
190
181
278
188
189
260
189
200
201
189
189
188
199
191
230
199
199
192
250
181
310
290
199
250
190
330
290
259
187
328
188
214
337
190
199
390
189
198
196
181
201
238
231
219
242
189
181
189
331
190
190
240
211
190
260
299
191
229
270
360
256
181
181
190
190
199
212
189
181
269
190
191
199
250
189
181
199
209
230
188
189
219
209
218
190
241
181
200
230
189
250
181
219
220
181
200
190
219
261
185
189
181
188
250
188
187
190
220
208
190
181
188
219
231
190
209
231
249
191
200
190
210
200
236
198
189
189
189
250
209
201
242
200
189
249
189
280
238
209
340
199
191
187
289
220
197
220
279
190
188
188
240
218
280
209
188
209
239
190
188
208
190
189
199
189
189
189
300
209
187
190
209
199
188
211
191
211
360
182
289
300
189
209
191
209
201
529
221
271
191
190
188
300
210
190
220
329
190
220
219
181
186
188
291
190
199
189
211
339
188
190
181
190
181
181
279
200
190
290
188
410
188
189
189
220
199
292
250
190
189
299
188
230
201
228
189
271
181
189
190
189
190
199
200
201
189
190
189
237
190
249
210
190
250
229
319
189
189
199
302
250
189
200
209
189
229
211
360
189
190
181
199
200
188
199
183
200
320
181
210
189
181
218
190
279
190
291
227
200
207
550
190
291
199
190
261
181
199
189
209
328
188
190
299
237
189
210
190
188
189
199
231
189
219
238
229
270
182
219
259
250
299
389
209
209
199
199
190
189
500
191
190
201
187
189
189
189
311
199
199
188
190
199
198
189
189
190
191
189
218
207
209
209
230
219
209
190
189
189
189
240
220
199
199
211
181
271
300
209
188
280
190
200
188
201
227
198
189
298
199
230
211
200
199
190
210
201
189
199
210
199
270
200
209
189
199
191
194
201
188
189
189
229
188
290
188
188
260
208
190
187
189
240
191
189
186
199
199
350
189
210
191
198
200
199
210
190
186
189
369
219
189
189
190
250
198
199
201
191
190
190
188
188
195
188
190
238
200
190
260
201
200
189
190
259
289
199
190
190
230
199
260
199
189
191
189
191
239
188
188
270
199
189
270
220
181
190
198
198
189
190
201
259
211
188
260
220
190
190
250
219
190
181
198
220
188
190
198
200
291
187
187
219
189
199
188
241
190
189
202
250
330
249
189
231
190
210
208
219
188
250
188
200
189
219
199
200
189
188
190
230
190
182
201
220
230
209
188
249
190
199
199
202
209
189
210
183
230
248
200
200
200
209
199
189
231
189
181
190
188
279
201
191
189
210
188
190
250
190
181
200
289
189
189
230
239
220
185
186
182
330
230
182
189
190
189
196
213
270
189
188
190
419
189
182
229
186
189
189
220
250
181
190
349
189
198
209
248
231
181
260
189
199
226
190
198
190
199
189
189
220
210
192
241
221
281
260
196
250
199
200
229
191
189
188
220
209
239
192
220
190
200
349
200
181
190
190
251
189
219
189
291
220
232
190
318
329
191
351
408
291
245
269
230
210
238
199
181
230
192
199
189
239
210
318
199
189
190
489
580
260
505
646
302
440
791
381
301
331
330
349
361
190
199
181
210
199
189
298
189
204
188
187
249
189
200
227
200
300
189
209
189
199
184
309
216
191
277
240
188
240
181
389
228
230
199
208
199
181
190
199
189
199
181
188
209
196
258
250
202
260
200
201
221
200
210
190
199
189
209
198
239
188
200
189
187
209
269
189
291
200
186
191
189
198
221
320
182
199
231
190
188
200
195
181
190
190
250
200
199
228
210
181
240
189
189
188
189
189
189
190
199
190
189
188
188
260
199
184
208
198
181
200
199
209
198
199
187
199
229
182
309
199
188
201
220
191
220
249
181
197
181
212
190
210
190
200
199
198
197
219
197
261
188
217
299
199
190
190
190
182
234
196
185
368
199
409
198
190
224
190
209
197
190
205
189
201
181
181
181
200
260
189
209
240
181
189
299
289
189
181
578
190
240
210
181
198
190
189
231
181
190
190
190
219
199
219
190
221
189
189
181
181
289
259
189
188
188
189
198
199
189
210
198
189
198
189
201
220
189
188
190
181
290
199
211
410
198
213
211
188
188
211
199
282
189
291
249
199
218
208
201
280
210
210
190
198
260
199
239
200
188
190
290
201
250
239
189
229
369
199
199
261
198
223
181
249
201
190
219
211
181
181
198
300
191
188
200
199
189
208
196
239
189
181
216
240
189
218
189
190
200
241
195
190
198
188
191
190
201
190
188
189
189
308
189
218
190
199
219
189
197
196
279
330
188
188
189
188
218
187
249
229
188
190
189
229
191
196
241
230
188
199
191
219
199
200
197
209
187
190
250
200
331
181
232
200
193
189
184
189
201
238
190
187
275
198
217
198
190
256
189
212
230
221
197
200
319
309
182
186
190
188
189
269
219
188
187
230
211
251
230
188
190
201
190
206
199
289
339
198
183
208
181
209
348
199
181
203
210
212
189
200
200
183
289
190
210
188
190
282
182
199
188
181
220
199
189
190
218
199
189
183
186
188
340
218
199
190
190
200
219
181
260
271
289
189
181
228
219
330
269
208
198
190
187
186
208
207
196
181
190
181
191
187
190
238
191
189
198
199
190
288
209
187
188
190
239
187
183
229
199
210
190
190
189
240
182
190
199
190
199
198
269
208
301
189
239
188
181
201
199
200
189
210
209
200
187
189
200
189
194
263
207
188
209
189
208
329
190
209
200
190
190
189
240
188
211
221
190
199
217
220
188
199
221
200
249
202
280
188
199
189
190
189
221
189
200
289
231
198
209
190
229
189
208
205
220
198
189
260
281
190
181
199
200
279
278
187
190
270
198
202
189
187
218
190
201
269
321
190
199
238
184
200
189
191
190
190
189
191
229
184
391
188
199
189
301
209
190
198
200
218
199
190
192
269
192
201
239
199
221
348
191
187
219
190
210
189
207
181
181
279
219
239
189
229
191
189
190
188
198
217
240
220
299
200
191
209
198
188
188
190
249
230
181
199
220
200
220
189
189
199
199
240
218
189
190
206
190
199
190
181
201
182
198
189
221
210
199
188
230
210
210
190
188
219
184
233
189
188
190
239
190
201
219
218
349
199
188
185
250
187
251
210
198
201
189
229
189
188
240
220
182
200
189
239
182
184
239
190
190
209
189
200
188
181
230
189
181
199
250
230
198
188
189
199
209
189
209
194
189
181
189
209
239
300
280
197
189
189
189
240
239
199
181
182
198
189
190
187
330
219
190
190
209
200
189
190
200
181
188
280
238
211
238
189
270
181
189
240
188
189
181
201
189
190
239
281
230
190
201
209
189
208
199
240
186
241
197
200
189
189
199
235
189
189
190
199
198
188
198
208
191
189
200
189
189
210
199
187
190
207
188
200
189
190
192
350
280
200
189
189
231
201
190
200
200
210
189
201
279
181
239
300
210
182
188
188
239
459
181
219
240
267
188
189
186
199
230
188
228
241
199
317
189
270
317
189
181
249
279
189
189
190
315
197
190
229
182
278
181
209
291
190
181
190
190
219
219
269
199
199
181
220
209
189
199
190
289
181
239
199
198
200
231
187
210
201
188
189
187
188
190
190
191
210
219
199
191
182
271
189
210
182
190
188
200
280
181
201
470
209
188
190
212
200
198
310
200
301
230
188
189
190
189
230
250
279
200
181
184
190
289
193
251
240
200
230
230
210
181
185
201
199
219
209
181
229
191
199
300
189
198
189
187
199
230
329
200
198
218
188
189
230
259
189
200
209
191
181
189
201
205
228
189
199
199
212
181
189
183
209
189
189
198
190
238
198
191
189
189
182
203
190
198
187
190
233
219
189
199
199
181
210
290
228
181
236
188
232
189
198
304
217
190
300
181
232
261
192
188
189
187
240
209
210
181
198
259
199
259
247
201
239
191
191
198
181
181
289
289
200
288
231
190
189
181
189
188
277
210
190
199
249
219
219
208
282
218
189
210
190
238
252
199
238
200
229
193
191
209
239
218
187
278
186
190
188
218
200
188
181
188
199
188
199
200
230
259
200
189
230
190
319
320
201
229
218
191
209
189
200
199
252
190
281
190
269
359
240
189
189
190
188
188
200
189
190
189
189
198
269
259
199
189
239
230
188
239
250
189
188
212
181
190
200
219
191
228
181
181
207
182
187
309
191
230
261
189
219
249
185
189
209
240
268
200
188
207
190
189
240
340
181
240
199
189
190
188
290
210
200
190
189
199
260
198
199
190
229
209
223
189
248
181
189
250
206
219
188
202
188
199
227
210
188
189
209
191
201
220
238
208
260
210
240
210
197
191
227
191
185
181
250
195
249
190
228
247
248
190
199
188
197
199
188
200
188
248
309
187
309
227
200
190
212
181
188
199
207
191
190
287
198
287
249
360
199
191
189
188
209
189
230
190
229
209
209
231
181
201
199
198
250
191
199
230
190
239
189
260
196
189
189
200
189
187
209
190
209
250
202
189
210
240
198
218
251
210
220
209
198
210
707
196
181
190
318
190
220
197
209
199
189
190
189
220
189
187
190
181
290
204
190
200
189
260
199
208
259
189
249
249
190
189
269
190
191
185
189
189
200
186
289
207
440
187
199
219
467
261
189
198
199
241
236
189
199
188
188
188
181
189
281
219
200
188
208
259
349
199
209
189
188
370
218
210
228
191
231
189
189
200
189
320
199
270
210
230
189
209
199
189
200
181
181
198
240
1140
184
187
198
230
188
230
189
250
270
200
201
210
229
200
210
189
188
229
240
189
279
208
188
228
189
188
190
249
190
240
200
330
181
217
209
209
189
187
185
194
199
221
199
190
198
211
182
249
190
210
218
250
311
210
186
341
238
200
189
190
209
330
429
200
190
200
199
349
189
260
190
198
238
201
189
281
182
200
189
189
200
350
190
220
200
206
191
190
197
260
242
190
210
188
271
199
340
210
190
197
250
198
190
199
220
188
251
199
200
220
210
190
189
247
191
181
220
181
200
190
190
212
200
190
189
220
189
250
197
252
258
189
249
199
199
260
198
270
200
188
220
181
190
250
209
240
218
230
269
182
189
229
199
190
198
191
181
209
184
210
301
329
181
320
200
200
181
181
209
181
211
190
190
220
189
189
190
271
188
189
199
190
231
191
190
191
194
181
237
277
210
190
188
260
189
210
199
200
189
199
228
199
188
192
181
211
259
239
232
199
230
188
699
270
218
241
220
220
181
199
199
188
200
181
188
289
219
360
191
359
209
210
250
229
188
241
189
241
206
200
190
196
188
199
200
499
238
200
187
191
260
209
259
240
189
190
200
181
261
199
189
198
221
231
189
190
281
197
208
209
182
189
203
189
181
189
188
260
281
209
181
190
190
199
341
181
217
210