58
90.
101.
120.
188.
108
1111
200
191
253
200
239
200
199
211
200
190
210
259
201
280
261
200
260
270
259
291
209
201
200
228
351
230
190
200
210
189
200
191
190
191
290
210
281
220
329
192
189
290
1079
219
200
209
230
280
231
210
190
200
190
220
190
200
330
200
270
190
203
199
260
201
189
228
260
249
270
1120
249
280
360
189
261
260
189
220
189
189
221
251
219
190
190
210
189
230
190
190
360
290
201
280
230
220
370
300
218
210
320
330
245
369
320
220
191
209
201
191
196
206
261
199
209
229
210
261
211
222
289
341
210
320
281
190
201
290
320
300
200
219
239
200
251
250
199
279
319
251
190
199
190
211
231
241
220
250
199
229
189
249
190
200
230
209
271
189
218
191
261
299
189
229
279
270
261
199
190
198
189
239
209
210
261
220
199
230
190
219
210
198
299
189
190
190
221
189
240
271
189
190
210
199
310
191
199
230
260
298
189
350
189
189
190
229
190
239
190
271
210
199
198
190
230
270
267
189
301
200
251
260
250
240
201
260
331
260
320
238
281
189
200
208
240
190
361
191
189
198
209
211
229
199
269
219
199
190
189
289
210
249
200
320
229
189
198
211
370
229
210
359
460
300
230
199
226
231
209
190
190
199
229
229
191
190
229
329
291
229
189
191
219
191
190
190
190
291
280
219
209
190
209
210
200
219
191
218
198
197
240
201
219
240
250
219
210
189
359
210
200
189
189
252
240
189
210
220
261
249
239
260
189
276
190
239
199
230
209
209
270
299
200
201
189
251
190
271
229
230
209
190
199
229
301
190
308
190
190
200
190
280
209
190
410
189
189
280
209
200
199
421
330
271
219
290
210
189
189
190
280
222
189
189
189
220
241
219
321
221
190
211
192
229
210
241
271
280
189
189
218
230
271
210
259
189
198
302
210
190
189
240
199
190
221
239
190
209
290
189
190
279
189
279
349
189
221
198
229
230
281
190
321
198
280
231
229
289
189
241
258
250
191
190
229
221
240
221
283
200
249
268
211
227
211
310
270
199
219
259
190
289
209
230
241
191
229
220
199
241
199
200
189
280
198
268
249
189
200
189
210
210
232
210
198
196
200
240
190
240
189
199
200
240
212
190
208
191
281
230
197
261
249
189
190
196
189
198
330
201
191
220
200
210
190
230
201
201
270
189
190
200
220
251
191
191
210
192
201
201
210
189
199
202
190
199
201
290
330
190
230
240
269
219
200
209
191
268
200
200
199
221
208
189
228
259
239
189
190
197
189
229
210
330
200
190
251
209
240
191
189
230
199
189
199
201
190
200
290
290
190
270
240
200
230
220
261
301
190
210
209
230
210
221
191
259
190
199
189
250
311
210
312
231
191
249
190
202
259
191
300
190
193
251
249
189
189
231
229
260
201
190
229
194
191
239
201
220
189
191
320
209
317
202
240
199
219
240
288
190
240
257
189
231
189
410
220
198
202
197
190
191
241
199
199
189
191
189
220
190
331
278
240
249
286
210
220
271
198
200
259
191
238
220
189
420
190
230
211
270
278
260
269
270
191
189
320
200
198
221
190
260
190
191
200
190
239
289
251
290
201
230
250
191
249
198
259
288
199
259
209
220
223
239
190
220
189
200
215
190
239
291
221
220
280
329
198
319
219
270
241
230
189
199
257
338
240
189
270
241
190
270
250
190
211
198
299
231
201
199
280
239
278
189
190
189
319
200
190
209
189
290
220
192
269
190
280
190
299
200
250
269
330
221
200
190
239
241
222
280
200
190
190
200
241
199
270
220
199
351
200
190
289
271
272
228
209
191
210
209
189
194
199
210
189
229
221
273
189
210
189
199
199
211
309
190
242
190
260
189
219
200
200
240
200
199
190
240
220
210
260
199
320
199
290
191
300
241
209
210
189
200
189
259
239
191
243
189
220
251
191
280
190
271
379
190
299
190
210
190
239
201
219
211
190
200
201
220
210
220
210
237
190
189
321
198
209
200
280
230
241
190
200
379
198
381
221
209
290
191
609
209
201
281
260
410
260
199
280
240
200
270
230
271
262
210
231
211
320
240
209
201
250
199
340
211
311
198
189
189
199
222
200
221
190
271
193
200
191
191
220
200
329
189
191
189
199
189
400
190
209
309
259
189
219
191
240
270
190
199
248
231
241
300
189
311
249
189
260
208
218
270
199
289
209
240
208
189
209
250
201
240
221
218
220
200
269
228
360
200
201
300
199
220
196
231
189
272
189
280
209
190
231
311
198
199
212
189
208
201
218
198
189
261
189
290
210
250
189
189
189
190
209
189
189
300
280
189
211
260
270
209
229
189
210
251
230
199
189
270
219
211
220
238
225
189
289
190
240
290
262
190
199
189
189
269
200
250
190
230
199
250
271
259
200
191
260
208
300
200
190
249
210
379
239
189
261
189
261
239
231
209
189
299
198
189
220
192
259
260
211
200
190
268
230
240
189
249
211
190
211
212
281
289
290
190
200
222
208
189
228
209
201
259
300
214
190
211
189
189
209
190
189
240
200
189
219
249
210
319
240
189
229
189
190
240
230
239
266
200
328
191
359
229
190
196
189
189
300
199
210
250
251
209
270
189
220
200
241
189
190
201
249
279
190
190
189
190
230
190
220
230
220
195
190
189
270
220
239
190
190
189
269
198
230
260
211
199
380
211
277
190
251
201
200
239
200
190
192
191
199
199
259
189
189
209
261
200
191
190
190
251
189
190
200
258
219
230
229
249
210
271
200
201
239
220
270
231
200
200
190
249
189
250
300
239
280
220
218
190
265
229
281
191
239
230
198
210
239
210
200
211
190
217
210
310
189
219
230
189
191
198
209
250
189
189
219
239
200
190
189
200
249
268
189
190
239
189
190
200
200
200
189
291
239
231
240
211
309
219
200
220
189
271
190
349
190
219
239
199
190
210
191
191
190
189
360
210
190
358
189
208
280
259
199
189
391
250
270
189
248
220
230
229
208
190
190
450
190
199
350
190
220
249
199
260
189
250
189
211
249
310
240
198
219
210
190
190
189
210
291
210
190
248
190
276
191
239
190
230
190
199
281
241
208
190
219
251
189
281
250
190
189
230
319
190
199
201
200
200
201
199
229
190
281
259
189
219
219
200
250
209
189
235
350
309
200
189
201
268
199
290
190
229
240
340
189
220
249
270
240
189
230
189
219
271
189
229
351
320
210
189
219
240
198
250
190
230
231
309
189
189
280
229
192
280
220
191
189
381
250
260
219
270
220
201
190
262
330
209
250
220
289
191
189
240
221
190
220
310
270
202
189
250
267
199
309
280
232
271
211
228
189
238
198
218
230
231
218
189
220
219
191
311
289
220
280
190
211
189
221
219
189
230
220
190
200
211
199
190
270
230
189
190
189
200
219
240
268
197
240
250
240
250
190
241
279
249
190
260
208
300
190
219
190
189
197
201
210
260
241
280
280
251
189
310
391
200
189
200
230
249
228
248
290
239
250
219
191
208
208
211
300
190
189
199
200
229
189
189
260
239
189
290
192
189
199
190
217
241
190
189
229
195
291
208
331
189
200
208
219
201
219
387
219
189
209
218
256
200
208
201
240
230
209
219
201
229
189
299
221
220
221
260
189
189
190
222
200
199
191
330
330
480
201
191
211
230
190
320
259
199
319
241
190
189
329
252
219
189
241
262
190
219
200
199
190
189
278
200
270
209
190
189
210
279
210
190
251
190
191
198
191
242
201
190
190
237
210
199
201
189
240
216
190
212
230
229
248
189
239
200
189
199
210
231
291
220
230
189
280
209
219
219
198
240
198
241
201
230
250
237
211
189
191
190
260
189
271
241
219
229
189
200
199
259
239
220
310
240
230
309
210
239
271
200
228
211
269
199
200
202
210
360
271
193
210
189
190
209
190
291
259
220
291
198
189
190
200
189
197
251
230
209
190
191
199
201
321
220
190
307
270
189
199
251
332
379
199
202
200
189
230
209
219
259
240
331
232
251
249
210
199
210
199
190
230
232
291
230
220
260
230
261
239
250
230
241
199
221
248
250
190
211
199
210
250
227
300
251
230
241
218
211
229
270
230
260
250
239
270
239
319
250
191
347
310
301
210
290
221
233
250
190
242
231
259
268
198
319
191
278
221
280
289
280
241
269
261
281
280
210
220
201
230
260
300
220
200
260
219
242
201
409
221
248
200
300
250
191
447
281
310
219
281
230
500
391
220
281
201
250
221
218
230
274
328
210
270
259
250
221
238
280
210
240
259
232
240
250
212
229
249
500
348
298
231
250
279
191
199
260
190
229
290
239
218
191
189
219
202
311
191
260
220
192
197
240
250
230
190
199
289
189
189
290
231
219
199
239
280
281
239
257
270
189
191
189
228
290
238
311
200
190
320
241
230
189
290
189
190
210
198
270
197
189
191
251
199
190
200
199
199
259
230
189
189
211
290
190
198
190
200
200
210
260
199
209
210
198
189
199
202
219
230
190
200
190
230
269
250
200
190
210
191
219
190
210
201
208
328
209
199
250
189
189
289
200
259
239
201
391
320
220
207
200
250
209
230
1080
220
190
209
311
219
220
189
210
240
200
210
190
197
270
240
200
240
220
197
189
199
190
238
208
189
220
190
260
221
191
1070
290
338
189
200
361
238
291
190
341
190
300
189
231
219
249
199
200
230
190
211
200
189
288
339
280
200
359
190
280
311
219
280
318
320
189
239
199
189
229
231
210
199
189
190
209
301
189
191
220
189
330
308
210
331
310
291
231
271
198
309
221
281
270
241
203
198
310
309
299
211
251
190
260
197
239
190
189
209
229
198
209
419
259
240
199
200
251
199
269
330
229
259
249
269
200
262
230
228
288
201
211
270
199
190
190
239
221
190
190
271
189
190
327
306
189
199
230
220
210
189
190
220
201
189
240
218
209
200
189
229
200
189
200
199
290
190
219
192
200
319
209
199
204
271
200
249
249
209
260
242
200
190
200
224
240
221
190
260
199
250
189
240
260
220
200
259
320
350
211
300
201
221
211
190
260
209
199
190
190
210
230
220
189
201
199
241
331
190
198
221
201
311
210
219
189
270
189
220
269
581
200
190
210
210
209
201
189
270
220
199
240
280
220
400
190
230
220
250
230
189
190
280
249
198
212
200
191
190
190
229
189
230
210
190
320
192
311
270
249
189
192
220
190
200
211
210
219
209
189
200
250
261
217
200
209
192
260
261
240
251
192
229
238
248
199
190
211
250
252
209
230
289
189
291
200
189
219
220
269
220
221
200
240
190
197
249
220
206
291
249
220
189
373
197
189
271
209
229
194
190
268
200
441
300
190
289
200
189
249
189
191
270
190
189
291
190
208
200
190
240
191
351
290
239
191
208
189
241
209
190
190
230
290
249
300
200
230
259
190
189
302
209
221
279
189
200
200
192
190
210
200
321
200
258
200
250
250
199
249
209
320
189
190
209
190
299
210
220
189
229
189
199
220
211
240
190
209
239
190
199
189
230
190
249
189
210
248
189
228
219
189
208
270
320
198
189
230
208
189
280
199
270
269
191
201
230
221
290
240
219
210
249
189
191
270
201
190
190
219
219
190
289
191
220
202
190
189
288
190
196
220
240
201
209
189
331
220
239
200
200
211
210
229
201
290
240
202
199
190
219
300
192
221
191
192
200
201
190
229
202
199
191
217
190
199
191
218
210
210
249
190
208
219
369
281
190
199
280
269
189
226
198
210
280
210
197
230
217
221
231
208
330
201
199
190
189
198
299
200
289
189
190
271
211
309
191
228
199
210
331
230
268
249
269
239
200
290
289
292
190
190
200
281
210
189
219
189
241
211
190
288
259
312
211
330
189
210
259
203
190
231
199
189
290
220
199
239
220
220
200
280
190
189
199
189
261
200
192
340
189
190
189
230
211
319
310
218
189
219
189
259
190
252
191
270
277
189
219
231
299
231
189
477
250
199
211
239
270
211
209
191
200
208
211
250
330
218
199
200
200
259
320
230
200
210
261
239
350
201
221
259
200
231
191
220
211
250
340
219
310
210
250
240
258
190
201
191
209
249
190
286
189
191
189
210
219
189
201
190
197
210
559
290
190
191
260
191
259
289
212
279
230
192
200
191
219
191
281
208
199
250
260
210
320
250
199
280
200
190
310
190
201
189
220
189
249
277
271
259
218
201
189
192
190
321
189
240
311
370
289
231
190
189
200
190
211
229
191
250
208
209
190
209
210
220
221
189
370
207
239
209
191
281
190
189
318
196
350
189
190
189
190
249
202
197
329
230
230
198
209
189
189
250
190
239
248
189
189
230
230
202
200
206
209
209
200
300
211
190
200
260
201
189
189
280
308
250
229
332
189
220
189
189
190
211
190
198
229
210
230
201
191
201
189
200
189
279
189
451
272
199
189
209
190
190
229
280
209
230
260
200
230
260
189
201
189
269
359
199
189
341
201
420
190
319
429
211
200
239
270
249
191
430
190
270
220
230
190
190
229
189
190
190
201
250
198
209
254
319
300
189
231
219
238
250
299
189
210
239
349
220
197
189
209
209
210
199
190
390
189
380
208
218
229
268
231
190
319
247
270
250
189
199
249
319
360
250
291
190
219
260
331
189
221
190
219
190
258
189
200
190
210
189
279
189
219
239
229
301
270
189
209
261
200
240
239
261
240
200
219
219
210
202
191
437
189
189
230
201
269
189
260
220
199
189
191
199
210
230
191
196
202
189
227
189
189
190
229
210
220
189
209
189
198
189
189
240
191
191
190
191
209
270
198
191
239
189
230
190
208
191
240
210
208
219
240
190
201
190
270
260
241
189
230
200
197
239
350
190
210
317
238
189
260
199
198
299
209
220
199
210
219
190
269
300
290
189
209
322
198
201
201
210
369
259
190
251
410
309
220
210
199
220
200
210
202
238
239
200
299
190
189
280
199
189
189
199
230
210
199
270
219
219
220
190
190
300
192
279
240
201
202
260
200
210
270
189
208
208
197
190
190
219
189
190
291
219
192
199
190
211
242
227
210
200
360
210
372
198
190
190
289
270
189
220
290
290
199
189
197
229
189
190
210
189
310
239
310
340
230
190
240
199
200
190
189
220
211
289
220
200
200
189
189
189
189
269
190
209
231
190
210
189
260
189
189
198
222
189
220
230
340
190
268
243
190
191
240
290
189
209
200
200
201
189
299
228
229
198
190
199
310
241
300
200
189
189
210
189
190
209
200
192
240
258
209
230
218
212
191
231
200
190
190
249
190
239
230
259
289
250
199
210
201
190
280
202
191
234
212
189
189
210
200
250
271
228
200
219
200
190
219
230
271
196
200
200
190
200
210
250
280
190
279
220
219
190
199
197
200
200
251
220
310
411
191
190
200
260
189
200
201
239
220
249
210
208
199
200
190
200
189
290
231
190
261
339
192
190
200
189
199
230
270
190
238
408
210
200
272
189
221
260
198
200
259
220
199
189
200
220
200
190
219
200
190
249
221
211
189
200
250
260
269
189
189
299
197
209
280
198
200
229
190
330
190
190
271
269
220
241
197
210
209
189
210
198
189
228
198
208
219
189
198
191
190
190
270
210
199
219
219
212
190
209
190
270
259
210
200
199
190
199
215
189
189
209
249
191
190
210
189
250
252
210
310
280
298
200
220
210
199
220
218
196
220
190
219
260
319
209
192
312
219
279
300
199
310
189
261
229
280
269
199
189
271
189
261
291
1099
228
190
189
250
198
290
190
200
210
369
211
189
220
200
310
247
230
330
200
311
209
248
260
201
199
252
261
211
189
279
190
290
390
192
245
189
209
199
260
189
230
221
269
191
261
210
190
280
260
190
220
240
270
190
220
220
211
200
220
221
200
221
210
189
230
199
198
280
200
269
220
229
220
189
190
270
239
260
219
270
200
189
230
190
189
190
190
280
198
270
230
189
210
290
230
199
210
221
309
238
210
198
190
337
339
230
190
239
189
190
239
241
230
259
190
251
311
300
300
230
191
240
200
240
210
251
271
210
190
189
232
231
270
238
270
241
231
230
191
190
292
198
248
199
199
211
198
218
210
240
250
190
259
271
230
229
219
198
191
190
290
220
189
241
209
230
238
349
191
190
210
209
190
199
222
390
190
249
219
251
310
189
239
310
200
300
198
189
351
241
190
260
270
191
251
259
190
190
208
249
190
190
242
190
340
240
200
250
299
229
290
249
201
190
189
189
340
322
242
209
189
249
189
189
230
241
260
191
190
190
279
201
271
240
211
210
189
229
199
189
231
292
250
199
250
190
260
200
190
258
189
200
249
291
241
209
269
221
220
200
200
250
210
271
279
270
190
209
270
190
220
202
209
231
199
190
250
189
211
330
231
199
230
230
218
219
200
191
253
211
380
209
190
230
190
191
250
210
210
210
190
209
191
240
230
197
190
200
249
200
198
189
270
229
200
190
189
329
240
199
200
199
271
321
390
220
242
209
189
218
213
204
271
271
191
239
199
200
371
240
260
210
218
191
220
240
239
231
218
202
300
241
199
281
260
240
272
199
242
329
191
200
200
219
261
260
191
229
228
240
240
370
220
270
200
330
221
221
329
200
319
190
202
210
189
260
261
201
259
300
270
202
218
319
270
209
201
239
239
361
209
209
230
230
240
271
231
211
209
230
260
232
279
192
231
250
350
290
240
200
230
229
270
259
220
240
331
213
239
199
280
239
311
198
259
240
228
199
280
250
190
271
200
200
310
271
230
279
201
211
230
311
260
262
261
279
231
231
359
261
309
190
230
221
238
369
260
271
261
229
349
280
192
211
290
250
239
189
209
201
289
189
262
300
279
191
200
249
210
200
200
199
219
190
208
210
230
209
320
189
201
220
190
197
320
198
289
210
199
190
199
189
191
189
189
219
191
190
190
199
199
220
221
249
189
243
189
230
311
260
330
189
250
189
239
199
190
270
189
338
209
189
300
226
190
251
189
259
200
190
280
237
190
239
200
280
198
279
310
290
219
229
211
351
189
209
360
209
200
200
210
191
209
299
210
241
270
270
189
209
260
209
250
190
199
260
218
260
211
192
319
199
260
264
189
231
239
190
228
351
250
261
240
190
220
189
221
230
340
420
211
190
199
260
269
210
221
199
1121
219
211
300
197
211
220
230
210
200
220
210
190
299
220
211
200
191
223
230
200
200
210
210
259
279
270
240
209
250
210
189
201
190
230
269
199
251
849
333
192
220
290
270
410
189
211
190
299
294
268
190
270
191
231
189
288
370
249
308
411
350
329
329
298
360
261
300
190
200
230
192
230
191
229
230
319
251
311
200
239
250
259
281
331
281
257
219
198
219
200
220
201
211
250
418
210
219
210
359
220
221
220
270
211
220
220
251
197
209
219
189
229
210
201
189
300
219
281
219
199
197
198
321
200
240
200
189
197
269
199
190
199
190
191
278
190
280
189
209
210
208
209
199
199
198
208
189
499
191
258
245
349
189
219
200
189
261
252
220
191
219
219
198
189
231
400
229
208
279
231
189
360
189
190
330
230
299
281
240
250
199
209
249
259
210
291
269
397
240
199
210
269
189
220
189
209
209
230
236
199
192
189
220
280
265
189
280
208
209
189
249
289
210
200
222
230
260
191
301
200
200
190
300
260
560
189
202
241
228
199
230
230
221
190
210
240
220
212
249
189
209
230
359
270
230
289
200
189
300
211
190
250
206
190
190
259
270
190
210
241
201
269
191
250
201
219
292
239
260
220
221
190
200
281
249
189
191
209
360
190
191
306
220
240
250
277
199
209
301
200
250
211
227
280
190
189
300
219
409
189
199
331
190
259
189
261
211
202
210
371
239
230
219
189
189
189
309
280
208
289
290
270
219
190
209
221
199
400
351
229
290
289
200
280
191
189
200
250
208
291
250
200
289
197
190
268
240
360
263
209
199
250
190
211
229
190
209
208
260
249
260
261
249
250
219
210
229
279
291
199
360
189
190
230
220
190
191
219
259
210
211
200
210
191
249
210
210
189
190
228
229
191
280
240
189
200
251
209
320
200
289
189
190
301
229
200
338
207
269
242
189
239
211
189
190
189
210
191
280
190
191
197
189
239
229
203
189
270
299
189
201
279
189
190
210
220
190
219
269
319
211
201
189
210
189
331
210
210
249
231
199
219
210
209
190
210
190
208
230
190
240
201
202
239
209
250
190
200
198
239
291
211
190
259
210
260
339
257
198
200
219
209
270
239
390
247
341
189
260
189
191
209
241
238
270
250
200
219
208
210
210
211
360
189
209
360
300
208
260
210
330
189
200
200
239
191
320
189
192
219
240
239
250
189
189
201
191
249
210
189
298
211
204
211
260
249
189
199
229
230
190
218
200
219
210
239
229
189
200
209
261
190
221
198
229
240
192
319
260
200
211
300
219
280
228
199
191
189
241
199
229
240
229
261
299
211
200
189
231
209
210
210
289
199
199
200
209
240
198
239
309
200
189
210
239
190
209
259
259
190
321
239
198
219
189
259
241
209
190
220
209
190
248
199
229
280
189
210
189
260
200
209
220
272
219
200
200
220
212
300
199
235
209
290
190
269
279
201
269
260
240
240
191
210
230
202
260
190
220
300
191
191
290
190
311
209
229
216
218
189
209
238
220
280
198
230
208
290
199
289
364
281
189
220
189
209
200
210
190
200
190
190
190
246
229
241
190
290
189
229
209
231
190
229
195
190
270
220
200
190
190
280
199
278
219
192
241
328
239
211
251
191
230
260
189
219
271
199
290
209
200
208
240
210
298
189
368
190
261
189
189
190
230
189
211
209
209
199
199
190
262
251
210
201
191
189
258
218
191
249
209
260
189
201
219
199
189
261
231
190
190
219
260
189
270
189
300
200
208
189
209
310
319
191
281
219
190
190
229
229
189
190
190
320
221
229
439
189
239
259
210
241
259
190
219
200
191
321
210
211
200
190
271
310
190
200
211
250
359
250
329
199
360
189
199
270
410
208
198
200
203
269
240
189
190
189
190
191
249
210
259
218
190
241
281
210
240
281
219
190
252
288
251
280
220
260
300
208
189
200
237
209
199
200
200
208
280
189
229
209
199
190
350
190
370
191
208
197
189
190
349
240
211
279
220
190
229
210
249
229
241
191
208
320
189
200
260
309
189
197
390
249
190
250
199
220
189
191
250
271
209
330
310
260
260
311
270
221
222
191
191
221
269
279
222
270
251
249
239
240
221
199
199
201
211
229
399
190
210
200
279
221
189
261
262
191
202
211
190
271
230
220
200
192
231
239
189
210
200
189
219
221
280
200
190
260
190
240
200
290
189
189
231
279
320
200
299
210
209
240
331
190
200
200
192
228
198
199
198
297
190
268
259
280
191
370
270
190
380
230
221
410
268
249
240
268
189
201
210
198
230
189
279
290
190
201
189
210
220
200
209
209
190
190
189
199
189
239
269
251
249
210
199
189
257
249
321
286
259
190
189
209
199
197
330
281
200
351
270
211
197
209
211
199
419
217
360
190
189
245
230
198
211
279
260
331
199
232
310
308
300
189
248
210
189
261
200
240
249
210
199
249
190
219
250
279
201
190
195
230
209
210
190
199
230
277
201
210
280
202
290
220
319
220
238
190
260
200
211
329
199
199
319
231
199
189
271
190
431
189
200
190
200
198
189
190
201
207
238
190
209
199
210
230
230
250
220
219
189
219
290
260
279
200
200
270
194
220
190
239
219
209
189
219
229
241
260
200
200
241
190
189
240
229
209
219
200
259
230
250
220
190
199
198
271
190
230
210
239
201
189
198
239
220
219
210
189
199
220
271
231
209
199
190
240
199
200
200
289
308
220
259
189
229
280
189
189
240
320
270
250
200
270
189
252
289
201
291
190
270
220
219
279
200
189
399
320
219
200
370
279
219
240
230
190
200
189
379
310
200
199
191
242
230
190
231
239
239
219
207
210
210
191
218
260
189
199
200
200
282
281
229
230
190
199
249
189
210
200
211
190
289
201
239
189
209
189
190
212
251
189
199
260
200
260
319
200
230
209
209
227
228
281
271
240
299
210
270
221
350
331
210
281
200
329
209
209
189
278
231
210
309
199
210
249
190
190
259
220
211
210
200
290
259
189
200
190
232
229
229
288
189
222
240
299
279
192
211
209
240
240
260
201
198
221
190
229
270
201
199
200
290
261
190
200
281
190
249
199
202
260
251
201
221
197
420
199
219
200
231
239
219
190
189
310
189
210
631
290
289
190
371
230
190
248
208
189
190
249
190
199
210
202
221
251
301
261
229
190
251
280
199
250
299
199
237
210
199
228
231
301
261
191
190
189
260
207
251
230
210
229
189
261
239
280
280
300
350
230
210
270
240
190
190
271
219
211
301
206
270
261
190
189
261
201
190
189
230
270
260
231
240
189
210
290
200
217
200
191
312
219
207
240
218
189
189
200
191
191
189
248
210
220
209
220
202
209
210
208
229
220
200
239
270
191
217
360
369
190
209
190
310
189
200
200
310
268
230
319
211
239
191
189
230
220
251
221
250
211
251
200
211
200
277
211
229
270
199
190
210
289
331
260
259
230
189
210
201
220
200
281
239
201
190
198
192
210
299
209
270
189
269
191
260
230
340
250
321
280
191
189
200
198
264
300
249
240
190
219
190
229
210
251
200
230
209
230
249
190
231
196
219
211
219
210
250
241
261
259
198
231
190
220
190
200
189
301
189
208
197
310
210
220
412
191
219
200
220
191
340
270
239
259
231
190
190
210
189
200
197
236
219
209
250
321
221
209
231
211
280
230
280
199
210
269
189
210
239
289
268
210
259
270
201
242
599
250
201
229
230
261
400
411
201
290
250
231
259
241
255
190
250
219
250
259
300
241
219
251
261
251
220
778
210
272
999
258
212
220
371
539
311
218
261
300
190
281
311
250
342
250
199
300
192
231
259
301
259
270
326
271
369
240
270
310
200
280
239
220
221
200
309
342
250
249
259
190
240
232
270
289
259
231
202
309
219
250
262
290
239
269
291
251
378
240
259
229
220
231
270
238
337
241
299
260
991
191
250
310
218
240
228
361
280
190
266
240
231
284
210
306
220
190
198
370
230
219
193
208
202
211
270
209
310
198
207
201
358
260
250
261
210
212
250
201
198
350
202
199
281
198
200
289
210
310
199
190
201
270
198
191
251
189
191
189
189
219
190
277
220
189
199
259
260
190
279
271
219
269
218
271
330
189
310
230
300
190
199
191
199
260
190
189
190
249
189
379
220
190
200
191
269
189
201
189
259
329
219
199
220
210
200
229
350
200
190
219
230
211
200
301
260
270
230
229
200
198
239
290
210
229
220
191
321
209
199
290
260
323
211
190
231
240
190
260
191
198
240
200
1089
251
241
221
249
220
198
251
210
189
200
200
288
190
231
209
231
190
190
220
210
220
275
199
229
250
189
190
278
202
190
240
191
231
221
199
212
1050
190
319
210
229
189
200
260
320
221
189
189
189
220
210
219
201
380
350
240
189
269
309
450
200
250
270
221
310
331
289
207
258
341
230
199
210
190
258
231
231
301
229
260
249
249
311
310
310
311
361
288
291
260
241
199
198
349
269
260
200
200
240
189
260
248
279
219
251
260
239
189
200
239
189
219
259
252
230
189
218
191
211
260
189
201
269
290
200
260
199
240
209
220
269
239
190
230
240
270
211
211
200
279
199
190
199
218
200
249
191
200
359
199
319
189
200
251
230
210
199
190
197
279
189
233
220
189
282
220
200
190
239
230
229
199
271
240
211
210
199
229
292
339
229
200
208
267
190
299
278
229
199
189
189
238
189
219
199
200
190
328
320
190
260
210
190
230
362
191
189
189
259
231
199
209
290
200
218
189
209
203
380
270
269
201
230
189
198
209
208
239
196
200
190
280
190
197
280
210
210
479
198
261
300
189
249
230
239
249
210
198
192
319
272
209
270
340
289
269
249
250
200
251
281
218
259
219
199
200
209
210
229
189
228
189
200
230
250
390
239
228
200
200
229
197
189
239
239
190
241
210
220
221
189
198
190
190
221
210
260
220
211
239
281
229
301
190
195
189
209
300
208
199
270
229
190
309
190
198
189
230
247
257
210
210
259
219
189
239
421
320
190
262
210
240
219
199
210
191
280
210
240
190
190
239
219
199
230
292
291
189
190
190
189
250
200
189
189
270
199
190
209
189
241
309
249
190
262
200
190
200
228
240
190
240
200
200
249
189
250
210
280
191
190
270
250
248
189
220
258
256
221
230
193
239
198
201
191
220
199
210
191
189
239
250
206
197
209
247
248
221
209
269
259
229
280
190
229
200
211
248
218
231
250
190
199
289
189
210
190
200
220
338
251
240
260
221
200
229
197
219
198
249
219
271
191
221
218
259
197
189
270
200
196
290
189
310
201
218
200
220
189
241
189
190
220
230
190
270
210
360
269
291
191
200
249
309
312
240
208
209
259
209
199
191
220
200
190
210
219
218
239
209
211
201
199
189
218
191
222
201
250
229
229
230
250
219
189
212
189
199
189
200
190
320
220
240
321
250
270
191
270
219
199
231
239
229
189
209
269
190
192
240
190
320
219
199
270
190
209
410
262
242
350
342
190
209
240
250
209
311
191
260
209
200
249
192
189
219
234
310
209
199
218
252
190
189
200
190
208
210
240
239
189
280
190
211
255
190
242
309
337
255
190
189
190
230
298
239
201
370
189
190
250
191
220
191
228
191
278
240
190
189
240
221
191
189
251
211
261
218
199
209
239
198
331
190
220
250
220
190
190
211
189
211
270
191
209
189
229
189
190
198
209
209
189
199
230
198
250
209
192
203
270
191
210
189
230
280
239
289
230
191
200
271
230
200
219
269
249
209
198
310
205
192
240
258
209
250
220
270
190
210
240
348
250
280
210
199
189
211
260
250
189
221
211
249
289
189
240
190
218
200
220
189
267
241
249
284
249
259
209
290
330
201
204
200
198
260
189
201
211
248
189
189
210
190
249
299
200
260
251
270
190
190
200
216
191
199
190
199
220
280
209
219
259
189
231
189
191
211
196
228
220
241
221
201
198
190
220
200
220
190
200
209
189
201
210
320
238
189
211
199
259
228
190
252
290
199
189
313
429
200
211
221
218
200
190
209
220
189
190
190
230
191
189
202
220
220
190
311
209
221
226
199
320
207
190
240
299
210
220
190
200
189
229
218
199
290
189
200
219
219
198
199
190
400
379
189
190
221
190
531
241
189
289
400
310
271
230
199
269
190
191
271
238
249
229
230
191
259
270
199
319
250
189
200
249
310
189
301
239
190
190
220
351
189
219
311
308
209
280
199
200
189
351
200
270
211
189
369
229
340
199
199
253
220
258
231
219
259
221
189
221
221
239
280
219
199
290
211
479
281
277
291
189
239
199
207
200
211
200
229
269
200
260
250
200
191
189
238
390
240
197
301
220
270
300
231
204
199
250
279
219
220
197
270
291
216
219
199
198
189
210
209
190
269
211
190
270
309
272
239
190
330
189
189
210
189
240
199
380
220
201
230
199
219
271
250
200
259
201
200
198
281
191
205
211
198
208
230
189
198
238
200
189
260
200
199
200
189
190
191
190
248
231
220
189
190
219
190
190
198
211
221
189
208
200
291
328
189
289
199
231
190
389
279
201
195
190
261
219
189
219
270
198
199
262
200
239
190
269
199
199
253
299
199
240
249
209
201
299
226
270
241
200
190
207
240
190
189
279
212
351
209
199
191
271
189
230
189
211
190
200
302
198
198
250
189
190
208
199
199
191
207
230
290
209
311
199
220
200
205
270
195
190
259
239
200
201
319
199
196
189
299
209
262
231
200
378
199
240
209
210
190
209
211
269
189
200
199
200
250
200
195
240
210
220
190
289
201
208
199
230
270
190
190
201
247
189
258
191
251
289
209
189
189
199
189
196
208
197
200
189
189
200
209
210
302
189
249
208
230
280
189
190
209
249
350
310
191
191
199
210
196
198
190
230
260
239
191
259
219
189
260
261
189
200
200
250
220
249
198
189
189
309
200
271
199
209
260
189
229
190
290
200
260
199
189
190
190
190
196
190
189
248
280
193
189
191
199
189
190
208
190
269
210
200
210
199
200
209
190
189
190
228
189
231
210
360
210
320
249
189
210
259
301
207
211
245
189
291
189
190
200
189
280
199
230
209
260
190
189
198
260
291
200
189
210
197
240
189
240
189
260
261
300
370
1061
191
260
220
261
200
199
191
310
200
198
189
500
360
279
189
199
189
189
320
201
230
199
191
202
190
209
191
230
340
207
230
200
189
230
241
281
287
199
269
230
309
190
229
199
189
210
198
230
230
211
201
251
190
190
290
190
271
200
210
189
200
189
221
220
240
191
239
230
189
189
189
210
292
211
249
250
198
209
222
243
190
201
241
193
190
200
189
270
199
280
260
240
221
240
219
220
189
189
220
320
207
209
251
189
210
229
259
190
279
319
229
251
201
189
220
189
241
199
199
196
249
241
300
200
300
199
190
190
209
191
311
250
200
290
218
220
210
198
239
228
210
216
190
199
301
329
260
209
290
240
220
249
290
190
291
189
191
259
189
249
199
300
189
360
189
214
199
230
200
190
209
191
361
189
211
250
220
189
240
230
229
221
240
300
291
230
209
210
330
228
218
270
200
219
219
271
199
260
220
199
199
201
260
228
204
210
200
209
199
249
231
369
220
191
199
200
218
250
200
239
278
259
251
310
208
280
250
231
190
205
200
191
269
300
189
289
241
250
189
259
271
209
270
201
210
210
200
281
201
230
220
200
189
201
200
229
190
190
249
228
239
211
200
229
241
191
196
190
202
209
189
217
219
286
200
239
190
200
291
259
200
210
189
199
250
217
260
191
199
300
279
189
210
310
200
219
270
218
231
250
210
200
239
191
231
200
201
190
239
190
209
279
200
261
190
250
220
230
209
320
220
284
292
191
270
200
230
220
201
189
189
191
221
229
190
191
269
189
309
340
189
208
257
239
212
210
190
230
189
430
220
210
270
259
202
191
259
189
201
259
190
190
250
221
190
190
219
190
233
209
260
190
190
218
198
199
233
280
210
209
231
229
271
302
190
198
189
221
230
199
420
189
189
189
289
189
320
199
195
191
199
190
198
300
189
209
201
202
271
190
199
210
240
270
228
231
248
189
209
211
230
190
220
189
288
190
341
320
190
219
261
189
210
210
204
211
311
211
200
199
248
251
360
192
189
190
211
240
210
243
200
200
288
230
211
220
190
218
240
201
189
219
270
200
229
210
230
239
289
260
260
201
260
241
530
271
198
351
260
261
199
290
250
190
200
320
370
321
289
260
260
220
292
199
320
189
250
261
241
260
249
241
290
240
338
238
250
222
210
247
221
210
230
200
209
239
208
190
250
269
249
309
189
210
230
193
229
189
260
191
288
260
210
220
220
264
250
301
208
400
220
200
199
272
240
191
227
209
259
249
209
231
260
222
219
243
311
241
201
255
210
200
330
340
230
240
240
189
212
411
299
271
239
368
192
230
207
190
210
200
260
309
240
250
191
229
380
250
191
199
279
229
220
300
204
379
231
319
211
200
230
197
228
199
276
338
190
198
199
190
250
230
199
190
230
370
210
210
210
229
208
190
229
199
191
252
193
191
191
279
260
190
199
190
189
209
190
191
231
189
189
222
201
200
199
189
250
189
189
210
200
189
197
200
209
191
200
190
340
191
232
189
209
211
211
243
339
221
190
260
210
211
268
217
280
189
189
210
189
198
190
219
218
389
279